0.002CR-FITTED-67.5%
  QY = 67.55%
Labels,0,KONGBAI-2,
Type,Emission Scan,Emission Scan,
Comment,,,
Start,435.00,435.00,
Stop,830.100,830.100,
Step,0.300,0.300,
Fixed/Offset,445.00,445.00,
Xaxis,Wavelength,Wavelength,
Yaxis,Counts,Counts,
Scan Corr. by File,True,True,
Corr. by Ref. Det.,True,True,
Fixed/Offset Corr. by File,False,False,
Repeats,1,1,
Dwell Time,0.20,0.20,
Lamp,Xenon,Xenon,
Temp,0.00,0.00,
Scan Polariser,None,None,
Scan Slit,0.23999718,0.23999718,
Fixed/Offset Polariser,None,None,
Fixed/Offset Slit,2.10,2.10,
Detector,Det 1,Det 1,

435.00,2.72218585E+0,2.15805602E+0,
435.300,1.03191967E+1,2.70876980E+0,
435.600,5.97472477E+0,0.00000000E+0,
435.900,2.17426515E+0,6.50981665E+0,
436.200,3.81964588E+0,2.17301893E+0,
436.500,3.80069637E+0,1.63075447E+0,
436.800,1.20018969E+1,5.95742846E+0,
437.100,7.62102175E+0,5.43150568E+0,
437.400,9.81848812E+0,8.13079548E+0,
437.700,1.09420424E+1,8.17040539E+0,
438.00,1.36642256E+1,2.23524342E+1,
438.300,2.57692223E+1,2.82940178E+1,
438.600,2.85857601E+1,4.61784782E+1,
438.900,5.68711090E+1,6.65987320E+1,
439.200,7.46767197E+1,8.31531906E+1,
439.500,9.91373749E+1,1.13652908E+2,
439.800,1.23452606E+2,1.30521881E+2,
440.100,1.67248764E+2,1.96487732E+2,
440.400,1.98412003E+2,2.31915604E+2,
440.700,2.44760681E+2,2.73976166E+2,
441.00,2.99646423E+2,3.33794128E+2,
441.300,3.59587097E+2,4.19539673E+2,
441.600,4.18411285E+2,4.94908447E+2,
441.900,5.24214722E+2,5.30935181E+2,
442.200,6.06619751E+2,7.43472778E+2,
442.500,8.21120667E+2,8.76957153E+2,
442.800,1.07150049E+3,1.13779590E+3,
443.100,2.70659521E+3,2.74853125E+3,
443.400,9.52279102E+3,9.94922168E+3,
443.700,2.57332598E+4,2.84942637E+4,
444.00,4.89898438E+4,5.48570391E+4,
444.300,7.47793359E+4,8.45256406E+4,
444.600,9.92039219E+4,1.12360547E+5,
444.900,1.22953500E+5,1.40292203E+5,
445.200,1.41286766E+5,1.61939344E+5,
445.500,1.45747891E+5,1.67371484E+5,
445.800,1.35398891E+5,1.57342781E+5,
446.100,1.13320320E+5,1.31287094E+5,
446.400,9.01968828E+4,1.04067305E+5,
446.700,6.36718438E+4,7.47326719E+4,
447.00,3.92156953E+4,4.66258203E+4,
447.300,1.91113535E+4,2.32695684E+4,
447.600,5.77379883E+3,6.93103564E+3,
447.900,1.56416919E+3,1.89847229E+3,
448.200,8.95107300E+2,1.04551843E+3,
448.500,6.78832031E+2,8.00992004E+2,
448.800,5.68321899E+2,6.57676697E+2,
449.100,4.72172302E+2,5.36544373E+2,
449.400,3.92399658E+2,4.46254639E+2,
449.700,3.27554138E+2,3.99778473E+2,
450.00,2.75965973E+2,3.24326599E+2,
450.300,2.62678558E+2,3.15661713E+2,
450.600,2.31344055E+2,2.82758972E+2,
450.900,2.21686264E+2,2.36247345E+2,
451.200,1.96865753E+2,2.09562943E+2,
451.500,1.55560959E+2,1.73782547E+2,
451.800,1.16671158E+2,1.39011871E+2,
452.100,1.23294128E+2,1.30063812E+2,
452.400,1.05187729E+2,9.19569473E+1,
452.700,7.44749832E+1,9.33218079E+1,
453.00,6.32420006E+1,8.13153992E+1,
453.300,5.81793556E+1,6.02985764E+1,
453.600,3.56264572E+1,3.89443016E+1,
453.900,2.07963085E+1,2.91596127E+1,
454.200,2.14421616E+1,1.87322865E+1,
454.500,1.55193281E+1,2.26240673E+1,
454.800,2.25848217E+1,1.03205776E+1,
455.100,1.67246361E+1,1.99219894E+1,
455.400,2.06095562E+1,1.86342087E+1,
455.700,1.15650511E+1,1.85444412E+1,
456.00,1.91613255E+1,1.21018686E+1,
456.300,2.23778286E+1,2.16419563E+1,
456.600,8.91496849E+0,1.77999172E+1,
456.900,1.27052183E+1,1.51234293E+1,
457.200,1.58127136E+1,1.32458658E+1,
457.500,1.83278198E+1,1.57123928E+1,
457.800,8.13585377E+0,1.25151730E+1,
458.100,8.14056778E+0,1.61737480E+1,
458.400,1.24628191E+1,1.67763042E+1,
458.700,1.99152508E+1,1.80227833E+1,
459.00,1.80127106E+1,2.78591194E+1,
459.300,1.72956753E+1,2.45623264E+1,
459.600,1.47626600E+1,1.41995287E+1,
459.900,2.07764244E+1,2.01490688E+1,
460.200,1.70688610E+1,1.83273716E+1,
460.500,3.29184647E+1,1.82163181E+1,
460.800,1.81507912E+1,2.36227055E+1,
461.100,2.49076843E+1,1.80491734E+1,
461.400,2.35022202E+1,2.22381744E+1,
461.700,2.03681488E+1,1.19682856E+1,
462.00,1.84868412E+1,2.38155327E+1,
462.300,2.21133957E+1,1.90820770E+1,
462.600,1.66043282E+1,1.30434151E+1,
462.900,1.66441078E+1,1.48363352E+1,
463.200,1.95155888E+1,1.77265167E+1,
463.500,2.18769226E+1,2.64957390E+1,
463.800,3.17211151E+1,2.05958080E+1,
464.100,2.69871330E+1,2.05624905E+1,
464.400,2.64425755E+1,1.63546143E+1,
464.700,2.50928593E+1,1.69596806E+1,
465.00,1.81139278E+1,2.26909828E+1,
465.300,2.86425781E+1,2.72569904E+1,
465.600,1.97988529E+1,2.08124523E+1,
465.900,2.26900349E+1,2.89856453E+1,
466.200,1.79709015E+1,2.90505943E+1,
466.500,1.56414881E+1,2.18845043E+1,
466.800,2.70058022E+1,2.35875378E+1,
467.100,2.24578667E+1,1.73061790E+1,
467.400,2.98441677E+1,2.47005157E+1,
467.700,2.19623127E+1,1.49750872E+1,
468.00,2.59564896E+1,2.29775257E+1,
468.300,1.60432186E+1,2.57139416E+1,
468.600,2.12472496E+1,1.94653549E+1,
468.900,2.86895790E+1,2.35268211E+1,
469.200,2.87165871E+1,2.27755795E+1,
469.500,2.34975357E+1,1.76524143E+1,
469.800,2.92528877E+1,2.62952518E+1,
470.100,2.57402840E+1,1.94839497E+1,
470.400,1.77206383E+1,2.67988434E+1,
470.700,2.35287209E+1,2.67948341E+1,
471.00,2.98071003E+1,2.22280426E+1,
471.300,2.62013683E+1,2.28158569E+1,
471.600,2.57252884E+1,1.99810238E+1,
471.900,2.69236221E+1,3.06689644E+1,
472.200,2.55972786E+1,2.56740818E+1,
472.500,2.12295055E+1,2.22534161E+1,
472.800,2.57847366E+1,3.24299698E+1,
473.100,2.85872211E+1,2.96684914E+1,
473.400,2.41739712E+1,1.94371681E+1,
473.700,2.97744961E+1,2.81162739E+1,
474.00,3.54324913E+1,2.90822239E+1,
474.300,2.85918255E+1,2.84680920E+1,
474.600,2.69416656E+1,3.36944885E+1,
474.900,2.41371670E+1,2.57012978E+1,
475.200,3.38699112E+1,2.23502159E+1,
475.500,2.70936756E+1,2.98467865E+1,
475.800,2.65554714E+1,2.18641739E+1,
476.100,2.94170704E+1,2.42166176E+1,
476.400,2.93226185E+1,3.29767036E+1,
476.700,2.93740826E+1,2.47635174E+1,
477.00,2.83122902E+1,3.04668617E+1,
477.300,2.59930439E+1,2.36125965E+1,
477.600,3.30393639E+1,3.94125862E+1,
477.900,2.88340740E+1,2.59714527E+1,
478.200,2.66359081E+1,2.77654572E+1,
478.500,3.42507782E+1,2.95693207E+1,
478.800,3.12948246E+1,2.55718269E+1,
479.100,2.62946148E+1,3.53232193E+1,
479.400,2.80865841E+1,2.56120129E+1,
479.700,3.38836288E+1,2.73100204E+1,
480.00,2.23399525E+1,3.03428497E+1,
480.300,2.16103954E+1,3.05569668E+1,
480.600,2.10359001E+1,3.49954109E+1,
480.900,3.33530159E+1,2.98985481E+1,
481.200,2.06326618E+1,2.87534561E+1,
481.500,2.95733433E+1,2.81847210E+1,
481.800,3.24230499E+1,2.65897026E+1,
482.100,2.71264858E+1,2.12042122E+1,
482.400,2.72199650E+1,3.59391251E+1,
482.700,3.62119293E+1,3.24372826E+1,
483.00,2.67722321E+1,3.24227142E+1,
483.300,2.55112381E+1,2.25356903E+1,
483.600,2.25350056E+1,3.62814369E+1,
483.900,3.64159012E+1,3.45339012E+1,
484.200,3.15891705E+1,3.35208778E+1,
484.500,2.87389317E+1,3.65299225E+1,
484.800,3.70253220E+1,3.47060242E+1,
485.100,3.78978386E+1,3.06158485E+1,
485.400,2.34628086E+1,2.63113899E+1,
485.700,3.07689629E+1,2.95869179E+1,
486.00,3.15127964E+1,3.26046600E+1,
486.300,3.02712784E+1,3.87332802E+1,
486.600,3.33439369E+1,2.72972031E+1,
486.900,3.17164726E+1,3.76178970E+1,
487.200,3.65412712E+1,3.02899818E+1,
487.500,3.91375313E+1,3.49335899E+1,
487.800,3.49430428E+1,3.11215038E+1,
488.100,3.06803761E+1,3.55387344E+1,
488.400,3.14014664E+1,4.24857063E+1,
488.700,3.21986313E+1,2.58876057E+1,
489.00,3.58597946E+1,4.06099052E+1,
489.300,3.52315941E+1,2.84082947E+1,
489.600,3.47966881E+1,3.41601677E+1,
489.900,3.92012291E+1,3.79387169E+1,
490.200,2.69636974E+1,4.20221558E+1,
490.500,4.15823059E+1,2.81386509E+1,
490.800,2.14061661E+1,3.64099541E+1,
491.100,2.64233761E+1,3.25815239E+1,
491.400,3.72835960E+1,3.32887421E+1,
491.700,3.10483532E+1,3.34473839E+1,
492.00,2.99204426E+1,3.47375832E+1,
492.300,2.59872437E+1,2.84775677E+1,
492.600,2.68022022E+1,3.47744217E+1,
492.900,4.84634781E+1,3.75090141E+1,
493.200,2.68970871E+1,4.64135513E+1,
493.500,3.00547924E+1,3.32595901E+1,
493.800,2.55307846E+1,3.13890953E+1,
494.100,3.33943214E+1,3.45995903E+1,
494.400,3.61492424E+1,3.53840294E+1,
494.700,3.48129005E+1,4.18855896E+1,
495.00,3.70484924E+1,3.81613312E+1,
495.300,3.32398949E+1,3.62521820E+1,
495.600,3.82511902E+1,4.54279480E+1,
495.900,3.43893585E+1,2.80452995E+1,
496.200,3.51770744E+1,3.52649231E+1,
496.500,3.46712914E+1,3.53070679E+1,
496.800,4.07393990E+1,3.13946171E+1,
497.100,3.61665916E+1,3.81434860E+1,
497.400,3.81871567E+1,3.14915352E+1,
497.700,3.84788017E+1,4.53410301E+1,
498.00,4.56897049E+1,3.63862839E+1,
498.300,3.32085304E+1,3.57392159E+1,
498.600,3.73563881E+1,2.85962715E+1,
498.900,3.86593628E+1,3.31197701E+1,
499.200,3.41652794E+1,4.12702179E+1,
499.500,3.21436882E+1,3.53363647E+1,
499.800,4.01927681E+1,3.88480110E+1,
500.100,3.77519112E+1,3.89196472E+1,
500.400,4.47005653E+1,3.63734856E+1,
500.700,3.70927811E+1,3.08831692E+1,
501.00,3.31483078E+1,3.03862476E+1,
501.300,4.06625366E+1,3.25960197E+1,
501.600,3.74657745E+1,3.93662415E+1,
501.900,3.61214600E+1,3.73360519E+1,
502.200,3.33876953E+1,3.54990654E+1,
502.500,3.88962250E+1,3.82651443E+1,
502.800,4.26234245E+1,2.66728611E+1,
503.100,3.92098351E+1,3.28209991E+1,
503.400,3.36759644E+1,3.65298309E+1,
503.700,3.52570763E+1,2.47414951E+1,
504.00,2.35065460E+1,4.92229538E+1,
504.300,3.18840370E+1,3.94478493E+1,
504.600,3.07200985E+1,2.83195076E+1,
504.900,3.06602192E+1,5.21999245E+1,
505.200,3.57318268E+1,3.84308586E+1,
505.500,3.21478157E+1,4.26565552E+1,
505.800,3.72346191E+1,3.56556473E+1,
506.100,3.80446281E+1,3.71898117E+1,
506.400,3.72839241E+1,3.94822884E+1,
506.700,3.10371513E+1,3.44885750E+1,
507.00,2.34501991E+1,3.25754738E+1,
507.300,3.18932629E+1,3.87683067E+1,
507.600,3.42627029E+1,4.69081383E+1,
507.900,4.42300072E+1,3.64202309E+1,
508.200,3.92970695E+1,4.28450241E+1,
508.500,4.51982918E+1,3.22547913E+1,
508.800,3.44346046E+1,3.16535091E+1,
509.100,2.98310890E+1,3.59623566E+1,
509.400,2.96206245E+1,2.94631615E+1,
509.700,3.04567719E+1,4.12395287E+1,
510.00,3.05064430E+1,3.53833885E+1,
510.300,3.62420425E+1,3.54871483E+1,
510.600,3.34481659E+1,4.35651207E+1,
510.900,2.70138893E+1,3.41493797E+1,
511.200,3.59080887E+1,2.68773651E+1,
511.500,3.07875614E+1,4.16042786E+1,
511.800,3.30963402E+1,3.74918213E+1,
512.100,3.09658546E+1,3.38537941E+1,
512.400,3.25134201E+1,3.47649078E+1,
512.700,3.90675468E+1,3.41015282E+1,
513.00,3.63518028E+1,2.66541634E+1,
513.300,2.97256660E+1,3.11295643E+1,
513.600,3.58942184E+1,3.79194794E+1,
513.900,3.72594795E+1,3.56192932E+1,
514.200,2.78953838E+1,2.69712830E+1,
514.500,3.14541893E+1,3.14471302E+1,
514.800,3.24097481E+1,3.84036140E+1,
515.100,3.61782494E+1,3.92160225E+1,
515.400,3.93473206E+1,3.34093094E+1,
515.700,3.26809883E+1,2.86604557E+1,
516.00,3.87952881E+1,3.26962852E+1,
516.300,2.82374249E+1,2.58471680E+1,
516.600,4.13177795E+1,2.66890869E+1,
516.900,3.69894829E+1,4.36226349E+1,
517.200,2.46038322E+1,2.76684418E+1,
517.500,3.53480759E+1,3.76862946E+1,
517.800,3.08194027E+1,2.30099297E+1,
518.100,3.33216057E+1,4.62150879E+1,
518.400,3.56874237E+1,3.55992432E+1,
518.700,3.72259636E+1,4.18606758E+1,
519.00,3.51569977E+1,2.57178040E+1,
519.300,4.46694221E+1,2.96124725E+1,
519.600,4.24749641E+1,1.95526981E+1,
519.900,3.37630653E+1,2.82509460E+1,
520.200,3.24021301E+1,3.93134689E+1,
520.500,3.16038704E+1,4.25520325E+1,
520.800,4.12518539E+1,3.78418236E+1,
521.100,2.70112801E+1,3.39484177E+1,
521.400,2.45851250E+1,3.64832611E+1,
521.700,4.07054024E+1,3.49541817E+1,
522.00,4.15623779E+1,2.31165142E+1,
522.300,3.76497955E+1,4.01299438E+1,
522.600,3.92694168E+1,3.60174713E+1,
522.900,3.60565224E+1,2.64439907E+1,
523.200,3.70786247E+1,3.45750999E+1,
523.500,3.23207932E+1,4.03763275E+1,
523.800,3.89115143E+1,3.80484657E+1,
524.100,2.85563774E+1,3.07973652E+1,
524.400,3.25725822E+1,3.33072166E+1,
524.700,2.86199512E+1,1.62372208E+1,
525.00,3.21171951E+1,3.01550465E+1,
525.300,3.04154243E+1,2.38098183E+1,
525.600,2.63589611E+1,2.79836922E+1,
525.900,3.29026337E+1,2.54851570E+1,
526.200,1.66246109E+1,3.87332916E+1,
526.500,2.97440968E+1,4.55952263E+1,
526.800,4.17022285E+1,2.14648552E+1,
527.100,3.17147579E+1,2.09124050E+1,
527.400,3.41312866E+1,3.66757240E+1,
527.700,2.51705265E+1,3.34288254E+1,
528.00,3.29564438E+1,3.18153191E+1,
528.300,2.69018822E+1,2.85876579E+1,
528.600,3.55130768E+1,2.94112186E+1,
528.900,3.46847649E+1,4.06201477E+1,
529.200,3.14491367E+1,2.54189720E+1,
529.500,2.98523235E+1,4.32625732E+1,
529.800,2.73595371E+1,3.55923996E+1,
530.100,2.81858253E+1,3.24921341E+1,
530.400,2.84009361E+1,2.89815445E+1,
530.700,3.19066372E+1,3.94316025E+1,
531.00,2.93100586E+1,3.00351543E+1,
531.300,2.68577747E+1,4.39396744E+1,
531.600,2.59234982E+1,3.04201565E+1,
531.900,3.72981110E+1,3.38004723E+1,
532.200,2.26357231E+1,3.56193237E+1,
532.500,2.70779190E+1,3.93358154E+1,
532.800,3.22805290E+1,2.79788399E+1,
533.100,2.54580421E+1,3.05423794E+1,
533.400,3.78218842E+1,3.85591774E+1,
533.700,3.08945217E+1,3.80065880E+1,
534.00,3.77607574E+1,3.27639923E+1,
534.300,2.94806786E+1,2.47954330E+1,
534.600,3.19964752E+1,3.18942204E+1,
534.900,3.29388771E+1,3.10259037E+1,
535.200,3.67220688E+1,2.67371159E+1,
535.500,2.59453411E+1,4.10801926E+1,
535.800,2.68925610E+1,2.33275681E+1,
536.100,3.69609108E+1,3.24235992E+1,
536.400,2.25551872E+1,2.51820965E+1,
536.700,3.61719742E+1,3.42073669E+1,
537.00,3.35643463E+1,4.16924210E+1,
537.300,2.99132519E+1,2.91007004E+1,
537.600,2.55022774E+1,3.46258163E+1,
537.900,3.00871830E+1,2.73141136E+1,
538.200,3.20125008E+1,2.64987736E+1,
538.500,3.77235527E+1,2.30009823E+1,
538.800,4.24373245E+1,3.57795372E+1,
539.100,2.95017452E+1,2.11909046E+1,
539.400,3.60271606E+1,2.03150597E+1,
539.700,2.87682228E+1,3.52282486E+1,
540.00,2.97985363E+1,2.32048264E+1,
540.300,3.53352814E+1,2.05422039E+1,
540.600,3.63713875E+1,3.36517029E+1,
540.900,2.25315132E+1,3.38356094E+1,
541.200,2.24626789E+1,2.63157902E+1,
541.500,2.07430286E+1,2.07286301E+1,
541.800,2.93430424E+1,2.17883224E+1,
542.100,2.46802578E+1,3.59050941E+1,
542.400,2.28339157E+1,2.27265053E+1,
542.700,2.29029655E+1,3.61477737E+1,
543.00,2.10610580E+1,3.62180595E+1,
543.300,3.26552887E+1,2.19286995E+1,
543.600,2.59675179E+1,2.77845554E+1,
543.900,2.59762745E+1,3.96119308E+1,
544.200,2.31542091E+1,2.03755589E+1,
544.500,3.10508900E+1,2.22895222E+1,
544.800,4.07457008E+1,1.73685608E+1,
545.100,2.62408180E+1,3.97968216E+1,
545.400,3.30643463E+1,2.25137806E+1,
545.700,3.82102776E+1,1.85036278E+1,
546.00,2.55744495E+1,1.86209526E+1,
546.300,3.14077129E+1,1.37442255E+1,
546.600,3.25636253E+1,4.13698196E+1,
546.900,3.34826012E+1,3.26834717E+1,
547.200,2.67953415E+1,2.47228184E+1,
547.500,3.77265663E+1,2.28116493E+1,
547.800,4.37367935E+1,2.29505749E+1,
548.100,2.69022331E+1,2.48892059E+1,
548.400,3.21043434E+1,2.09983139E+1,
548.700,2.31773701E+1,2.00884151E+1,
549.00,3.42424393E+1,1.70413532E+1,
549.300,2.22350140E+1,2.42456169E+1,
549.600,3.04593849E+1,3.45426826E+1,
549.900,2.94770260E+1,3.55151367E+1,
550.200,2.23593636E+1,5.18926888E+1,
550.500,2.65760517E+1,2.86118946E+1,
550.800,2.34595985E+1,1.83679237E+1,
551.100,3.27499428E+1,2.05695553E+1,
551.400,3.08475838E+1,2.37090302E+1,
551.700,2.16945248E+1,1.85898056E+1,
552.00,3.41280594E+1,1.95845966E+1,
552.300,2.47984638E+1,4.24866295E+1,
552.600,2.60747643E+1,2.50714951E+1,
552.900,3.03447628E+1,3.64562073E+1,
553.200,2.10327663E+1,2.81376381E+1,
553.500,2.10618820E+1,2.20270329E+1,
553.800,2.83092403E+1,2.63116760E+1,
554.100,2.84454060E+1,3.15964737E+1,
554.400,2.86518593E+1,1.90594692E+1,
554.700,3.18510418E+1,2.22519417E+1,
555.00,3.50308990E+1,1.27024298E+1,
555.300,2.98414574E+1,2.66100006E+1,
555.600,2.45624847E+1,2.67045155E+1,
555.900,1.82375393E+1,2.15200672E+1,
556.200,2.37279625E+1,4.11337700E+1,
556.500,1.50297461E+1,2.37619705E+1,
556.800,2.70739765E+1,2.16367931E+1,
557.100,9.78041458E+0,2.59700432E+1,
557.400,2.71654892E+1,1.19964247E+1,
557.700,1.86077919E+1,2.39692307E+1,
558.00,3.05709705E+1,1.74955730E+1,
558.300,2.53003712E+1,2.63479996E+1,
558.600,2.20275936E+1,1.86815681E+1,
558.900,2.76337185E+1,2.86660862E+1,
559.200,1.76847439E+1,3.32377357E+1,
559.500,2.44088764E+1,2.87637901E+1,
559.800,2.78951035E+1,1.99786510E+1,
560.100,1.00618429E+1,1.56401901E+1,
560.400,2.35124645E+1,2.55794220E+1,
560.700,2.69597988E+1,3.59309273E+1,
561.00,2.25227013E+1,3.03083076E+1,
561.300,2.47896957E+1,2.36908283E+1,
561.600,3.06059494E+1,2.71958485E+1,
561.900,1.70710583E+1,2.49982986E+1,
562.200,2.61617470E+1,2.62479458E+1,
562.500,2.62625809E+1,3.07675705E+1,
562.800,2.29743690E+1,2.98035374E+1,
563.100,2.18475056E+1,1.95948677E+1,
563.400,2.53686981E+1,2.29684429E+1,
563.700,2.31776237E+1,3.11107216E+1,
564.00,3.25058670E+1,2.78290634E+1,
564.300,2.90693703E+1,2.44827232E+1,
564.600,1.86023769E+1,1.75850487E+1,
564.900,2.34331245E+1,1.87372189E+1,
565.200,3.29326591E+1,3.06191559E+1,
565.500,3.29417534E+1,2.35311852E+1,
565.800,2.25488014E+1,2.00794277E+1,
566.100,3.31325836E+1,2.60789490E+1,
566.400,1.90487843E+1,1.66133404E+1,
566.700,2.14704723E+1,2.50521088E+1,
567.00,1.20142393E+1,2.51360512E+1,
567.300,2.76307201E+1,1.43399324E+1,
567.600,2.64113331E+1,2.65053844E+1,
567.900,9.64316750E+0,1.81001225E+1,
568.200,1.81324234E+1,3.85032082E+1,
568.500,2.79690514E+1,2.06649246E+1,
568.800,1.46381092E+1,1.58563185E+1,
569.100,3.05512390E+1,1.95762215E+1,
569.400,2.08467350E+1,1.96739006E+1,
569.700,3.19207020E+1,1.34991016E+1,
570.00,1.97574844E+1,2.09547997E+1,
570.300,1.72569427E+1,1.73106518E+1,
570.600,9.92441654E+0,2.35589733E+1,
570.900,9.94715023E+0,1.24793310E+1,
571.200,2.24571571E+1,3.49742737E+1,
571.500,3.52201157E+1,7.49799299E+0,
571.800,1.63288212E+1,2.25879250E+1,
572.100,1.25539761E+1,2.50376625E+1,
572.400,2.52877522E+1,1.64302731E+1,
572.700,2.66506138E+1,1.77460480E+1,
573.00,2.55187893E+1,2.42480164E+1,
573.300,1.02407303E+1,2.03789597E+1,
573.600,1.66969700E+1,2.04686832E+1,
573.900,1.27970791E+1,1.66405792E+1,
574.200,1.80055561E+1,2.05858479E+1,
574.500,1.68298912E+1,2.18918266E+1,
574.800,1.29565420E+1,2.84569626E+1,
575.100,2.58955803E+1,1.68550339E+1,
575.400,1.30706997E+1,2.60213642E+1,
575.700,2.61524258E+1,1.30418081E+1,
576.00,2.62168560E+1,1.70758724E+1,
576.300,2.23592892E+1,7.87070799E+0,
576.600,1.05679169E+1,1.97963600E+1,
576.900,3.04572868E+1,2.91017818E+1,
577.200,1.85434933E+1,1.72758312E+1,
577.500,2.12902412E+1,2.12465420E+1,
577.800,1.86387444E+1,1.99517918E+1,
578.100,2.40497570E+1,2.67896557E+0,
578.400,2.28838768E+1,2.42528000E+1,
578.700,1.35114880E+1,1.34767332E+1,
579.00,1.76058559E+1,2.57630062E+1,
579.300,3.65024796E+1,2.17267971E+1,
579.600,1.63882351E+1,5.43010426E+0,
579.900,3.14549885E+1,1.36226130E+1,
580.200,2.45541515E+1,6.83680820E+0,
580.500,2.05951405E+1,2.34392605E+1,
580.800,1.65816727E+1,2.88639870E+1,
581.100,6.91097927E+0,2.21391888E+1,
581.400,2.22314529E+1,1.80770302E+1,
581.700,1.66706066E+1,1.67406769E+1,
582.00,1.25608168E+1,2.37110481E+1,
582.300,1.11987181E+1,1.82582378E+1,
582.600,1.68675976E+1,1.40359230E+1,
582.900,2.53112164E+1,9.87258244E+0,
583.200,2.25438366E+1,1.26782255E+1,
583.500,1.55884523E+1,1.56421442E+1,
583.800,1.98858299E+1,1.70572681E+1,
584.100,2.27617168E+1,8.58116436E+0,
584.400,1.56954727E+1,1.43190384E+1,
584.700,2.14808483E+1,2.44524727E+1,
585.00,2.44540005E+1,8.60421848E+0,
585.300,2.59884491E+1,1.01201591E+1,
585.600,2.02052555E+1,8.65573215E+0,
585.900,7.23962593E+0,2.03288269E+1,
586.200,1.44841652E+1,2.91575832E+1,
586.500,1.16774063E+1,2.05353413E+1,
586.800,2.63610649E+1,2.05240231E+1,
587.100,5.86326361E+0,1.31618700E+1,
587.400,1.17423029E+1,1.61832790E+1,
587.700,7.38929796E+0,2.22379246E+1,
588.00,0.00000000E+0,1.63492432E+1,
588.300,1.03880749E+1,5.92699623E+0,
588.600,1.19908752E+1,1.93488750E+1,
588.900,4.50164127E+0,1.64347534E+1,
589.200,1.05080109E+1,1.20272369E+1,
589.500,1.66148510E+1,1.95080147E+1,
589.800,1.96045437E+1,0.00000000E+0,
590.100,2.11947308E+1,9.10601330E+0,
590.400,1.97451954E+1,2.13355408E+1,
590.700,1.07012367E+1,6.11278820E+0,
591.00,1.99199753E+1,1.07092571E+1,
591.300,1.84368095E+1,9.24307537E+0,
591.600,1.69232941E+1,2.00322800E+1,
591.900,7.69004202E+0,1.54809046E+1,
592.200,1.70450230E+1,6.20022202E+0,
592.500,7.79122543E+0,1.24092169E+1,
592.800,1.87413998E+1,1.56492519E+1,
593.100,2.04944000E+1,1.40985107E+1,
593.400,1.56612682E+1,7.86335850E+0,
593.700,1.73276386E+1,9.44093800E+0,
594.00,1.26494875E+1,1.42277431E+1,
594.300,7.91831207E+0,7.92839718E+0,
594.600,2.38173046E+1,1.59005613E+1,
594.900,1.27881317E+1,0.00000000E+0,
595.200,1.59708605E+1,1.92354183E+1,
595.500,2.23235817E+1,1.44036131E+1,
595.800,6.42916012E+0,6.40509844E+0,
596.100,1.61003723E+1,6.44105768E+0,
596.400,3.39718170E+1,1.29698048E+1,
596.700,2.27013092E+1,9.73325634E+0,
597.00,1.95560207E+1,2.11711197E+1,
597.300,8.19504547E+0,6.55751610E+0,
597.600,1.80852985E+1,4.89896727E+0,
597.900,1.96456394E+1,6.59785938E+0,
598.200,1.65544395E+1,4.97114086E+0,
598.500,8.27846718E+0,2.96471710E+1,
598.800,1.66837654E+1,9.98512363E+0,
599.100,1.16259222E+1,5.00223684E+0,
599.400,2.51401558E+1,5.02166128E+0,
599.700,2.01600647E+1,3.36366749E+0,
600.00,1.67743320E+1,2.19180241E+1,
600.300,2.69750690E+1,6.77517414E+0,
600.600,2.53204708E+1,1.53175325E+1,
600.900,1.19448643E+1,1.35917807E+1,
601.200,1.36162453E+1,1.36927624E+1,
601.500,1.53894758E+1,2.23059616E+1,
601.800,1.88513470E+1,1.73159428E+1,
602.100,2.41631985E+1,6.89982080E+0,
602.400,2.43261356E+1,8.62781715E+0,
602.700,1.73768673E+1,1.39270287E+1,
603.00,6.98884392E+0,5.21942711E+0,
603.300,2.44380283E+1,1.05138578E+1,
603.600,1.58329582E+1,7.01805258E+0,
603.900,1.75832691E+1,5.27982759E+0,
604.200,1.41538734E+1,8.85843086E+0,
604.500,2.13562832E+1,7.10308743E+0,
604.800,8.85205269E+0,-1.77508843E+0,
605.100,2.32119541E+1,7.17270708E+0,
605.400,1.26081705E+1,-5.36702299E+0,
605.700,3.24486122E+1,3.04997082E+1,
606.00,2.17032509E+1,2.17214375E+1,
606.300,1.62522507E+1,1.62904549E+1,
606.600,5.42543602E+0,5.43370390E+0,
606.900,1.99872742E+1,9.12384033E+0,
607.200,2.20173874E+1,1.27828932E+1,
607.500,2.01898899E+1,1.47235289E+1,
607.800,1.28852491E+1,1.85996685E+1,
608.100,3.70029640E+0,7.39959431E+0,
608.400,1.85739002E+1,1.30211372E+1,
608.700,1.49253006E+1,7.51323128E+0,
609.00,1.12220335E+1,7.47511435E+0,
609.300,1.31105232E+1,1.12537451E+1,
609.600,1.89106941E+1,3.77178001E+0,
609.900,1.51831713E+1,-3.80152750E+0,
610.200,1.52431126E+1,5.71332979E+0,
610.500,1.71593742E+1,7.62227249E+0,
610.800,3.62163048E+1,-5.71236467E+0,
611.100,2.49599667E+1,1.73145771E+1,
611.400,1.34705696E+1,1.34665079E+1,
611.700,2.32576294E+1,1.16061754E+1,
612.00,1.16251535E+1,9.72635078E+0,
612.300,1.94930019E+1,-1.94521308E+0,
612.600,1.75924683E+1,2.16567535E+1,
612.900,7.86512327E+0,1.57419930E+1,
613.200,1.57569904E+1,1.18719177E+1,
613.500,2.16993580E+1,5.95480394E+0,
613.800,7.95554638E+0,1.39382524E+1,
614.100,1.79569664E+1,1.99858391E+0,
614.400,2.39067898E+1,-4.00989199E+0,
614.700,1.00406303E+1,8.04836178E+0,
615.00,2.01181374E+1,2.01982040E+1,
615.300,2.03022251E+1,1.62743587E+1,
615.600,2.85278206E+1,2.25135021E+1,
615.900,1.02101364E+1,0.00000000E+0,
616.200,1.63821163E+1,8.19957638E+0,
616.500,6.19053698E+0,1.44472828E+1,
616.800,2.27853718E+1,8.27584743E+0,
617.100,1.03840065E+1,6.22624493E+0,
617.400,1.25344477E+1,1.87711143E+1,
617.700,6.29641104E+0,1.05070734E+1,
618.00,3.57892189E+1,2.10002112E+0,
618.300,6.33530378E+0,6.34868383E+0,
618.600,1.27096014E+1,2.12620997E+0,
618.900,8.49710560E+0,8.51167393E+0,
619.200,0.00000000E+0,2.12800455E+0,
619.500,6.44557619E+0,8.60555744E+0,
619.800,2.39061260E+1,1.51408949E+1,
620.100,6.50385618E+0,-4.31676102E+0,
620.400,1.08335524E+1,1.08604784E+1,
620.700,8.75282478E+0,3.93114777E+1,
621.00,8.75808907E+0,6.55451202E+0,
621.300,1.32230654E+1,3.09152927E+1,
621.600,2.87345486E+1,1.54796124E+1,
621.900,2.21873589E+1,3.33955956E+1,
622.200,2.00259666E+1,1.78694057E+1,
622.500,8.95875645E+0,2.23135424E+0,
622.800,1.34821548E+1,6.74649334E+0,
623.100,3.38025017E+1,6.78294849E+0,
623.400,1.81734505E+1,6.82805586E+0,
623.700,9.10810280E+0,2.28121805E+0,
624.00,6.86836195E+0,-4.56630611E+0,
624.300,4.58832502E+0,0.00000000E+0,
624.600,1.15240059E+1,9.23681641E+0,
624.900,1.38907852E+1,0.00000000E+0,
625.200,1.86426659E+1,9.32937622E+0,
625.500,3.27665863E+1,1.63828716E+1,
625.800,3.54086151E+1,0.00000000E+0,
626.100,1.89560661E+1,7.06251669E+0,
626.400,4.75803757E+0,7.10003090E+0,
626.700,9.50833416E+0,0.00000000E+0,
627.00,9.52713108E+0,7.15722227E+0,
627.300,4.80466747E+0,1.44256029E+1,
627.600,1.68980865E+1,-2.40451074E+0,
627.900,1.20939169E+1,-7.28549242E+0,
628.200,1.70021763E+1,-4.87193251E+0,
628.500,1.21858540E+1,2.43635798E+0,
628.800,2.69918213E+1,0.00000000E+0,
629.100,0.00000000E+0,2.47451520E+0,
629.400,-2.48330855E+0,4.92561102E+0,
629.700,1.48868561E+1,4.98286629E+0,
630.00,1.74496002E+1,2.50040221E+0,
630.300,2.50577521E+0,0.00000000E+0,
630.600,1.25739117E+1,1.51507607E+1,
630.900,2.53176546E+0,0.00000000E+0,
631.200,1.01842499E+1,0.00000000E+0,
631.500,2.04063396E+1,1.02112885E+1,
631.800,2.82355404E+1,-5.15080166E+0,
632.100,1.80199146E+1,7.75138950E+0,
632.400,1.29528408E+1,5.18037176E+0,
632.700,5.21785164E+0,-5.20362043E+0,
633.00,2.87494717E+1,7.87091446E+0,
633.300,2.62518644E+0,7.90588474E+0,
633.600,1.05612993E+1,-2.64908504E+0,
633.900,1.58868351E+1,7.98662043E+0,
634.200,5.34155941E+0,-8.02509403E+0,
634.500,4.04155006E+1,-1.06994181E+1,
634.800,-5.37145472E+0,0.00000000E+0,
635.100,2.72151070E+1,0.00000000E+0,
635.400,0.00000000E+0,0.00000000E+0,
635.700,2.72690678E+0,5.43400717E+0,
636.00,2.74981284E+0,-5.48909140E+0,
636.300,5.52466106E+0,2.21063309E+1,
636.600,1.38953066E+1,1.10824528E+1,
636.900,1.11137400E+1,-2.79980445E+0,
637.200,5.60545397E+0,5.58477831E+0,
637.500,-5.63161898E+0,-5.61895895E+0,
637.800,1.41366100E+1,8.46405411E+0,
638.100,3.39342918E+1,1.13823347E+1,
638.400,2.28747196E+1,2.28238506E+1,
638.700,2.57268028E+1,0.00000000E+0,
639.00,2.29786720E+1,0.00000000E+0,
639.300,2.89240503E+0,5.77991295E+0,
639.600,0.00000000E+0,-2.91435480E+0,
639.900,2.33301907E+1,8.78099346E+0,
640.200,2.04693718E+1,8.86033535E+0,
640.500,1.18085213E+1,0.00000000E+0,
640.800,1.18677101E+1,1.48525515E+1,
641.100,1.19281712E+1,5.97109652E+0,
641.400,8.99357891E+0,2.10209045E+1,
641.700,2.69918270E+1,-9.06298828E+0,
642.00,-3.03590369E+0,3.02533340E+0,
642.300,3.35495872E+1,0.00000000E+0,
642.600,2.44724102E+1,-1.22431211E+1,
642.900,3.36607018E+1,1.53852491E+1,
643.200,2.16094894E+1,1.23518448E+1,
643.500,6.22815037E+0,2.47978191E+1,
643.800,1.55475788E+1,-3.12241769E+0,
644.100,7.85753250E+1,-1.56882210E+1,
644.400,0.00000000E+0,6.30741405E+0,
644.700,1.89514732E+1,-3.16965294E+0,
645.00,2.54861603E+1,9.56738281E+0,
645.300,6.37344742E+0,6.42082357E+0,
645.600,-3.22317219E+0,0.00000000E+0,
645.900,0.00000000E+0,3.25664282E+0,
646.200,9.72386646E+0,3.25910568E+0,
646.500,1.30787039E+1,3.27924728E+0,
646.800,1.97072277E+1,-1.31654892E+1,
647.100,2.97451782E+1,3.31056142E+0,
647.400,6.63079357E+0,9.98927021E+0,
647.700,4.68642311E+1,-6.70152187E+0,
648.00,-1.01121168E+1,-2.35323982E+1,
648.300,2.02769947E+1,3.38069224E+0,
648.600,1.70144672E+1,6.78916502E+0,
648.900,3.07257442E+1,-1.02691727E+1,
649.200,-6.86976433E+0,-1.03197412E+1,
649.500,1.03676243E+1,6.91916704E+0,
649.800,3.46233249E+0,2.43645840E+1,
650.100,2.80027885E+1,-1.05286722E+1,
650.400,-1.40300159E+1,-7.01235580E+0,
650.700,2.10938110E+1,1.06244230E+1,
651.00,3.53870821E+0,-1.07175703E+1,
651.300,6.07265244E+1,2.87206402E+1,
651.600,2.50789833E+1,-7.20700073E+0,
651.900,3.59513474E+1,-1.08906012E+1,
652.200,6.14726524E+1,0.00000000E+0,
652.500,3.64760280E+0,-1.09588203E+1,
652.800,1.10397539E+1,3.66312933E+0,
653.100,-3.68694687E+0,-1.48441706E+1,
653.400,1.11365280E+1,0.00000000E+0,
653.700,-3.72757602E+0,3.74888134E+0,
654.00,3.76294365E+1,-1.50806437E+1,
654.300,1.13507061E+1,-3.77966118E+0,
654.600,1.14184961E+1,0.00000000E+0,
654.900,3.05883636E+1,-7.65533924E+0,
655.200,2.70006542E+1,3.86920524E+0,
655.500,1.54840994E+1,-2.32521038E+1,
655.800,2.73250313E+1,0.00000000E+0,
656.100,1.95978832E+1,7.87304926E+0,
656.400,3.15970001E+1,-1.97815533E+1,
656.700,3.16246605E+1,1.98801403E+1,
657.00,2.40162716E+1,-1.20165586E+1,
657.300,-4.01747942E+0,-1.61762657E+1,
657.600,8.08535099E+0,-4.03176355E+0,
657.900,0.00000000E+0,-1.22428741E+1,
658.200,1.22651415E+1,8.19491768E+0,
658.500,1.23757896E+1,-8.30125713E+0,
658.800,2.08379955E+1,1.65670738E+1,
659.100,-4.18450069E+0,0.00000000E+0,
659.400,8.39882374E+0,1.68652744E+1,
659.700,2.11656322E+1,0.00000000E+0,
660.00,2.12658634E+1,-3.41868019E+1,
660.300,5.57115707E+1,-4.28885460E+0,
660.600,4.30441046E+0,-4.32911110E+0,
660.900,3.48856316E+1,1.31092854E+1,
661.200,2.19671040E+1,-1.76142578E+1,
661.500,2.65329075E+1,-4.44665432E+0,
661.800,4.46830797E+0,4.47028923E+0,
662.100,2.70649376E+1,4.50040674E+0,
662.400,0.00000000E+0,3.64750328E+1,
662.700,9.15435123E+0,-1.84098320E+1,
663.00,9.22200012E+0,-4.62906551E+0,
663.300,1.40036354E+1,-9.32989216E+0,
663.600,9.40036392E+0,-1.88389263E+1,
663.900,7.61799927E+1,-1.43250065E+1,
664.200,2.41193752E+1,-9.65999317E+0,
664.500,4.86948919E+0,3.41987572E+1,
664.800,2.95779037E+1,-9.81384754E+0,
665.100,1.48609228E+1,0.00000000E+0,
665.400,1.50295773E+1,-5.04008293E+0,
665.700,0.00000000E+0,-5.04867887E+0,
666.00,1.53270578E+1,-1.53278456E+1,
666.300,5.62956848E+1,-1.54366760E+1,
666.600,1.55426235E+1,5.15988159E+0,
666.900,3.64157982E+1,1.03770285E+1,
667.200,8.87551193E+1,5.26092386E+0,
667.500,-2.10739746E+1,-5.25528717E+0,
667.800,3.16808643E+1,-2.11415958E+1,
668.100,6.35896301E+1,-1.59246807E+1,
668.400,4.78998604E+1,0.00000000E+0,
668.700,5.33122110E+0,1.59677362E+1,
669.00,1.60522556E+1,-2.14556904E+1,
669.300,2.67496662E+1,-1.07042627E+1,
669.600,1.61531811E+1,-1.07276268E+1,
669.900,2.14409428E+1,1.60911274E+1,
670.200,1.61747704E+1,5.39131260E+0,
670.500,2.14935684E+1,-5.38558912E+0,
670.800,5.36998863E+1,1.07809372E+1,
671.100,6.45814133E+1,5.37013912E+0,
671.400,1.61117725E+1,5.37488937E+1,
671.700,3.77377281E+1,5.38826895E+0,
672.00,2.70014801E+1,5.39821529E+0,
672.300,2.16110611E+1,-1.08235350E+1,
672.600,5.41896629E+1,-2.70911694E+1,
672.900,2.15842743E+1,1.08425531E+1,
673.200,5.38306046E+0,-1.62450085E+1,
673.500,4.33546028E+1,5.43139315E+0,
673.800,2.17143784E+1,-5.42253065E+0,
674.100,5.39693680E+1,5.43730021E+0,
674.400,7.60449066E+1,-1.08867559E+1,
674.700,2.17525997E+1,2.17826653E+1,
675.00,7.07978516E+1,-1.63326149E+1,
675.300,2.72684994E+1,-1.63276386E+1,
675.600,5.44372034E+0,-5.48015976E+0,
675.900,3.29031792E+1,-1.63618355E+1,
676.200,4.39186935E+1,2.18768559E+1,
676.500,1.09420328E+1,0.00000000E+0,
676.800,2.74620705E+1,5.49262571E+0,
677.100,6.58086014E+1,3.30308037E+1,
677.400,-5.48580170E+0,-2.75081673E+1,
677.700,2.74498596E+1,3.85510559E+1,
678.00,6.04916039E+1,1.10458994E+1,
678.300,2.76189270E+1,1.10251017E+1,
678.600,1.10789223E+1,1.66259823E+1,
678.900,7.20782394E+1,0.00000000E+0,
679.200,1.10780277E+1,-2.21899776E+1,
679.500,5.55532789E+0,2.77168999E+1,
679.800,2.77386646E+1,-2.22662315E+1,
680.100,6.20984688E+1,-1.13522501E+1,
680.400,1.01848061E+2,-1.70771923E+1,
680.700,5.68767471E+1,2.83813705E+1,
681.00,2.84068661E+1,5.68673992E+0,
681.300,3.41213875E+1,-1.13963881E+1,
681.600,3.99942017E+1,-1.71220837E+1,
681.900,2.28577271E+1,-2.87091770E+1,
682.200,6.87769089E+1,5.74941349E+0,
682.500,8.60265274E+1,-5.74598694E+0,
682.800,8.02269974E+1,1.15043173E+1,
683.100,5.74974861E+1,0.00000000E+0,
683.400,2.88889675E+1,5.77229977E+0,
683.700,2.89389877E+1,1.16096258E+1,
684.00,5.19973831E+1,-2.89979248E+1,
684.300,5.78753510E+1,1.16501799E+1,
684.600,4.05355148E+1,4.09081917E+1,
684.900,9.89145432E+1,-4.07391853E+1,
685.200,8.77943573E+1,-1.75091782E+1,
685.500,2.90939693E+1,1.76217747E+1,
685.800,5.28834229E+1,1.76413136E+1,
686.100,-5.88169861E+0,1.75741749E+1,
686.400,1.76455460E+1,-1.76900063E+1,
686.700,4.13847160E+1,-5.90868330E+0,
687.00,4.14056892E+1,5.91707277E+0,
687.300,5.30870247E+1,5.93992472E+0,
687.600,7.13090439E+1,1.19469929E+1,
687.900,7.73498383E+1,4.17996101E+1,
688.200,2.97863140E+1,0.00000000E+0,
688.500,1.20233231E+1,5.98495216E+1,
688.800,3.00692749E+1,-1.20270147E+1,
689.100,3.01519985E+1,1.80106506E+1,
689.400,6.02495098E+0,4.83094139E+1,
689.700,4.24425697E+1,6.07083130E+0,
690.00,1.81933575E+1,6.09135008E+0,
690.300,6.07925797E+1,2.44993935E+1,
690.600,6.13888206E+1,0.00000000E+0,
690.900,8.60734329E+1,-1.83233757E+1,
691.200,6.14817905E+0,1.23520937E+1,
691.500,5.55068016E+1,0.00000000E+0,
691.800,9.26453247E+1,-1.23948746E+1,
692.100,6.19900932E+1,6.24028158E+0,
692.400,3.72655182E+1,0.00000000E+0,
692.700,8.73656540E+1,1.25260077E+1,
693.00,1.06762184E+2,-6.24360228E+0,
693.300,2.51225605E+1,0.00000000E+0,
693.600,9.50931931E+1,6.31670380E+0,
693.900,5.05193291E+1,-6.35431433E+0,
694.200,3.81344109E+1,1.90458164E+1,
694.500,8.91247330E+1,-6.37029505E+0,
694.800,8.31420517E+1,-3.83442497E+1,
695.100,7.05877304E+1,-1.93369484E+1,
695.400,1.09432243E+2,1.29223776E+1,
695.700,4.54202652E+1,-2.61087170E+1,
696.00,1.49739899E+2,-6.51281548E+0,
696.300,5.20428047E+1,-2.61387711E+1,
696.600,7.89916840E+1,6.54684782E+0,
696.900,5.91915665E+1,0.00000000E+0,
697.200,5.29093246E+1,-6.61183786E+0,
697.500,3.31382751E+1,-3.32077217E+1,
697.800,3.98485603E+1,0.00000000E+0,
698.100,1.13667900E+2,-1.34341135E+1,
698.400,6.71975861E+1,-4.02786827E+1,
698.700,6.08897324E+1,-2.70744934E+1,
699.00,8.07805862E+1,-4.08155212E+1,
699.300,2.73251133E+1,-3.39861298E+1,
699.600,1.36155796E+1,-1.36747227E+1,
699.900,9.58163681E+1,3.41244659E+1,
700.200,8.93604355E+1,5.49469681E+1,
700.500,8.96197510E+1,-4.84639397E+1,
700.800,1.25212303E+2,-2.08276768E+1,
701.100,6.94773331E+1,-3.49103928E+1,
701.400,1.18908218E+2,3.50520134E+1,
701.700,7.03705902E+1,1.39918385E+1,
702.00,8.48347168E+1,4.94423637E+1,
702.300,8.48166351E+1,4.26476936E+1,
702.600,7.83533173E+1,-3.56616821E+1,
702.900,1.21336182E+2,-2.15383873E+1,
703.200,1.21517670E+2,-1.43615808E+1,
703.500,1.50869324E+2,5.05894814E+1,
703.800,1.44609482E+2,4.35500526E+1,
704.100,1.96358765E+2,-2.19578552E+1,
704.400,1.02287354E+2,-1.47157173E+1,
704.700,4.42457008E+1,-1.46798315E+1,
705.00,7.34157639E+1,2.21393604E+1,
705.300,1.48969559E+2,-1.47967367E+1,
705.600,6.69529800E+1,-7.45280838E+0,
705.900,6.72035904E+1,-7.47411442E+0,
706.200,5.99150124E+1,-1.50404158E+1,
706.500,1.05060173E+2,-7.56827831E+0,
706.800,1.36111862E+2,-1.50930653E+1,
707.100,6.09200287E+1,0.00000000E+0,
707.400,1.29515579E+2,-1.53214283E+1,
707.700,1.22438522E+2,-7.71035337E+0,
708.00,1.31283279E+2,0.00000000E+0,
708.300,1.93714935E+2,-5.44213524E+1,
708.600,1.32575775E+2,-2.33978271E+1,
708.900,8.62139664E+1,0.00000000E+0,
709.200,9.42397537E+1,3.14362106E+1,
709.500,6.32740211E+1,-3.18122578E+1,
709.800,1.03736580E+2,0.00000000E+0,
710.100,1.11656944E+2,-1.60761948E+1,
710.400,1.36497147E+2,0.00000000E+0,
710.700,1.12421448E+2,-8.09396553E+0,
711.00,1.12962555E+2,-8.12793827E+0,
711.300,1.22368248E+2,8.18312454E+0,
711.600,1.22780273E+2,-2.46024628E+1,
711.900,9.84587708E+1,2.47094135E+1,
712.200,1.16203445E+2,1.65457039E+1,
712.500,9.11280212E+1,8.36929417E+0,
712.800,1.25529243E+2,-4.18339348E+1,
713.100,1.17473228E+2,-2.51615314E+1,
713.400,1.01489449E+2,-1.69220963E+1,
713.700,1.01849380E+2,5.10713844E+1,
714.00,1.27835991E+2,0.00000000E+0,
714.300,1.37319901E+2,0.00000000E+0,
714.600,1.29365906E+2,-6.02572212E+1,
714.900,1.47275635E+2,-8.65409660E+0,
715.200,1.39265717E+2,-8.73237419E+0,
715.500,1.83957428E+2,-1.75284309E+1,
715.800,7.01990738E+1,-3.51508789E+1,
716.100,2.47224258E+2,-3.54550514E+1,
716.400,7.09853363E+1,0.00000000E+0,
716.700,1.06954636E+2,-3.57453728E+1,
717.00,1.98085999E+2,-8.98339558E+0,
717.300,1.44619812E+2,-3.61812096E+1,
717.600,1.81555939E+2,0.00000000E+0,
717.900,9.09809494E+1,-2.74095993E+1,
718.200,1.74836151E+2,1.83331776E+1,
718.500,8.29776154E+1,-2.76865330E+1,
718.800,1.11707184E+2,-9.26005840E+0,
719.100,1.12065704E+2,9.39049435E+0,
719.400,1.97776917E+2,0.00000000E+0,
719.700,1.04016464E+2,-1.88880253E+1,
720.00,1.51750046E+2,-9.51625824E+0,
720.300,1.42554321E+2,-1.90342712E+1,
720.600,2.20419128E+2,4.80621223E+1,
720.900,9.64450150E+1,3.84663620E+1,
721.200,1.65245560E+2,-9.75750732E+0,
721.500,1.27417221E+2,9.80917645E+0,
721.800,7.82806320E+1,-1.96883793E+1,
722.100,1.18426491E+2,2.96856136E+1,
722.400,1.98032227E+2,1.98996925E+1,
722.700,1.59621719E+2,-1.00024471E+1,
723.00,1.20662582E+2,-3.01983109E+1,
723.300,1.61644104E+2,-2.02380562E+1,
723.600,1.62728897E+2,0.00000000E+0,
723.900,1.73747910E+2,-1.02364655E+1,
724.200,1.53637222E+2,-2.05798149E+1,
724.500,1.75233139E+2,4.12448196E+1,
724.800,6.24395676E+1,-3.12236023E+1,
725.100,2.29230698E+2,-5.21313095E+1,
725.400,1.26165199E+2,1.05380363E+1,
725.700,1.37553894E+2,-3.16332340E+1,
726.00,1.58501694E+2,-1.05975399E+1,
726.300,1.27942833E+2,-4.27194099E+1,
726.600,9.64866791E+1,-2.15552654E+1,
726.900,1.61688690E+2,-3.23616028E+1,
727.200,1.94472992E+2,1.08359804E+1,
727.500,1.08757423E+2,-3.27611427E+1,
727.800,1.76184341E+2,-2.20339680E+1,
728.100,1.87928329E+2,1.10999193E+1,
728.400,1.00078865E+2,-7.76618500E+1,
728.700,3.34480400E+1,0.00000000E+0,
729.00,1.57713104E+2,2.25616798E+1,
729.300,1.91868851E+2,0.00000000E+0,
729.600,1.01863007E+2,-2.28405952E+1,
729.900,1.13996666E+2,-1.14987164E+1,
730.200,2.29355103E+2,-1.15507612E+1,
730.500,1.84868225E+2,-5.80532455E+1,
730.800,9.29687805E+1,0.00000000E+0,
731.100,1.40077469E+2,-4.67613602E+1,
731.400,1.76569550E+2,-7.06790771E+1,
731.700,7.09939346E+1,-5.91767883E+1,
732.00,1.43262222E+2,2.39319744E+1,
732.300,9.62446747E+1,0.00000000E+0,
732.600,1.93085358E+2,-4.85042801E+1,
732.900,1.08869713E+2,1.21109667E+1,
733.200,6.08611031E+1,-4.89614220E+1,
733.500,1.09989250E+2,0.00000000E+0,
733.800,1.23318977E+1,0.00000000E+0,
734.100,2.48544815E+2,-1.24259653E+1,
734.400,1.00184921E+2,1.25500641E+1,
734.700,2.14270248E+2,-3.77022934E+1,
735.00,1.13802940E+2,-2.54867325E+1,
735.300,1.27263138E+2,1.01771317E+2,
735.600,1.15274826E+2,-6.39077835E+1,
735.900,1.67139786E+2,-3.88404770E+1,
736.200,1.67686066E+2,-1.30374498E+1,
736.500,1.17112488E+2,-5.21853790E+1,
736.800,5.26266327E+1,-5.27829132E+1,
737.100,1.32160202E+2,2.64116745E+1,
737.400,6.64539108E+1,-3.98160896E+1,
737.700,1.73769638E+2,-2.67982979E+1,
738.00,1.89104950E+2,-4.03425064E+1,
738.300,1.75621567E+2,-6.76421204E+1,
738.600,1.09234558E+2,0.00000000E+0,
738.900,9.63299561E+1,-4.10649872E+1,
739.200,9.63019791E+1,0.00000000E+0,
739.500,1.52464783E+2,5.54015579E+1,
739.800,2.37524368E+2,-1.39843416E+1,
740.100,1.54270142E+2,-4.22259254E+1,
740.400,2.12099640E+2,-7.02819443E+1,
740.700,8.50139771E+1,5.70540199E+1,
741.00,1.99486343E+2,-8.58373718E+1,
741.300,1.58015762E+2,-4.33148003E+1,
741.600,8.69190826E+1,-2.90201817E+1,
741.900,2.33425354E+2,1.46339483E+1,
742.200,1.76120163E+2,-7.34381332E+1,
742.500,8.83820496E+1,-2.94805202E+1,
742.800,1.18847900E+2,-2.97398586E+1,
743.100,3.45651642E+2,-1.49538116E+1,
743.400,2.86045441E+2,7.53676147E+1,
743.700,2.12518570E+2,0.00000000E+0,
744.00,1.51794846E+2,-3.04963226E+1,
744.300,1.68414001E+2,-3.07972794E+1,
744.600,7.71489182E+1,-3.09663582E+1,
744.900,1.70891876E+2,-6.22677307E+1,
745.200,2.65619598E+2,-4.69104996E+1,
745.500,1.41429016E+2,-6.29316635E+1,
745.800,4.75341301E+1,0.00000000E+0,
746.100,1.11654907E+2,-7.95243454E+1,
746.400,1.75992493E+2,-3.20943108E+1,
746.700,1.61830856E+2,-4.84752235E+1,
747.00,2.59467163E+2,-4.87674255E+1,
747.300,2.12336334E+2,1.64131317E+1,
747.600,1.32239288E+2,-3.29024048E+1,
747.900,3.80599731E+2,-3.31096649E+1,
748.200,1.50045303E+2,5.02240334E+1,
748.500,6.69092636E+1,0.00000000E+0,
748.800,3.20488434E+2,0.00000000E+0,
749.100,2.03057281E+2,-8.47276611E+1,
749.400,2.22558731E+2,-3.41509781E+1,
749.700,0.00000000E+0,-6.90148315E+1,
750.00,2.60745331E+2,-1.21182899E+2,
750.300,1.21833893E+2,-1.22436928E+2,
750.600,1.40146210E+2,5.26776237E+1,
750.900,8.82856140E+1,0.00000000E+0,
751.200,2.12997253E+2,3.55114021E+1,
751.500,1.60402451E+2,-1.78672504E+1,
751.800,8.98037109E+1,-3.61095314E+1,
752.100,1.62787933E+2,7.24575806E+1,
752.400,1.45368591E+2,-1.27976891E+2,
752.700,2.02210266E+2,-5.53649063E+1,
753.00,7.42568130E+1,-3.71562386E+1,
753.300,1.85772308E+2,0.00000000E+0,
753.600,3.72487579E+2,1.12405472E+2,
753.900,2.25096100E+2,0.00000000E+0,
754.200,1.32200577E+2,-1.89653168E+1,
754.500,1.52796234E+2,-7.68712540E+1,
754.800,2.50302994E+2,9.60649719E+1,
755.100,1.74776779E+2,-9.68912277E+1,
755.400,1.36197861E+2,1.94569645E+1,
755.700,1.95631516E+2,-5.88836479E+1,
756.00,2.56621582E+2,-7.88712082E+1,
756.300,1.98847107E+2,-3.98337822E+1,
756.600,2.79593536E+2,-1.00281242E+2,
756.900,1.20538422E+2,-2.02118282E+1,
757.200,2.21927948E+2,0.00000000E+0,
757.500,2.23638260E+2,0.00000000E+0,
757.800,8.20134735E+1,0.00000000E+0,
758.100,8.24461517E+1,-4.13166084E+1,
758.400,6.24854317E+1,0.00000000E+0,
758.700,2.09146996E+1,-4.17567711E+1,
759.00,1.89263748E+2,-2.11905022E+1,
759.300,2.32886810E+2,4.25565414E+1,
759.600,1.70690643E+2,-1.07588051E+2,
759.900,1.72784668E+2,0.00000000E+0,
760.200,1.52428055E+2,-8.69009781E+1,
760.500,3.05625397E+2,-4.35454826E+1,
760.800,8.76730270E+1,-6.63364029E+1,
761.100,1.32407104E+2,-4.40932999E+1,
761.400,4.67084961E+2,2.22971096E+1,
761.700,1.56363022E+2,2.23410091E+1,
762.00,1.13263252E+2,4.51453171E+1,
762.300,2.49602859E+2,0.00000000E+0,
762.600,2.96618927E+2,-2.29254494E+1,
762.900,1.83487595E+2,2.30897789E+1,
763.200,1.38343765E+2,-1.15799782E+2,
763.500,4.64071617E+1,-2.32947578E+1,
763.800,1.63395386E+2,-9.37572784E+1,
764.100,2.82190491E+2,-9.44449844E+1,
764.400,2.83902466E+2,9.51298981E+1,
764.700,4.29966187E+2,-9.52857895E+1,
765.00,2.40079987E+2,-1.44784348E+2,
765.300,2.89858826E+2,0.00000000E+0,
765.600,2.92036224E+2,2.43252544E+1,
765.900,3.43343384E+2,0.00000000E+0,
766.200,2.22620148E+2,4.91846848E+1,
766.500,1.73216629E+2,4.96707878E+1,
766.800,1.49687256E+2,1.00187286E+2,
767.100,1.50516602E+2,-7.57445679E+1,
767.400,1.01025482E+2,7.60337448E+1,
767.700,3.81850433E+2,-2.54642143E+1,
768.00,2.56683140E+1,-7.66155319E+1,
768.300,1.80325134E+2,-2.58384953E+1,
768.600,1.81141769E+2,0.00000000E+0,
768.900,3.65177490E+2,2.60481663E+1,
769.200,1.83398209E+2,0.00000000E+0,
769.500,3.94588196E+2,-1.06038902E+2,
769.800,-5.29700623E+1,-7.97345123E+1,
770.100,1.86713348E+2,1.07011765E+2,
770.400,0.00000000E+0,-8.06514740E+1,
770.700,1.08398308E+2,8.16940155E+1,
771.00,1.63931442E+2,-1.09345970E+2,
771.300,1.92364349E+2,-5.49425507E+1,
771.600,6.37452087E+2,-8.33814011E+1,
771.900,1.38822311E+2,-8.35232697E+1,
772.200,2.79818512E+2,2.80044613E+1,
772.500,1.12850540E+2,-8.51608963E+1,
772.800,8.56362839E+1,5.71265984E+1,
773.100,8.61765900E+1,1.43456573E+2,
773.400,2.58999451E+2,-1.15046646E+2,
773.700,2.60725830E+2,0.00000000E+0,
774.00,1.16867111E+2,-2.92216606E+1,
774.300,2.92637558E+1,1.17689575E+2,
774.600,2.94270081E+2,-1.18197411E+2,
774.900,3.26757935E+2,-2.98748665E+1,
775.200,2.69944214E+2,8.96776581E+1,
775.500,2.41506027E+2,-6.04005699E+1,
775.800,1.51682556E+2,-3.03289242E+1,
776.100,0.00000000E+0,-1.53081772E+2,
776.400,1.23001320E+2,0.00000000E+0,
776.700,2.47378281E+2,-1.23646324E+2,
777.00,2.17550629E+2,0.00000000E+0,
777.300,3.12875031E+2,-1.56973572E+2,
777.600,0.00000000E+0,-9.50775528E+1,
777.900,1.89741302E+2,-6.39214287E+1,
778.200,6.39172363E+1,-9.62403717E+1,
778.500,1.28503738E+2,-9.66175232E+1,
778.800,2.59359528E+2,-3.24176483E+1,
779.100,1.95240204E+2,-9.79925156E+1,
779.400,2.62382843E+2,-1.30846298E+2,
779.700,2.31385559E+2,-6.62267609E+1,
780.00,3.31950134E+2,6.65504303E+1,
780.300,4.35957001E+2,-6.68453979E+1,
780.600,-3.37166634E+1,0.00000000E+0,
780.900,3.74127258E+2,0.00000000E+0,
781.200,7.50311523E+2,1.37239883E+2,
781.500,3.08589172E+2,-1.03517662E+2,
781.800,2.42239594E+2,-1.38429749E+2,
782.100,3.46308250E+1,-1.74242401E+2,
782.400,1.05198448E+2,-1.05177498E+2,
782.700,1.05429893E+2,-2.12897873E+2,
783.00,2.84796478E+2,-3.55223007E+1,
783.300,2.87744904E+2,-1.07513420E+2,
783.600,1.43520996E+2,-1.07921890E+2,
783.900,1.08796951E+2,0.00000000E+0,
784.200,5.09385437E+2,0.00000000E+0,
784.500,2.92793152E+2,-7.35420303E+1,
784.800,0.00000000E+0,3.69786301E+1,
785.100,4.46308319E+2,-1.11761642E+2,
785.400,1.86916534E+2,0.00000000E+0,
785.700,1.86869965E+2,-1.89703827E+2,
786.00,3.79372711E+1,3.79362907E+1,
786.300,3.82148781E+1,-2.28095764E+2,
786.600,1.14974411E+2,-3.85098343E+1,
786.900,3.08009094E+2,7.69849930E+1,
787.200,1.16193901E+2,7.75426331E+1,
787.500,3.12724121E+2,-7.81644516E+1,
787.800,1.17150383E+2,-7.88092804E+1,
788.100,2.76893555E+2,3.96900024E+1,
788.400,7.95395508E+1,-1.59894104E+2,
788.700,3.61703827E+2,0.00000000E+0,
789.00,0.00000000E+0,-2.01992523E+2,
789.300,4.05677063E+2,0.00000000E+0,
789.600,3.25851685E+2,-2.04378357E+2,
789.900,3.29384338E+2,-2.47387558E+2,
790.200,4.14261055E+1,-8.32731857E+1,
790.500,2.90906586E+2,8.36941452E+1,
790.800,5.85633118E+2,0.00000000E+0,
791.100,2.95374268E+2,-8.47736053E+1,
791.400,4.24180634E+2,-1.70219528E+2,
791.700,1.28316101E+2,-4.27076149E+1,
792.00,4.71699646E+2,-8.62905655E+1,
792.300,3.03160339E+2,4.35690041E+1,
792.600,2.61434570E+2,8.73489609E+1,
792.900,8.74851837E+1,-4.39775085E+1,
793.200,0.00000000E+0,-4.40075722E+1,
793.500,3.53105621E+2,-2.67021576E+2,
793.800,4.92160797E+2,-1.33913849E+2,
794.100,2.25443115E+2,-1.35582977E+2,
794.400,1.35259796E+2,-2.72743225E+2,
794.700,9.08214050E+2,-4.54086609E+1,
795.00,3.65579254E+2,9.14499435E+1,
795.300,4.59105263E+1,-1.38160782E+2,
795.600,9.27960129E+1,-1.85150040E+2,
795.900,3.72077332E+2,-4.66610451E+1,
796.200,3.74067596E+2,-9.37204666E+1,
796.500,1.87907272E+2,-9.42479324E+1,
796.800,3.79316223E+2,-1.89580231E+2,
797.100,1.90877380E+2,9.55682068E+1,
797.400,5.29085083E+2,-1.92281982E+2,
797.700,3.86958374E+2,-2.90499084E+2,
798.00,-4.85450630E+1,-4.86969261E+1,
798.300,9.80924911E+1,-4.89491081E+1,
798.600,0.00000000E+0,-1.47868530E+2,
798.900,1.98626953E+2,4.95724411E+1,
799.200,4.47771851E+2,-1.99114426E+2,
799.500,1.00207626E+2,5.01227875E+1,
799.800,3.54269043E+2,-2.53678314E+2,
800.100,3.03255035E+2,-2.54254639E+2,
800.400,4.08774078E+2,-1.53858322E+2,
800.700,0.00000000E+0,5.13187218E+1,
801.00,3.62615265E+2,0.00000000E+0,
801.300,4.16363068E+2,-1.04563988E+2,
801.600,3.65193542E+2,1.05459938E+2,
801.900,1.05348816E+2,2.64509491E+2,
802.200,-5.32707100E+1,-1.59453064E+2,
802.500,1.59565201E+2,-1.06743279E+2,
802.800,1.60549561E+2,-2.14481140E+2,
803.100,5.41163086E+2,0.00000000E+0,
803.400,5.39997673E+1,5.45239525E+1,
803.700,-5.45392189E+1,5.47497368E+1,
804.00,5.48089783E+2,-2.20328232E+2,
804.300,3.86277649E+2,1.10570885E+2,
804.600,1.11182045E+2,-2.21668793E+2,
804.900,3.91299316E+2,0.00000000E+0,
805.200,-1.12461334E+2,-3.38536011E+2,
805.500,5.68704262E+1,-2.27813873E+2,
805.800,3.98314240E+2,0.00000000E+0,
806.100,2.87187592E+2,-2.89237885E+2,
806.400,0.00000000E+0,-5.77551384E+1,
806.700,1.16038246E+2,0.00000000E+0,
807.00,1.17059761E+2,-1.16988274E+2,
807.300,5.85985794E+1,-4.11258728E+2,
807.600,2.95203674E+2,-1.77911377E+2,
807.900,1.19009308E+2,2.37620346E+2,
808.200,4.18777527E+2,-1.19871529E+2,
808.500,1.20167984E+2,-2.42332840E+2,
808.800,6.05319710E+1,1.82578827E+2,
809.100,4.26756195E+2,-1.83020126E+2,
809.400,0.00000000E+0,-1.84395874E+2,
809.700,2.46314468E+2,-3.08258331E+2,
810.00,-1.86082230E+2,-1.24208450E+2,
810.300,4.99701599E+2,0.00000000E+0,
810.600,1.25653542E+2,-3.14867798E+2,
810.900,4.44122559E+2,-2.54305344E+2,
811.200,-1.27524338E+2,3.19558380E+2,
811.500,0.00000000E+0,-6.45318756E+1,
811.800,6.49500046E+1,-2.59179596E+2,
812.100,3.25466675E+2,-1.97528214E+2,
812.400,2.63733368E+2,-1.31857361E+2,
812.700,2.65895721E+2,-2.00078705E+2,
813.00,4.01015472E+2,-1.34208755E+2,
813.300,5.38892822E+2,6.74369278E+1,
813.600,5.42479858E+2,-1.36604004E+2,
813.900,-6.87154999E+1,0.00000000E+0,
814.200,3.45250824E+2,0.00000000E+0,
814.500,1.38927597E+2,2.79388123E+2,
814.800,7.00468521E+1,-4.22950958E+2,
815.100,4.97778076E+2,1.41526382E+2,
815.400,-7.10312271E+1,-1.42963135E+2,
815.700,-1.43934357E+2,7.17633362E+1,
816.00,1.45889481E+2,-5.83708374E+2,
816.300,7.32123337E+1,7.35097275E+1,
816.600,3.71324799E+2,2.21206207E+2,
816.900,7.43530731E+1,-2.99809845E+2,
817.200,1.50741486E+2,-1.51221588E+2,
817.500,0.00000000E+0,-7.57369614E+1,
817.800,1.52736710E+2,-7.67815933E+1,
818.100,7.73476028E+1,-1.54765671E+2,
818.400,3.91323151E+2,-3.90167297E+2,
818.700,2.35841797E+2,-2.36611526E+2,
819.00,4.79704224E+2,-4.78638550E+2,
819.300,-8.04615860E+1,-4.02550476E+2,
819.600,3.25031464E+2,-4.90412018E+2,
819.900,5.75655090E+2,-6.59587952E+2,
820.200,0.00000000E+0,-8.34571915E+1,
820.500,4.18667023E+2,-3.37217865E+2,
820.800,-1.69135391E+2,-5.10492065E+2,
821.100,8.58976974E+1,-4.31393982E+2,
821.400,6.08070557E+2,-4.34851715E+2,
821.700,5.30327698E+2,-1.76261261E+2,
822.00,6.21526245E+2,3.57182465E+2,
822.300,9.91281555E+2,-3.61147064E+2,
822.600,2.73922821E+2,-2.74407135E+2,
822.900,1.84798248E+2,-2.77936859E+2,
823.200,0.00000000E+0,-1.87468369E+2,
823.500,-1.90058380E+2,-2.86139740E+2,
823.800,2.89719879E+2,-5.78450439E+2,
824.100,5.90017151E+2,-4.90727753E+2,
824.400,3.97511414E+2,-2.98784515E+2,
824.700,6.06899780E+2,0.00000000E+0,
825.00,-2.04973907E+2,-8.21904419E+2,
825.300,1.03932343E+2,6.22786011E+2,
825.600,3.17334717E+2,-3.16826904E+2,
825.900,3.21100067E+2,1.07194176E+2,
826.200,7.61230774E+2,3.26547485E+2,
826.500,1.10704089E+3,-4.43291901E+2,
826.800,3.37812286E+2,3.37927429E+2,
827.100,3.42414185E+2,-1.14642891E+2,
827.400,-1.16419167E+2,-3.49551849E+2,
827.700,4.73598389E+2,-4.73732269E+2,
828.00,1.19632202E+2,-2.40697891E+2,
828.300,2.44848160E+2,-1.22734650E+2,
828.600,0.00000000E+0,-2.51156204E+2,
828.900,2.54895218E+2,-8.92001526E+2,
829.200,0.00000000E+0,-5.18902527E+2,
829.500,0.00000000E+0,-1.32381805E+2,
829.800,2.69794708E+2,8.13496338E+2,
830.100,4.14542236E+2,-5.51998596E+2,
