0.005CR-FITTED-62.64%
  QY = 62.64%
Labels,0,KONGBAI-2,
Type,Emission Scan,Emission Scan,
Comment,,,
Start,435.00,435.00,
Stop,830.100,830.100,
Step,0.300,0.300,
Fixed/Offset,445.00,445.00,
Xaxis,Wavelength,Wavelength,
Yaxis,Counts,Counts,
Scan Corr. by File,True,True,
Corr. by Ref. Det.,True,True,
Fixed/Offset Corr. by File,False,False,
Repeats,1,1,
Dwell Time,0.20,0.20,
Lamp,Xenon,Xenon,
Temp,0.00,0.00,
Scan Polariser,None,None,
Scan Slit,0.23999718,0.23999718,
Fixed/Offset Polariser,None,None,
Fixed/Offset Slit,2.10,2.10,
Detector,Det 1,Det 1,

435.00,5.41280389E-1,2.15805602E+0,
435.300,1.08369565E+0,2.70876980E+0,
435.600,2.16813970E+0,0.00000000E+0,
435.900,3.27415848E+0,6.50981665E+0,
436.200,4.33614588E+0,2.17301893E+0,
436.500,2.18216634E+0,1.63075447E+0,
436.800,1.09025908E+0,5.95742846E+0,
437.100,4.35854053E+0,5.43150568E+0,
437.400,5.44644415E-1,8.13079548E+0,
437.700,7.08538246E+0,8.17040539E+0,
438.00,1.36158266E+1,2.23524342E+1,
438.300,1.86914692E+1,2.82940178E+1,
438.600,3.22770805E+1,4.61784782E+1,
438.900,5.34439621E+1,6.65987320E+1,
439.200,6.07422867E+1,8.31531906E+1,
439.500,7.70022125E+1,1.13652908E+2,
439.800,1.13868752E+2,1.30521881E+2,
440.100,1.54238220E+2,1.96487732E+2,
440.400,2.08160187E+2,2.31915604E+2,
440.700,2.41734238E+2,2.73976166E+2,
441.00,2.78798370E+2,3.33794128E+2,
441.300,3.08857697E+2,4.19539673E+2,
441.600,4.23862030E+2,4.94908447E+2,
441.900,4.79465515E+2,5.30935181E+2,
442.200,5.89985535E+2,7.43472778E+2,
442.500,7.20715393E+2,8.76957153E+2,
442.800,9.34915649E+2,1.13779590E+3,
443.100,1.96779346E+3,2.74853125E+3,
443.400,7.37604541E+3,9.94922168E+3,
443.700,2.14718262E+4,2.84942637E+4,
444.00,4.24812734E+4,5.48570391E+4,
444.300,6.63163828E+4,8.45256406E+4,
444.600,8.93260703E+4,1.12360547E+5,
444.900,1.12245297E+5,1.40292203E+5,
445.200,1.30118430E+5,1.61939344E+5,
445.500,1.37005078E+5,1.67371484E+5,
445.800,1.28465734E+5,1.57342781E+5,
446.100,1.08352305E+5,1.31287094E+5,
446.400,8.70343828E+4,1.04067305E+5,
446.700,6.29911563E+4,7.47326719E+4,
447.00,3.97309766E+4,4.66258203E+4,
447.300,2.02117266E+4,2.32695684E+4,
447.600,6.24110791E+3,6.93103564E+3,
447.900,1.58834326E+3,1.89847229E+3,
448.200,8.72814148E+2,1.04551843E+3,
448.500,7.00461487E+2,8.00992004E+2,
448.800,5.47903809E+2,6.57676697E+2,
449.100,4.53355255E+2,5.36544373E+2,
449.400,4.06655640E+2,4.46254639E+2,
449.700,3.11440643E+2,3.99778473E+2,
450.00,2.87540802E+2,3.24326599E+2,
450.300,2.69105927E+2,3.15661713E+2,
450.600,1.95640427E+2,2.82758972E+2,
450.900,2.19308014E+2,2.36247345E+2,
451.200,1.65960663E+2,2.09562943E+2,
451.500,1.39846527E+2,1.73782547E+2,
451.800,1.18340141E+2,1.39011871E+2,
452.100,1.16669426E+2,1.30063812E+2,
452.400,1.01731758E+2,9.19569473E+1,
452.700,6.31908073E+1,9.33218079E+1,
453.00,6.57458801E+1,8.13153992E+1,
453.300,5.02036781E+1,6.02985764E+1,
453.600,3.56929855E+1,3.89443016E+1,
453.900,2.86039467E+1,2.91596127E+1,
454.200,1.94810734E+1,1.87322865E+1,
454.500,1.48492203E+1,2.26240673E+1,
454.800,1.80510426E+1,1.03205776E+1,
455.100,1.60857162E+1,1.99219894E+1,
455.400,1.66943054E+1,1.86342087E+1,
455.700,1.66636486E+1,1.85444412E+1,
456.00,1.14976072E+1,1.21018686E+1,
456.300,1.41075153E+1,2.16419563E+1,
456.600,1.08701677E+1,1.77999172E+1,
456.900,1.58030462E+1,1.51234293E+1,
457.200,5.04432917E+0,1.32458658E+1,
457.500,1.82706718E+1,1.57123928E+1,
457.800,1.18952074E+1,1.25151730E+1,
458.100,8.79454613E+0,1.61737480E+1,
458.400,1.19131546E+1,1.67763042E+1,
458.700,1.17744894E+1,1.80227833E+1,
459.00,1.30201740E+1,2.78591194E+1,
459.300,1.28877964E+1,2.45623264E+1,
459.600,2.02191792E+1,1.41995287E+1,
459.900,1.22546768E+1,2.01490688E+1,
460.200,1.58257732E+1,1.83273716E+1,
460.500,1.45887861E+1,1.82163181E+1,
460.800,2.30335674E+1,2.36227055E+1,
461.100,1.57355042E+1,1.80491734E+1,
461.400,1.44232826E+1,2.22381744E+1,
461.700,1.61805210E+1,1.19682856E+1,
462.00,1.73866158E+1,2.38155327E+1,
462.300,2.02167549E+1,1.90820770E+1,
462.600,2.02224178E+1,1.30434151E+1,
462.900,1.30101919E+1,1.48363352E+1,
463.200,1.65462379E+1,1.77265167E+1,
463.500,1.18319960E+1,2.64957390E+1,
463.800,1.29671974E+1,2.05958080E+1,
464.100,1.57765036E+1,2.05624905E+1,
464.400,1.63838234E+1,1.63546143E+1,
464.700,1.99532261E+1,1.69596806E+1,
465.00,2.45247059E+1,2.26909828E+1,
465.300,1.57216272E+1,2.72569904E+1,
465.600,1.56916714E+1,2.08124523E+1,
465.900,2.43488827E+1,2.89856453E+1,
466.200,1.50812998E+1,2.90505943E+1,
466.500,2.31573563E+1,2.18845043E+1,
466.800,1.61231289E+1,2.35875378E+1,
467.100,2.41812019E+1,1.73061790E+1,
467.400,2.06796341E+1,2.47005157E+1,
467.700,2.01171970E+1,1.49750872E+1,
468.00,2.12495651E+1,2.29775257E+1,
468.300,2.19039421E+1,2.57139416E+1,
468.600,1.94066925E+1,1.94653549E+1,
468.900,1.02949791E+1,2.35268211E+1,
469.200,2.10923576E+1,2.27755795E+1,
469.500,1.89347210E+1,1.76524143E+1,
469.800,1.83239117E+1,2.62952518E+1,
470.100,1.54628782E+1,1.94839497E+1,
470.400,2.21958866E+1,2.67988434E+1,
470.700,2.17515926E+1,2.67948341E+1,
471.00,2.51164818E+1,2.22280426E+1,
471.300,1.88625908E+1,2.28158569E+1,
471.600,1.89500179E+1,1.99810238E+1,
471.900,2.62549000E+1,3.06689644E+1,
472.200,1.99967403E+1,2.56740818E+1,
472.500,3.02078609E+1,2.22534161E+1,
472.800,2.85566978E+1,3.24299698E+1,
473.100,1.82895851E+1,2.96684914E+1,
473.400,2.51743755E+1,1.94371681E+1,
473.700,2.24698563E+1,2.81162739E+1,
474.00,1.82983112E+1,2.90822239E+1,
474.300,2.85877876E+1,2.84680920E+1,
474.600,2.16865292E+1,3.36944885E+1,
474.900,2.11950111E+1,2.57012978E+1,
475.200,1.60771656E+1,2.23502159E+1,
475.500,2.92189484E+1,2.98467865E+1,
475.800,2.17979889E+1,2.18641739E+1,
476.100,3.27952881E+1,2.42166176E+1,
476.400,2.53782101E+1,3.29767036E+1,
476.700,2.70251198E+1,2.47635174E+1,
477.00,2.19616985E+1,3.04668617E+1,
477.300,2.54206505E+1,2.36125965E+1,
477.600,2.02014294E+1,3.94125862E+1,
477.900,2.55334034E+1,2.59714527E+1,
478.200,2.09210186E+1,2.77654572E+1,
478.500,2.15243034E+1,2.95693207E+1,
478.800,1.67961369E+1,2.55718269E+1,
479.100,2.14823570E+1,3.53232193E+1,
479.400,2.74516125E+1,2.56120129E+1,
479.700,2.56011028E+1,2.73100204E+1,
480.00,2.28451920E+1,3.03428497E+1,
480.300,2.39825325E+1,3.05569668E+1,
480.600,2.21967297E+1,3.49954109E+1,
480.900,3.04652176E+1,2.98985481E+1,
481.200,2.70486279E+1,2.87534561E+1,
481.500,2.12057667E+1,2.81847210E+1,
481.800,2.65771904E+1,2.65897026E+1,
482.100,3.11992893E+1,2.12042122E+1,
482.400,2.58887768E+1,3.59391251E+1,
482.700,2.66314240E+1,3.24372826E+1,
483.00,3.02208996E+1,3.24227142E+1,
483.300,2.13511105E+1,2.25356903E+1,
483.600,3.21047745E+1,3.62814369E+1,
483.900,2.67820091E+1,3.45339012E+1,
484.200,3.09430561E+1,3.35208778E+1,
484.500,2.79837399E+1,3.65299225E+1,
484.800,3.40608139E+1,3.47060242E+1,
485.100,2.93576221E+1,3.06158485E+1,
485.400,2.94986534E+1,2.63113899E+1,
485.700,2.89245701E+1,2.95869179E+1,
486.00,2.96777020E+1,3.26046600E+1,
486.300,2.84718590E+1,3.87332802E+1,
486.600,3.26662712E+1,2.72972031E+1,
486.900,3.21634331E+1,3.76178970E+1,
487.200,3.11721325E+1,3.02899818E+1,
487.500,2.98692436E+1,3.49335899E+1,
487.800,3.06401463E+1,3.11215038E+1,
488.100,3.48496933E+1,3.55387344E+1,
488.400,2.96103477E+1,4.24857063E+1,
488.700,2.70968456E+1,2.58876057E+1,
489.00,2.90941505E+1,4.06099052E+1,
489.300,2.78807316E+1,2.84082947E+1,
489.600,2.60921478E+1,3.41601677E+1,
489.900,2.67655048E+1,3.79387169E+1,
490.200,2.93052425E+1,4.20221558E+1,
490.500,2.81243801E+1,2.81386509E+1,
490.800,2.45381374E+1,3.64099541E+1,
491.100,3.01479015E+1,3.25815239E+1,
491.400,3.28391533E+1,3.32887421E+1,
491.700,2.64307404E+1,3.34473839E+1,
492.00,3.10103188E+1,3.47375832E+1,
492.300,3.10671082E+1,2.84775677E+1,
492.600,2.85608559E+1,3.47744217E+1,
492.900,2.48518219E+1,3.75090141E+1,
493.200,4.09385109E+1,4.64135513E+1,
493.500,2.63759556E+1,3.32595901E+1,
493.800,2.11116638E+1,3.13890953E+1,
494.100,2.75867157E+1,3.45995903E+1,
494.400,3.29127274E+1,3.53840294E+1,
494.700,2.90965023E+1,4.18855896E+1,
495.00,3.16256084E+1,3.81613312E+1,
495.300,2.77504425E+1,3.62521820E+1,
495.600,2.33938980E+1,4.54279480E+1,
495.900,2.73604774E+1,2.80452995E+1,
496.200,2.47063351E+1,3.52649231E+1,
496.500,3.79866486E+1,3.53070679E+1,
496.800,3.72844620E+1,3.13946171E+1,
497.100,2.76874809E+1,3.81434860E+1,
497.400,3.34543953E+1,3.14915352E+1,
497.700,2.44309998E+1,4.53410301E+1,
498.00,2.95496483E+1,3.63862839E+1,
498.300,3.37415657E+1,3.57392159E+1,
498.600,3.44588394E+1,2.85962715E+1,
498.900,2.92917728E+1,3.31197701E+1,
499.200,2.93740902E+1,4.12702179E+1,
499.500,2.60382824E+1,3.53363647E+1,
499.800,3.35241280E+1,3.88480110E+1,
500.100,3.49801865E+1,3.89196472E+1,
500.400,3.88917160E+1,3.63734856E+1,
500.700,3.10663662E+1,3.08831692E+1,
501.00,2.50834160E+1,3.03862476E+1,
501.300,2.22776241E+1,3.25960197E+1,
501.600,3.87153625E+1,3.93662415E+1,
501.900,2.39642105E+1,3.73360519E+1,
502.200,2.58023872E+1,3.54990654E+1,
502.500,3.41240959E+1,3.82651443E+1,
502.800,3.29911194E+1,2.66728611E+1,
503.100,2.40018787E+1,3.28209991E+1,
503.400,2.96781101E+1,3.65298309E+1,
503.700,2.97114334E+1,2.47414951E+1,
504.00,2.35657825E+1,4.92229538E+1,
504.300,2.77302437E+1,3.94478493E+1,
504.600,3.11489105E+1,2.83195076E+1,
504.900,3.54619789E+1,5.21999245E+1,
505.200,3.69311256E+1,3.84308586E+1,
505.500,3.00236340E+1,4.26565552E+1,
505.800,2.72776241E+1,3.56556473E+1,
506.100,2.88003502E+1,3.71898117E+1,
506.400,3.02424259E+1,3.94822884E+1,
506.700,2.46316986E+1,3.44885750E+1,
507.00,2.48203278E+1,3.25754738E+1,
507.300,3.05832043E+1,3.87683067E+1,
507.600,2.34797115E+1,4.69081383E+1,
507.900,2.28547077E+1,3.64202309E+1,
508.200,3.43112831E+1,4.28450241E+1,
508.500,3.29234848E+1,3.22547913E+1,
508.800,2.66067543E+1,3.16535091E+1,
509.100,3.02745171E+1,3.59623566E+1,
509.400,2.45123062E+1,2.94631615E+1,
509.700,3.03249798E+1,4.12395287E+1,
510.00,2.90238342E+1,3.53833885E+1,
510.300,2.82441521E+1,3.54871483E+1,
510.600,2.04170265E+1,4.35651207E+1,
510.900,2.61948566E+1,3.41493797E+1,
511.200,5.02564087E+1,2.68773651E+1,
511.500,2.86038876E+1,4.16042786E+1,
511.800,3.52456360E+1,3.74918213E+1,
512.100,3.10721874E+1,3.38537941E+1,
512.400,3.69837074E+1,3.47649078E+1,
512.700,2.74866486E+1,3.41015282E+1,
513.00,2.08057556E+1,2.66541634E+1,
513.300,4.46148720E+1,3.11295643E+1,
513.600,2.77134972E+1,3.79194794E+1,
513.900,2.60751152E+1,3.56192932E+1,
514.200,2.84165096E+1,2.69712830E+1,
514.500,2.63488598E+1,3.14471302E+1,
514.800,3.31901741E+1,3.84036140E+1,
515.100,2.94256344E+1,3.92160225E+1,
515.400,2.41711292E+1,3.34093094E+1,
515.700,2.49785080E+1,2.86604557E+1,
516.00,3.25939484E+1,3.26962852E+1,
516.300,2.50410042E+1,2.58471680E+1,
516.600,2.43216553E+1,2.66890869E+1,
516.900,2.51681728E+1,4.36226349E+1,
517.200,3.53270493E+1,2.76684418E+1,
517.500,2.85145435E+1,3.76862946E+1,
517.800,2.94114037E+1,2.30099297E+1,
518.100,2.69546566E+1,4.62150879E+1,
518.400,3.32899437E+1,3.55992432E+1,
518.700,3.34794884E+1,4.18606758E+1,
519.00,3.34955711E+1,2.57178040E+1,
519.300,2.34974880E+1,2.96124725E+1,
519.600,2.27360287E+1,1.95526981E+1,
519.900,2.90198383E+1,2.82509460E+1,
520.200,2.66049557E+1,3.93134689E+1,
520.500,2.75731125E+1,4.25520325E+1,
520.800,2.85199718E+1,3.78418236E+1,
521.100,2.76787071E+1,3.39484177E+1,
521.400,3.65743561E+1,3.64832611E+1,
521.700,3.65109215E+1,3.49541817E+1,
522.00,1.91940022E+1,2.31165142E+1,
522.300,2.24124985E+1,4.01299438E+1,
522.600,2.32732220E+1,3.60174713E+1,
522.900,2.74031696E+1,2.64439907E+1,
523.200,2.73637180E+1,3.45750999E+1,
523.500,2.25856380E+1,4.03763275E+1,
523.800,2.34577198E+1,3.80484657E+1,
524.100,2.19277859E+1,3.07973652E+1,
524.400,2.92942257E+1,3.33072166E+1,
524.700,2.78282280E+1,1.62372208E+1,
525.00,3.83664742E+1,3.01550465E+1,
525.300,3.21083183E+1,2.38098183E+1,
525.600,2.95919037E+1,2.79836922E+1,
525.900,3.05893326E+1,2.54851570E+1,
526.200,1.89840355E+1,3.87332916E+1,
526.500,3.23043556E+1,4.55952263E+1,
526.800,2.99584980E+1,2.14648552E+1,
527.100,2.82961407E+1,2.09124050E+1,
527.400,2.75002632E+1,3.66757240E+1,
527.700,2.67267570E+1,3.34288254E+1,
528.00,3.18600903E+1,3.18153191E+1,
528.300,3.02731762E+1,2.85876579E+1,
528.600,1.51670790E+1,2.94112186E+1,
528.900,3.54757156E+1,4.06201477E+1,
529.200,2.46647530E+1,2.54189720E+1,
529.500,3.47685585E+1,4.32625732E+1,
529.800,2.04562855E+1,3.55923996E+1,
530.100,2.73503475E+1,3.24921341E+1,
530.400,2.47777634E+1,2.89815445E+1,
530.700,2.83890572E+1,3.94316025E+1,
531.00,2.75497379E+1,3.00351543E+1,
531.300,3.10961056E+1,4.39396744E+1,
531.600,2.59820862E+1,3.04201565E+1,
531.900,2.33980694E+1,3.38004723E+1,
532.200,2.87954178E+1,3.56193237E+1,
532.500,2.34598579E+1,3.93358154E+1,
532.800,3.22850914E+1,2.79788399E+1,
533.100,2.53331566E+1,3.05423794E+1,
533.400,2.91703644E+1,3.85591774E+1,
533.700,2.39107437E+1,3.80065880E+1,
534.00,2.12137432E+1,3.27639923E+1,
534.300,8.85762024E+0,2.47954330E+1,
534.600,2.40174580E+1,3.18942204E+1,
534.900,2.13429756E+1,3.10259037E+1,
535.200,2.22073441E+1,2.67371159E+1,
535.500,3.12025986E+1,4.10801926E+1,
535.800,2.33514481E+1,2.33275681E+1,
536.100,2.77916470E+1,3.24235992E+1,
536.400,2.97556171E+1,2.51820965E+1,
536.700,1.98745136E+1,3.42073669E+1,
537.00,2.36971016E+1,4.16924210E+1,
537.300,2.72580433E+1,2.91007004E+1,
537.600,1.27539263E+1,3.46258163E+1,
537.900,2.64490814E+1,2.73141136E+1,
538.200,3.38781281E+1,2.64987736E+1,
538.500,2.47797375E+1,2.30009823E+1,
538.800,3.04447594E+1,3.57795372E+1,
539.100,2.87406235E+1,2.11909046E+1,
539.400,2.31512547E+1,2.03150597E+1,
539.700,1.67185402E+1,3.52282486E+1,
540.00,1.95458565E+1,2.32048264E+1,
540.300,3.07800217E+1,2.05422039E+1,
540.600,2.61658096E+1,3.36517029E+1,
540.900,2.24563370E+1,3.38356094E+1,
541.200,2.27198124E+1,2.63157902E+1,
541.500,1.97923985E+1,2.07286301E+1,
541.800,1.59722357E+1,2.17883224E+1,
542.100,3.04135113E+1,3.59050941E+1,
542.400,3.51766930E+1,2.27265053E+1,
542.700,2.75728264E+1,3.61477737E+1,
543.00,3.25648613E+1,3.62180595E+1,
543.300,1.15118103E+1,2.19286995E+1,
543.600,2.78132896E+1,2.77845554E+1,
543.900,2.60145569E+1,3.96119308E+1,
544.200,1.63872108E+1,2.03755589E+1,
544.500,3.08743610E+1,2.22895222E+1,
544.800,1.55524607E+1,1.73685608E+1,
545.100,2.62448616E+1,3.97968216E+1,
545.400,1.94868298E+1,2.25137806E+1,
545.700,1.76597328E+1,1.85036278E+1,
546.00,2.55272179E+1,1.86209526E+1,
546.300,2.86296673E+1,1.37442255E+1,
546.600,3.75081291E+1,4.13698196E+1,
546.900,2.85769882E+1,3.26834717E+1,
547.200,2.08022556E+1,2.47228184E+1,
547.500,3.27783318E+1,2.28116493E+1,
547.800,1.79471092E+1,2.29505749E+1,
548.100,1.89963531E+1,2.48892059E+1,
548.400,1.59814873E+1,2.09983139E+1,
548.700,2.52155571E+1,2.00884151E+1,
549.00,1.20520954E+1,1.70413532E+1,
549.300,3.13913479E+1,2.42456169E+1,
549.600,2.52321892E+1,3.45426826E+1,
549.900,1.73515606E+1,3.55151367E+1,
550.200,2.34907379E+1,5.18926888E+1,
550.500,2.03873425E+1,2.86118946E+1,
550.800,2.56492329E+1,1.83679237E+1,
551.100,1.84877167E+1,2.05695553E+1,
551.400,2.05556870E+1,2.37090302E+1,
551.700,4.02947540E+1,1.85898056E+1,
552.00,1.66256142E+1,1.95845966E+1,
552.300,1.55488758E+1,4.24866295E+1,
552.600,1.04045763E+1,2.50714951E+1,
552.900,2.70461884E+1,3.64562073E+1,
553.200,1.56830120E+1,2.81376381E+1,
553.500,3.14752769E+1,2.20270329E+1,
553.800,2.73590431E+1,2.63116760E+1,
554.100,1.89158993E+1,3.15964737E+1,
554.400,1.90425663E+1,1.90594692E+1,
554.700,1.80575180E+1,2.22519417E+1,
555.00,1.69448051E+1,1.27024298E+1,
555.300,1.91663246E+1,2.66100006E+1,
555.600,2.24365425E+1,2.67045155E+1,
555.900,1.28917761E+1,2.15200672E+1,
556.200,1.71932659E+1,4.11337700E+1,
556.500,1.40654907E+1,2.37619705E+1,
556.800,3.13689175E+1,2.16367931E+1,
557.100,2.60031776E+1,2.59700432E+1,
557.400,2.60352993E+1,1.19964247E+1,
557.700,2.07941322E+1,2.39692307E+1,
558.00,2.84688358E+1,1.74955730E+1,
558.300,1.85786972E+1,2.63479996E+1,
558.600,1.43475218E+1,1.86815681E+1,
558.900,2.65531273E+1,2.86660862E+1,
559.200,1.99272747E+1,3.32377357E+1,
559.500,2.78395519E+1,2.87637901E+1,
559.800,2.11565704E+1,1.99786510E+1,
560.100,2.45954571E+1,1.56401901E+1,
560.400,1.45084677E+1,2.55794220E+1,
560.700,2.13589554E+1,3.59309273E+1,
561.00,2.25764999E+1,3.03083076E+1,
561.300,1.69352779E+1,2.36908283E+1,
561.600,1.01926785E+1,2.71958485E+1,
561.900,2.38722878E+1,2.49982986E+1,
562.200,1.93318596E+1,2.62479458E+1,
562.500,2.52063389E+1,3.07675705E+1,
562.800,1.37373819E+1,2.98035374E+1,
563.100,2.18462429E+1,1.95948677E+1,
563.400,1.96881008E+1,2.29684429E+1,
563.700,2.31719532E+1,3.11107216E+1,
564.00,2.32241478E+1,2.78290634E+1,
564.300,1.05017920E+1,2.44827232E+1,
564.600,2.21938877E+1,1.75850487E+1,
564.900,3.04773693E+1,1.87372189E+1,
565.200,1.40741348E+1,3.06191559E+1,
565.500,1.41531496E+1,2.35311852E+1,
565.800,2.35948067E+1,2.00794277E+1,
566.100,1.07047310E+1,2.60789490E+1,
566.400,1.18940792E+1,1.66133404E+1,
566.700,1.31227865E+1,2.50521088E+1,
567.00,1.80750675E+1,2.51360512E+1,
567.300,1.91417370E+1,1.43399324E+1,
567.600,2.88306770E+1,2.65053844E+1,
567.900,2.89048061E+1,1.81001225E+1,
568.200,2.77873421E+1,3.85032082E+1,
568.500,3.78397751E+1,2.06649246E+1,
568.800,1.09801388E+1,1.58563185E+1,
569.100,7.30021429E+0,1.95762215E+1,
569.400,8.57693768E+0,1.96739006E+1,
569.700,1.84870548E+1,1.34991016E+1,
570.00,2.09508915E+1,2.09547997E+1,
570.300,1.72250309E+1,1.73106518E+1,
570.600,8.68481445E+0,2.35589733E+1,
570.900,2.98081207E+1,1.24793310E+1,
571.200,1.99020424E+1,3.49742737E+1,
571.500,1.00017548E+1,7.49799299E+0,
571.800,2.76023178E+1,2.25879250E+1,
572.100,2.26968117E+1,2.50376625E+1,
572.400,1.63892574E+1,1.64302731E+1,
572.700,1.01494131E+1,1.77460480E+1,
573.00,5.05688095E+0,2.42480164E+1,
573.300,1.79367981E+1,2.03789597E+1,
573.600,1.27376995E+1,2.04686832E+1,
573.900,2.43449039E+1,1.66405792E+1,
574.200,2.57437305E+1,2.05858479E+1,
574.500,1.93653946E+1,2.18918266E+1,
574.800,1.81674519E+1,2.84569626E+1,
575.100,2.33224716E+1,1.68550339E+1,
575.400,1.43388233E+1,2.60213642E+1,
575.700,1.56916571E+1,1.30418081E+1,
576.00,1.04619865E+1,1.70758724E+1,
576.300,1.44956503E+1,7.87070799E+0,
576.600,1.98396282E+1,1.97963600E+1,
576.900,9.25501633E+0,2.91017818E+1,
577.200,1.59219074E+1,1.72758312E+1,
577.500,1.60075989E+1,2.12465420E+1,
577.800,2.01604671E+1,1.99517918E+1,
578.100,2.14663734E+1,2.67896557E+0,
578.400,1.61643639E+1,2.42528000E+1,
578.700,1.75144615E+1,1.34767332E+1,
579.00,1.21601534E+1,2.57630062E+1,
579.300,1.89426346E+1,2.17267971E+1,
579.600,1.63871765E+1,5.43010426E+0,
579.900,1.23133965E+1,1.36226130E+1,
580.200,9.61867428E+0,6.83680820E+0,
580.500,2.06022930E+1,2.34392605E+1,
580.800,2.20474739E+1,2.88639870E+1,
581.100,1.24785147E+1,2.21391888E+1,
581.400,1.66358662E+1,1.80770302E+1,
581.700,1.67141705E+1,1.67406769E+1,
582.00,5.59391260E+0,2.37110481E+1,
582.300,1.82182922E+1,1.82582378E+1,
582.600,2.67740383E+1,1.40359230E+1,
582.900,1.96515732E+1,9.87258244E+0,
583.200,2.68005257E+1,1.26782255E+1,
583.500,8.49471092E+0,1.56421442E+1,
583.800,2.84838943E+1,1.70572681E+1,
584.100,1.28133278E+1,8.58116436E+0,
584.400,1.28285027E+1,1.43190384E+1,
584.700,8.60570621E+0,2.44524727E+1,
585.00,7.20082378E+0,8.60421848E+0,
585.300,8.67951012E+0,1.01201591E+1,
585.600,1.44664516E+1,8.65573215E+0,
585.900,8.71364212E+0,2.03288269E+1,
586.200,1.89184570E+1,2.91575832E+1,
586.500,8.78628159E+0,2.05353413E+1,
586.800,1.90315723E+1,2.05240231E+1,
587.100,1.76712818E+1,1.31618700E+1,
587.400,1.03622932E+1,1.61832790E+1,
587.700,1.62455978E+1,2.22379246E+1,
588.00,2.22763367E+1,1.63492432E+1,
588.300,2.97139454E+0,5.92699623E+0,
588.600,1.79222050E+1,1.93488750E+1,
588.900,1.34482546E+1,1.64347534E+1,
589.200,9.02536392E+0,1.20272369E+1,
589.500,1.05524158E+1,1.95080147E+1,
589.800,1.35772524E+1,0.00000000E+0,
590.100,9.10853386E+0,9.10601330E+0,
590.400,3.19825115E+1,2.13355408E+1,
590.700,1.21859589E+1,6.11278820E+0,
591.00,1.53634920E+1,1.07092571E+1,
591.300,2.14673615E+1,9.24307537E+0,
591.600,7.67565250E+0,2.00322800E+1,
591.900,2.15934525E+1,1.54809046E+1,
592.200,6.16858435E+0,6.20022202E+0,
592.500,1.86735649E+1,1.24092169E+1,
592.800,9.34472370E+0,1.56492519E+1,
593.100,1.24874182E+1,1.40985107E+1,
593.400,1.40633965E+1,7.86335850E+0,
593.700,1.10313616E+1,9.44093800E+0,
594.00,7.91968727E+0,1.42277431E+1,
594.300,6.33994436E+0,7.92839718E+0,
594.600,1.90551872E+1,1.59005613E+1,
594.900,6.40384722E+0,0.00000000E+0,
595.200,1.75510445E+1,1.92354183E+1,
595.500,1.12260647E+1,1.44036131E+1,
595.800,1.93101730E+1,6.40509844E+0,
596.100,1.93907051E+1,6.44105768E+0,
596.400,1.29833469E+1,1.29698048E+1,
596.700,6.47710705E+0,9.73325634E+0,
597.00,6.52997208E+0,2.11711197E+1,
597.300,1.30659866E+1,6.55751610E+0,
597.600,6.54536963E+0,4.89896727E+0,
597.900,1.14635515E+1,6.59785938E+0,
598.200,2.14131985E+1,4.97114086E+0,
598.500,2.15280285E+1,2.96471710E+1,
598.800,8.34468269E+0,9.98512363E+0,
599.100,1.99822292E+1,5.00223684E+0,
599.400,1.67094250E+1,5.02166128E+0,
599.700,1.51487951E+1,3.36366749E+0,
600.00,3.38292933E+0,2.19180241E+1,
600.300,1.01422472E+1,6.77517414E+0,
600.600,1.69502659E+1,1.53175325E+1,
600.900,1.19062576E+1,1.35917807E+1,
601.200,1.02371788E+1,1.36927624E+1,
601.500,6.85710239E+0,2.23059616E+1,
601.800,8.57599449E+0,1.73159428E+1,
602.100,0.00000000E+0,6.89982080E+0,
602.400,1.90590191E+1,8.62781715E+0,
602.700,1.55857420E+1,1.39270287E+1,
603.00,8.73087597E+0,5.21942711E+0,
603.300,5.23443651E+0,1.05138578E+1,
603.600,1.75373535E+1,7.01805258E+0,
603.900,1.05829802E+1,5.27982759E+0,
604.200,7.06093740E+0,8.85843086E+0,
604.500,1.06677485E+1,7.10308743E+0,
604.800,1.06430902E+1,-1.77508843E+0,
605.100,1.60590801E+1,7.17270708E+0,
605.400,1.43328485E+1,-5.36702299E+0,
605.700,1.25447865E+1,3.04997082E+1,
606.00,7.25071526E+0,2.17214375E+1,
606.300,1.27253561E+1,1.62904549E+1,
606.600,2.00015812E+1,5.43370390E+0,
606.900,1.46397362E+1,9.12384033E+0,
607.200,3.67318296E+0,1.27828932E+1,
607.500,9.18860435E+0,1.47235289E+1,
607.800,2.02208824E+1,1.85996685E+1,
608.100,3.70529389E+0,7.39959431E+0,
608.400,5.58915424E+0,1.30211372E+1,
608.700,1.68730946E+1,7.51323128E+0,
609.00,1.12205925E+1,7.47511435E+0,
609.300,3.74245787E+0,1.12537451E+1,
609.600,1.51119938E+1,3.77178001E+0,
609.900,1.51805286E+1,-3.80152750E+0,
610.200,1.52894506E+1,5.71332979E+0,
610.500,1.90352559E+0,7.62227249E+0,
610.800,7.62448502E+0,-5.71236467E+0,
611.100,7.71648407E+0,1.73145771E+1,
611.400,1.15831394E+1,1.34665079E+1,
611.700,1.35092926E+1,1.16061754E+1,
612.00,7.77477551E+0,9.72635078E+0,
612.300,1.17137136E+1,-1.94521308E+0,
612.600,1.37029066E+1,2.16567535E+1,
612.900,1.76502113E+1,1.57419930E+1,
613.200,5.91722631E+0,1.18719177E+1,
613.500,9.88416767E+0,5.95480394E+0,
613.800,1.19254208E+1,1.39382524E+1,
614.100,-1.99002576E+0,1.99858391E+0,
614.400,5.99367046E+0,-4.00989199E+0,
614.700,8.06376266E+0,8.04836178E+0,
615.00,1.82718945E+1,2.01982040E+1,
615.300,1.82088318E+1,1.62743587E+1,
615.600,6.10156345E+0,2.25135021E+1,
615.900,1.02304344E+1,0.00000000E+0,
616.200,0.00000000E+0,8.19957638E+0,
616.500,1.03268652E+1,1.44472828E+1,
616.800,-2.06771278E+0,8.27584743E+0,
617.100,1.66059856E+1,6.22624493E+0,
617.400,1.04204302E+1,1.87711143E+1,
617.700,1.67676506E+1,1.05070734E+1,
618.00,2.09981894E+0,2.10002112E+0,
618.300,1.47926407E+1,6.34868383E+0,
618.600,2.11315346E+0,2.12620997E+0,
618.900,1.48800459E+1,8.51167393E+0,
619.200,8.59463501E+0,2.12800455E+0,
619.500,4.28586054E+0,8.60555744E+0,
619.800,-2.16343141E+0,1.51408949E+1,
620.100,2.15851903E+0,-4.31676102E+0,
620.400,2.17721319E+0,1.08604784E+1,
620.700,1.09387770E+1,3.93114777E+1,
621.00,2.64283371E+1,6.55451202E+0,
621.300,2.20040340E+1,3.09152927E+1,
621.600,6.61833143E+0,1.54796124E+1,
621.900,1.55234747E+1,3.33955956E+1,
622.200,1.10940123E+1,1.78694057E+1,
622.500,0.00000000E+0,2.23135424E+0,
622.800,2.24467583E+1,6.74649334E+0,
623.100,1.12711868E+1,6.78294849E+0,
623.400,1.81897259E+1,6.82805586E+0,
623.700,2.28152657E+0,2.28121805E+0,
624.00,9.17652893E+0,-4.56630611E+0,
624.300,9.17135239E+0,0.00000000E+0,
624.600,2.29900093E+1,9.23681641E+0,
624.900,4.63848114E+0,0.00000000E+0,
625.200,2.32394886E+0,9.32937622E+0,
625.500,9.39694500E+0,1.63828716E+1,
625.800,9.42142200E+0,0.00000000E+0,
626.100,-2.35482216E+0,7.06251669E+0,
626.400,4.73320198E+0,7.10003090E+0,
626.700,1.18675108E+1,0.00000000E+0,
627.00,1.67638645E+1,7.15722227E+0,
627.300,7.19039631E+0,1.44256029E+1,
627.600,1.20386047E+1,-2.40451074E+0,
627.900,0.00000000E+0,-7.28549242E+0,
628.200,-2.43653083E+0,-4.87193251E+0,
628.500,1.21989965E+1,2.43635798E+0,
628.800,2.46177864E+0,0.00000000E+0,
629.100,0.00000000E+0,2.47451520E+0,
629.400,7.40299940E+0,4.92561102E+0,
629.700,2.49069524E+0,4.98286629E+0,
630.00,0.00000000E+0,2.50040221E+0,
630.300,2.49873519E+0,0.00000000E+0,
630.600,5.05067587E+0,1.51507607E+1,
630.900,5.05878639E+0,0.00000000E+0,
631.200,1.53004770E+1,0.00000000E+0,
631.500,0.00000000E+0,1.02112885E+1,
631.800,1.02574568E+1,-5.15080166E+0,
632.100,1.29118385E+1,7.75138950E+0,
632.400,2.07507896E+1,5.18037176E+0,
632.700,-2.60716438E+0,-5.20362043E+0,
633.00,2.10376129E+1,7.87091446E+0,
633.300,1.31120558E+1,7.90588474E+0,
633.600,1.85927048E+1,-2.64908504E+0,
633.900,1.59603844E+1,7.98662043E+0,
634.200,1.32718287E+1,-8.02509403E+0,
634.500,2.68518853E+0,-1.06994181E+1,
634.800,1.07723951E+1,0.00000000E+0,
635.100,2.69097733E+0,0.00000000E+0,
635.400,2.71954765E+1,0.00000000E+0,
635.700,-2.72713423E+0,5.43400717E+0,
636.00,1.91727543E+1,-5.48909140E+0,
636.300,-2.75620818E+0,2.21063309E+1,
636.600,1.38365269E+1,1.10824528E+1,
636.900,3.05924149E+1,-2.79980445E+0,
637.200,-2.80646753E+0,5.58477831E+0,
637.500,0.00000000E+0,-5.61895895E+0,
637.800,1.12709360E+1,8.46405411E+0,
638.100,1.42053146E+1,1.13823347E+1,
638.400,0.00000000E+0,2.28238506E+1,
638.700,-2.86168766E+0,0.00000000E+0,
639.00,1.72640858E+1,0.00000000E+0,
639.300,5.78495836E+0,5.77991295E+0,
639.600,2.90199423E+0,-2.91435480E+0,
639.900,2.91547084E+0,8.78099346E+0,
640.200,2.94216704E+0,8.86033535E+0,
640.500,-2.94005561E+0,0.00000000E+0,
640.800,2.97435117E+0,1.48525515E+1,
641.100,8.96637917E+0,5.97109652E+0,
641.400,-8.98982906E+0,2.10209045E+1,
641.700,6.01620865E+0,-9.06298828E+0,
642.00,9.13333321E+0,3.02533340E+0,
642.300,1.21733074E+1,0.00000000E+0,
642.600,2.76217098E+1,-1.22431211E+1,
642.900,3.98470230E+1,1.53852491E+1,
643.200,-3.08386588E+0,1.23518448E+1,
643.500,9.34000111E+0,2.47978191E+1,
643.800,1.56382027E+1,-3.12241769E+0,
644.100,3.13885365E+1,-1.56882210E+1,
644.400,9.46908665E+0,6.30741405E+0,
644.700,1.58433809E+1,-3.16965294E+0,
645.00,6.37129450E+0,9.56738281E+0,
645.300,9.65266705E+0,6.42082357E+0,
645.600,-3.22176433E+0,0.00000000E+0,
645.900,9.70735550E+0,3.25664282E+0,
646.200,2.28316441E+1,3.25910568E+0,
646.500,3.26707745E+0,3.27924728E+0,
646.800,-3.28314924E+0,-1.31654892E+1,
647.100,9.89772892E+0,3.31056142E+0,
647.400,1.98375435E+1,9.98927021E+0,
647.700,2.34272995E+1,-6.70152187E+0,
648.00,1.00583315E+1,-2.35323982E+1,
648.300,3.38516831E+0,3.38069224E+0,
648.600,6.79766178E+0,6.78916502E+0,
648.900,1.02417173E+1,-1.02691727E+1,
649.200,3.44343138E+0,-1.03197412E+1,
649.500,2.77192421E+1,6.91916704E+0,
649.800,2.09179592E+1,2.43645840E+1,
650.100,-3.48792195E+0,-1.05286722E+1,
650.400,3.16354580E+1,-7.01235580E+0,
650.700,1.06471043E+1,1.06244230E+1,
651.00,0.00000000E+0,-1.07175703E+1,
651.300,3.57844329E+0,2.87206402E+1,
651.600,1.43278208E+1,-7.20700073E+0,
651.900,-3.62650418E+0,-1.08906012E+1,
652.200,2.91724739E+1,0.00000000E+0,
652.500,-1.09996214E+1,-1.09588203E+1,
652.800,3.69528627E+0,3.66312933E+0,
653.100,1.10737467E+1,-1.48441706E+1,
653.400,1.49045963E+1,0.00000000E+0,
653.700,1.87205486E+1,3.74888134E+0,
654.00,3.38823853E+1,-1.50806437E+1,
654.300,3.41785355E+1,-3.77966118E+0,
654.600,2.66422997E+1,0.00000000E+0,
654.900,7.63323689E+0,-7.65533924E+0,
655.200,7.70966244E+0,3.86920524E+0,
655.500,3.49587631E+1,-2.32521038E+1,
655.800,7.75712633E+0,0.00000000E+0,
656.100,1.55988398E+1,7.87304926E+0,
656.400,3.55521126E+1,-1.97815533E+1,
656.700,-1.19269333E+1,1.98801403E+1,
657.00,1.20352240E+1,-1.20165586E+1,
657.300,0.00000000E+0,-1.61762657E+1,
657.600,8.10938072E+0,-4.03176355E+0,
657.900,1.63028545E+1,-1.22428741E+1,
658.200,2.86489334E+1,8.19491768E+0,
658.500,4.13205338E+0,-8.30125713E+0,
658.800,4.15171051E+0,1.65670738E+1,
659.100,8.35927868E+0,0.00000000E+0,
659.400,8.44382286E+0,1.68652744E+1,
659.700,0.00000000E+0,0.00000000E+0,
660.00,1.71853161E+1,-3.41868019E+1,
660.300,3.02580643E+1,-4.28885460E+0,
660.600,4.77833900E+1,-4.32911110E+0,
660.900,1.74365482E+1,1.31092854E+1,
661.200,3.06646233E+1,-1.76142578E+1,
661.500,2.21060810E+1,-4.44665432E+0,
661.800,0.00000000E+0,4.47028923E+0,
662.100,9.02361870E+0,4.50040674E+0,
662.400,2.71257706E+1,3.64750328E+1,
662.700,9.21073437E+0,-1.84098320E+1,
663.00,1.85598907E+1,-4.62906551E+0,
663.300,1.86782227E+1,-9.32989216E+0,
663.600,1.89839573E+1,-1.88389263E+1,
663.900,4.77395821E+0,-1.43250065E+1,
664.200,5.76827812E+1,-9.65999317E+0,
664.500,2.43477592E+1,3.41987572E+1,
664.800,5.89749718E+1,-9.81384754E+0,
665.100,1.49032393E+1,0.00000000E+0,
665.400,0.00000000E+0,-5.04008293E+0,
665.700,2.02384434E+1,-5.04867887E+0,
666.00,2.56030712E+1,-1.53278456E+1,
666.300,4.61563225E+1,-1.54366760E+1,
666.600,1.55881090E+1,5.15988159E+0,
666.900,1.56624174E+1,1.03770285E+1,
667.200,5.24691505E+1,5.26092386E+0,
667.500,3.15177803E+1,-5.25528717E+0,
667.800,1.05655746E+1,-2.11415958E+1,
668.100,1.59366617E+1,-1.59246807E+1,
668.400,1.06325312E+1,0.00000000E+0,
668.700,5.32534256E+1,1.59677362E+1,
669.00,1.60488510E+1,-2.14556904E+1,
669.300,5.34688044E+0,-1.07042627E+1,
669.600,5.35380554E+1,-1.07276268E+1,
669.900,3.24695549E+1,1.60911274E+1,
670.200,2.68458614E+1,5.39131260E+0,
670.500,5.92422447E+1,-5.38558912E+0,
670.800,2.68456440E+1,1.07809372E+1,
671.100,1.61567574E+1,5.37013912E+0,
671.400,5.37509613E+1,5.37488937E+1,
671.700,2.69967575E+1,5.38826895E+0,
672.00,2.15959110E+1,5.39821529E+0,
672.300,2.70956154E+1,-1.08235350E+1,
672.600,2.16321430E+1,-2.70911694E+1,
672.900,4.90208168E+1,1.08425531E+1,
673.200,3.80862617E+1,-1.62450085E+1,
673.500,7.01574860E+1,5.43139315E+0,
673.800,1.08755703E+1,-5.42253065E+0,
674.100,3.26147842E+1,5.43730021E+0,
674.400,2.17842999E+1,-1.08867559E+1,
674.700,2.72005310E+1,2.17826653E+1,
675.00,1.63644466E+1,-1.63326149E+1,
675.300,5.45012779E+1,-1.63276386E+1,
675.600,3.28394508E+1,-5.48015976E+0,
675.900,3.29229164E+1,-1.63618355E+1,
676.200,3.80953979E+1,2.18768559E+1,
676.500,6.57044754E+1,0.00000000E+0,
676.800,6.58272400E+1,5.49262571E+0,
677.100,1.09767628E+1,3.30308037E+1,
677.400,2.75161247E+1,-2.75081673E+1,
677.700,6.62228470E+1,3.85510559E+1,
678.00,4.42262955E+1,1.10458994E+1,
678.300,3.85947914E+1,1.10251017E+1,
678.600,5.54317284E+1,1.66259823E+1,
678.900,5.55141258E+1,0.00000000E+0,
679.200,5.54100685E+1,-2.21899776E+1,
679.500,1.66030674E+1,2.77168999E+1,
679.800,4.98636818E+1,-2.22662315E+1,
680.100,1.13264875E+1,-1.13522501E+1,
680.400,4.51104431E+1,-1.70771923E+1,
680.700,8.51402893E+1,2.83813705E+1,
681.00,6.84070435E+1,5.68673992E+0,
681.300,2.84463520E+1,-1.13963881E+1,
681.600,3.99445992E+1,-1.71220837E+1,
681.900,3.43924103E+1,-2.87091770E+1,
682.200,5.70865059E+1,5.74941349E+0,
682.500,2.86479149E+1,-5.74598694E+0,
682.800,2.87824421E+1,1.15043173E+1,
683.100,5.18698006E+1,0.00000000E+0,
683.400,6.93656311E+1,5.77229977E+0,
683.700,5.77180634E+1,1.16096258E+1,
684.00,4.07188148E+1,-2.89979248E+1,
684.300,5.26098862E+1,1.16501799E+1,
684.600,7.57455978E+1,4.09081917E+1,
684.900,4.08554993E+1,-4.07391853E+1,
685.200,5.82529068E+1,-1.75091782E+1,
685.500,5.83585968E+1,1.76217747E+1,
685.800,4.11294289E+1,1.76413136E+1,
686.100,4.11058578E+1,1.75741749E+1,
686.400,4.12658043E+1,-1.76900063E+1,
686.700,3.53748169E+1,-5.90868330E+0,
687.00,8.87817307E+1,5.91707277E+0,
687.300,7.10343475E+1,5.93992472E+0,
687.600,4.76209259E+1,1.19469929E+1,
687.900,6.58285828E+1,4.17996101E+1,
688.200,2.98650379E+1,0.00000000E+0,
688.500,8.98953018E+1,5.98495216E+1,
688.800,8.39845963E+1,-1.20270147E+1,
689.100,9.03196106E+1,1.80106506E+1,
689.400,8.46365204E+1,4.83094139E+1,
689.700,8.48627853E+1,6.07083130E+0,
690.00,6.07679863E+1,6.09135008E+0,
690.300,8.54160233E+1,2.44993935E+1,
690.600,4.90771904E+1,0.00000000E+0,
690.900,7.35683289E+1,-1.83233757E+1,
691.200,6.80036011E+1,1.23520937E+1,
691.500,5.54605293E+1,0.00000000E+0,
691.800,5.58386726E+1,-1.23948746E+1,
692.100,6.82490234E+1,6.24028158E+0,
692.400,8.13416824E+1,0.00000000E+0,
692.700,8.15307541E+1,1.25260077E+1,
693.00,1.13019798E+2,-6.24360228E+0,
693.300,1.13642822E+2,0.00000000E+0,
693.600,9.43542328E+1,6.31670380E+0,
693.900,8.19533768E+1,-6.35431433E+0,
694.200,1.33162811E+2,1.90458164E+1,
694.500,1.27489258E+2,-6.37029505E+0,
694.800,1.29008316E+2,-3.83442497E+1,
695.100,7.71476746E+1,-1.93369484E+1,
695.400,7.09144516E+1,1.29223776E+1,
695.700,1.42972778E+2,-2.61087170E+1,
696.00,9.09881363E+1,-6.51281548E+0,
696.300,1.50780411E+2,-2.61387711E+1,
696.600,8.54663315E+1,6.54684782E+0,
696.900,1.25092392E+2,0.00000000E+0,
697.200,1.38828979E+2,-6.61183786E+0,
697.500,5.31402092E+1,-3.32077217E+1,
697.800,1.47433029E+2,0.00000000E+0,
698.100,1.87020798E+2,-1.34341135E+1,
698.400,1.20756958E+2,-4.02786827E+1,
698.700,7.43321533E+1,-2.70744934E+1,
699.00,5.40172768E+1,-4.08155212E+1,
699.300,5.45653305E+1,-3.39861298E+1,
699.600,6.14342575E+1,-1.36747227E+1,
699.900,1.16802521E+2,3.41244659E+1,
700.200,7.56418076E+1,5.49469681E+1,
700.500,8.99807205E+1,-4.84639397E+1,
700.800,1.87443069E+2,-2.08276768E+1,
701.100,1.32158432E+2,-3.49103928E+1,
701.400,2.09834000E+2,3.50520134E+1,
701.700,1.47774429E+2,1.39918385E+1,
702.00,1.26733284E+2,4.94423637E+1,
702.300,1.62717438E+2,4.26476936E+1,
702.600,1.85936295E+2,-3.56616821E+1,
702.900,1.35433823E+2,-2.15383873E+1,
703.200,1.73498016E+2,-1.43615808E+1,
703.500,1.29974304E+2,5.05894814E+1,
703.800,1.44543701E+2,4.35500526E+1,
704.100,1.38016296E+2,-2.19578552E+1,
704.400,1.53617386E+2,-1.47157173E+1,
704.700,1.83578049E+2,-1.46798315E+1,
705.00,1.69480270E+2,2.21393604E+1,
705.300,1.26486923E+2,-1.47967367E+1,
705.600,1.48988129E+2,-7.45280838E+0,
705.900,1.72010666E+2,-7.47411442E+0,
706.200,1.27206146E+2,-1.50404158E+1,
706.500,1.59161560E+2,-7.56827831E+0,
706.800,1.28981613E+2,-1.50930653E+1,
707.100,1.44076889E+2,0.00000000E+0,
707.400,1.37401382E+2,-1.53214283E+1,
707.700,1.15140335E+2,-7.71035337E+0,
708.00,1.62788330E+2,0.00000000E+0,
708.300,1.39632385E+2,-5.44213524E+1,
708.600,2.18653687E+2,-2.33978271E+1,
708.900,2.19094757E+2,0.00000000E+0,
709.200,1.65350723E+2,3.14362106E+1,
709.500,1.02709503E+2,-3.18122578E+1,
709.800,5.58225365E+1,0.00000000E+0,
710.100,1.51613159E+2,-1.60761948E+1,
710.400,2.49076050E+2,0.00000000E+0,
710.700,1.28893387E+2,-8.09396553E+0,
711.00,2.02359940E+2,-8.12793827E+0,
711.300,8.18338776E+1,8.18312454E+0,
711.600,1.48072601E+2,-2.46024628E+1,
711.900,1.40229019E+2,2.47094135E+1,
712.200,1.48655518E+2,1.65457039E+1,
712.500,2.16606155E+2,8.36929417E+0,
712.800,2.67237122E+2,-4.18339348E+1,
713.100,1.58981125E+2,-2.51615314E+1,
713.400,1.85412506E+2,-1.69220963E+1,
713.700,3.05171631E+2,5.10713844E+1,
714.00,1.62248489E+2,0.00000000E+0,
714.300,1.79805603E+2,0.00000000E+0,
714.600,2.85006348E+2,-6.02572212E+1,
714.900,2.41459091E+2,-8.65409660E+0,
715.200,2.17359802E+2,-8.73237419E+0,
715.500,2.10890610E+2,-1.75284309E+1,
715.800,1.76463104E+2,-3.51508789E+1,
716.100,1.50731522E+2,-3.54550514E+1,
716.400,1.69165817E+2,0.00000000E+0,
716.700,1.78912918E+2,-3.57453728E+1,
717.00,1.80398438E+2,-8.98339558E+0,
717.300,2.26267776E+2,-3.61812096E+1,
717.600,3.01345642E+2,0.00000000E+0,
717.900,2.83230743E+2,-2.74095993E+1,
718.200,1.93621033E+2,1.83331776E+1,
718.500,1.76084595E+2,-2.76865330E+1,
718.800,1.94487366E+2,-9.26005840E+0,
719.100,2.05878220E+2,9.39049435E+0,
719.400,2.07289688E+2,0.00000000E+0,
719.700,1.88198273E+2,-1.88880253E+1,
720.00,2.65055664E+2,-9.51625824E+0,
720.300,1.91097946E+2,-1.90342712E+1,
720.600,2.49380646E+2,4.80621223E+1,
720.900,2.12249924E+2,3.84663620E+1,
721.200,1.83986313E+2,-9.75750732E+0,
721.500,2.52510254E+2,9.80917645E+0,
721.800,1.86844467E+2,-1.96883793E+1,
722.100,2.55803177E+2,2.96856136E+1,
722.400,2.47786560E+2,1.98996925E+1,
722.700,3.00786407E+2,-1.00024471E+1,
723.00,2.82650665E+2,-3.01983109E+1,
723.300,2.51802811E+2,-2.02380562E+1,
723.600,2.13206940E+2,0.00000000E+0,
723.900,1.84502472E+2,-1.02364655E+1,
724.200,2.15542557E+2,-2.05798149E+1,
724.500,1.85776901E+2,4.12448196E+1,
724.800,2.69768860E+2,-3.12236023E+1,
725.100,1.87663086E+2,-5.21313095E+1,
725.400,2.31474121E+2,1.05380363E+1,
725.700,1.68711655E+2,-3.16332340E+1,
726.00,3.28317413E+2,-1.05975399E+1,
726.300,3.83471802E+2,-4.27194099E+1,
726.600,3.31757843E+2,-2.15552654E+1,
726.900,3.12449860E+2,-3.23616028E+1,
727.200,1.62902054E+2,1.08359804E+1,
727.500,2.40436783E+2,-3.27611427E+1,
727.800,2.53173676E+2,-2.20339680E+1,
728.100,2.09840591E+2,1.10999193E+1,
728.400,2.22748367E+2,-7.76618500E+1,
728.700,2.13811188E+2,0.00000000E+0,
729.00,2.13513962E+2,2.25616798E+1,
729.300,2.93288452E+2,0.00000000E+0,
729.600,2.49847000E+2,-2.28405952E+1,
729.900,3.19256073E+2,-1.14987164E+1,
730.200,2.52956467E+2,-1.15507612E+1,
730.500,9.24637756E+1,-5.80532455E+1,
730.800,2.10419998E+2,0.00000000E+0,
731.100,1.99159805E+2,-4.67613602E+1,
731.400,2.47038818E+2,-7.06790771E+1,
731.700,1.78920029E+2,-5.91767883E+1,
732.00,2.74667175E+2,2.39319744E+1,
732.300,1.43566345E+2,0.00000000E+0,
732.600,3.38882843E+2,-4.85042801E+1,
732.900,2.30394623E+2,1.21109667E+1,
733.200,1.83558105E+2,-4.89614220E+1,
733.500,2.45744995E+2,0.00000000E+0,
733.800,1.85682571E+2,0.00000000E+0,
734.100,3.49424744E+2,-1.24259653E+1,
734.400,1.74855988E+2,1.25500641E+1,
734.700,2.01517075E+2,-3.77022934E+1,
735.00,3.53812958E+2,-2.54867325E+1,
735.300,2.94011169E+2,1.01771317E+2,
735.600,3.46246918E+2,-6.39077835E+1,
735.900,3.09100464E+2,-3.88404770E+1,
736.200,2.45723282E+2,-1.30374498E+1,
736.500,2.21504776E+2,-5.21853790E+1,
736.800,2.89159821E+2,-5.27829132E+1,
737.100,3.97832916E+2,2.64116745E+1,
737.400,3.19787933E+2,-3.98160896E+1,
737.700,2.67846832E+2,-2.67982979E+1,
738.00,2.82706024E+2,-4.03425064E+1,
738.300,1.76695007E+2,-6.76421204E+1,
738.600,2.46612869E+2,0.00000000E+0,
738.900,2.05689102E+2,-4.10649872E+1,
739.200,2.61186859E+2,0.00000000E+0,
739.500,2.48847366E+2,5.54015579E+1,
739.800,2.80390686E+2,-1.39843416E+1,
740.100,2.10291473E+2,-4.22259254E+1,
740.400,1.83974625E+2,-7.02819443E+1,
740.700,1.85837555E+2,5.70540199E+1,
741.00,1.57633820E+2,-8.58373718E+1,
741.300,2.46024231E+2,-4.33148003E+1,
741.600,3.91440094E+2,-2.90201817E+1,
741.900,2.47492737E+2,1.46339483E+1,
742.200,2.92713654E+2,-7.34381332E+1,
742.500,4.58706879E+2,-2.94805202E+1,
742.800,2.52503128E+2,-2.97398586E+1,
743.100,2.54630234E+2,-1.49538116E+1,
743.400,3.01513153E+2,7.53676147E+1,
743.700,1.97309433E+2,0.00000000E+0,
744.00,3.20314331E+2,-3.04963226E+1,
744.300,2.61247803E+2,-3.07972794E+1,
744.600,2.62662231E+2,-3.09663582E+1,
744.900,2.63783569E+2,-6.22677307E+1,
745.200,3.29402405E+2,-4.69104996E+1,
745.500,3.61394928E+2,-6.29316635E+1,
745.800,2.53732361E+2,0.00000000E+0,
746.100,2.54731125E+2,-7.95243454E+1,
746.400,3.35497437E+2,-3.20943108E+1,
746.700,3.39549408E+2,-4.84752235E+1,
747.00,3.07466278E+2,-4.87674255E+1,
747.300,3.26455444E+2,1.64131317E+1,
747.600,2.29774979E+2,-3.29024048E+1,
747.900,2.82284607E+2,-3.31096649E+1,
748.200,2.32941010E+2,5.02240334E+1,
748.500,3.68482819E+2,0.00000000E+0,
748.800,2.69250244E+2,0.00000000E+0,
749.100,2.89263092E+2,-8.47276611E+1,
749.400,5.64106995E+2,-3.41509781E+1,
749.700,2.06303604E+2,-6.90148315E+1,
750.00,2.59868073E+2,-1.21182899E+2,
750.300,4.87132202E+2,-1.22436928E+2,
750.600,2.62796051E+2,5.26776237E+1,
750.900,2.29342026E+2,0.00000000E+0,
751.200,3.20246613E+2,3.55114021E+1,
751.500,2.31698380E+2,-1.78672504E+1,
751.800,2.52972214E+2,-3.61095314E+1,
752.100,1.98983459E+2,7.24575806E+1,
752.400,2.00095795E+2,-1.27976891E+2,
752.700,4.22487885E+2,-5.53649063E+1,
753.00,1.48249420E+2,-3.71562386E+1,
753.300,3.52691132E+2,0.00000000E+0,
753.600,1.68180847E+2,1.12405472E+2,
753.900,3.21204895E+2,0.00000000E+0,
754.200,2.47028687E+2,-1.89653168E+1,
754.500,3.23904572E+2,-7.68712540E+1,
754.800,2.50934952E+2,9.60649719E+1,
755.100,1.74334610E+2,-9.68912277E+1,
755.400,4.26194427E+2,1.94569645E+1,
755.700,2.55425537E+2,-5.88836479E+1,
756.00,3.94006683E+2,-7.88712082E+1,
756.300,2.96717896E+2,-3.98337822E+1,
756.600,3.00000000E+2,-1.00281242E+2,
756.900,2.01513107E+2,-2.02118282E+1,
757.200,4.87289764E+2,0.00000000E+0,
757.500,2.03695389E+2,0.00000000E+0,
757.800,3.27994904E+2,0.00000000E+0,
758.100,2.68976318E+2,-4.13166084E+1,
758.400,1.87789902E+2,0.00000000E+0,
758.700,3.35220428E+2,-4.17567711E+1,
759.00,4.00113220E+2,-2.11905022E+1,
759.300,4.03150146E+2,4.25565414E+1,
759.600,3.42162262E+2,-1.07588051E+2,
759.900,3.43869446E+2,0.00000000E+0,
760.200,3.67891266E+2,-8.69009781E+1,
760.500,2.83414368E+2,-4.35454826E+1,
760.800,3.29695160E+2,-6.63364029E+1,
761.100,2.88405579E+2,-4.40932999E+1,
761.400,4.22581726E+2,2.22971096E+1,
761.700,2.67910126E+2,2.23410091E+1,
762.00,2.25609009E+2,4.51453171E+1,
762.300,4.75756500E+2,0.00000000E+0,
762.600,5.02560852E+2,-2.29254494E+1,
762.900,2.75072632E+2,2.30897789E+1,
763.200,9.24405746E+1,-1.15799782E+2,
763.500,2.79472382E+2,-2.32947578E+1,
763.800,3.98125336E+2,-9.37572784E+1,
764.100,3.06212921E+2,-9.44449844E+1,
764.400,5.21990173E+2,9.51298981E+1,
764.700,3.11247681E+2,-9.52857895E+1,
765.00,1.68219116E+2,-1.44784348E+2,
765.300,4.11738037E+2,0.00000000E+0,
765.600,6.34203613E+2,2.43252544E+1,
765.900,4.16659760E+2,0.00000000E+0,
766.200,1.72749451E+2,4.91846848E+1,
766.500,4.47221008E+2,4.96707878E+1,
766.800,5.49124451E+2,1.00187286E+2,
767.100,2.01048187E+2,-7.57445679E+1,
767.400,4.56804810E+2,7.60337448E+1,
767.700,7.66194885E+2,-2.54642143E+1,
768.00,5.11388916E+2,-7.66155319E+1,
768.300,3.60460571E+2,-2.58384953E+1,
768.600,2.86025665E+2,0.00000000E+0,
768.900,2.09068710E+2,2.60481663E+1,
769.200,4.73071289E+2,0.00000000E+0,
769.500,3.43467133E+2,-1.06038902E+2,
769.800,1.59793060E+2,-7.97345123E+1,
770.100,2.14026276E+2,1.07011765E+2,
770.400,3.51587219E+2,-8.06514740E+1,
770.700,3.24978027E+2,8.16940155E+1,
771.00,2.18093079E+2,-1.09345970E+2,
771.300,2.20287750E+2,-5.49425507E+1,
771.600,1.93210449E+2,-8.33814011E+1,
771.900,2.50724319E+2,-8.35232697E+1,
772.200,3.92951965E+2,2.80044613E+1,
772.500,3.38247772E+2,-8.51608963E+1,
772.800,5.70320129E+2,5.71265984E+1,
773.100,3.44021057E+2,1.43456573E+2,
773.400,1.15013466E+2,-1.15046646E+2,
773.700,2.90996582E+2,0.00000000E+0,
774.00,4.97426971E+2,-2.92216606E+1,
774.300,2.34882217E+2,1.17689575E+2,
774.600,1.76936264E+2,-1.18197411E+2,
774.900,4.76753632E+2,-2.98748665E+1,
775.200,1.79656815E+2,8.96776581E+1,
775.500,5.44490723E+2,-6.04005699E+1,
775.800,4.87432281E+2,-3.03289242E+1,
776.100,4.60513062E+2,-1.53081772E+2,
776.400,1.54486404E+2,0.00000000E+0,
776.700,1.54872635E+2,-1.23646324E+2,
777.00,3.42919556E+2,0.00000000E+0,
777.300,3.13399109E+2,-1.56973572E+2,
777.600,5.97993042E+2,-9.50775528E+1,
777.900,3.80160736E+2,-6.39214287E+1,
778.200,2.23268875E+2,-9.62403717E+1,
778.500,3.54207367E+2,-9.66175232E+1,
778.800,2.60696686E+2,-3.24176483E+1,
779.100,3.25398254E+2,-9.79925156E+1,
779.400,9.87007675E+1,-1.30846298E+2,
779.700,2.63799927E+2,-6.62267609E+1,
780.00,2.65269318E+2,6.65504303E+1,
780.300,2.01221298E+2,-6.68453979E+1,
780.600,2.68552979E+2,0.00000000E+0,
780.900,3.38357391E+2,0.00000000E+0,
781.200,2.73690277E+2,1.37239883E+2,
781.500,6.56263489E+2,-1.03517662E+2,
781.800,3.80686707E+2,-1.38429749E+2,
782.100,2.43937790E+2,-1.74242401E+2,
782.400,3.87359924E+2,-1.05177498E+2,
782.700,3.88444275E+2,-2.12897873E+2,
783.00,1.77210983E+2,-3.55223007E+1,
783.300,2.49734924E+2,-1.07513420E+2,
783.600,3.97319824E+2,-1.07921890E+2,
783.900,1.80858658E+2,0.00000000E+0,
784.200,4.74139832E+2,0.00000000E+0,
784.500,5.52560486E+2,-7.35420303E+1,
784.800,4.06971649E+2,3.69786301E+1,
785.100,2.61679901E+2,-1.11761642E+2,
785.400,3.74995697E+2,0.00000000E+0,
785.700,4.13087402E+2,-1.89703827E+2,
786.00,4.92031891E+2,3.79362907E+1,
786.300,1.14570068E+2,-2.28095764E+2,
786.600,2.70016754E+2,-3.85098343E+1,
786.900,3.86391693E+2,7.69849930E+1,
787.200,2.71451508E+2,7.75426331E+1,
787.500,3.11915924E+2,-7.81644516E+1,
787.800,2.36324371E+2,-7.88092804E+1,
788.100,4.35112854E+2,3.96900024E+1,
788.400,3.98548615E+2,-1.59894104E+2,
788.700,4.41792450E+2,0.00000000E+0,
789.00,1.61423935E+2,-2.01992523E+2,
789.300,4.48544373E+2,0.00000000E+0,
789.600,2.85753998E+2,-2.04378357E+2,
789.900,4.12349701E+2,-2.47387558E+2,
790.200,1.66199158E+2,-8.32731857E+1,
790.500,4.58202484E+2,8.36941452E+1,
790.800,7.99795471E+2,0.00000000E+0,
791.100,3.37315430E+2,-8.47736053E+1,
791.400,4.69763702E+2,-1.70219528E+2,
791.700,4.70558777E+2,-4.27076149E+1,
792.00,5.17650146E+2,-8.62905655E+1,
792.300,8.64518661E+1,4.35690041E+1,
792.600,4.34527710E+2,8.73489609E+1,
792.900,2.19979630E+2,-4.39775085E+1,
793.200,3.08359131E+2,-4.40075722E+1,
793.500,4.43397614E+2,-2.67021576E+2,
793.800,4.48448700E+2,-1.33913849E+2,
794.100,1.80331268E+2,-1.35582977E+2,
794.400,3.61359314E+2,-2.72743225E+2,
794.700,4.99754822E+2,-4.54086609E+1,
795.00,0.00000000E+0,9.14499435E+1,
795.300,5.05640869E+2,-1.38160782E+2,
795.600,5.09106995E+2,-1.85150040E+2,
795.900,7.00663879E+2,-4.66610451E+1,
796.200,2.34356842E+2,-9.37204666E+1,
796.500,3.77175751E+2,-9.42479324E+1,
796.800,4.27713837E+2,-1.89580231E+2,
797.100,2.38379288E+2,9.55682068E+1,
797.400,1.92062088E+2,-1.92281982E+2,
797.700,6.26032593E+2,-2.90499084E+2,
798.00,4.84890556E+1,-4.86969261E+1,
798.300,3.90798737E+2,-4.89491081E+1,
798.600,2.94692230E+2,-1.47868530E+2,
798.900,3.47615082E+2,4.95724411E+1,
799.200,9.94589310E+1,-1.99114426E+2,
799.500,5.02793274E+2,5.01227875E+1,
799.800,4.52041779E+2,-2.53678314E+2,
800.100,2.03070724E+2,-2.54254639E+2,
800.400,3.58542908E+2,-1.53858322E+2,
800.700,0.00000000E+0,5.13187218E+1,
801.00,4.14089996E+2,0.00000000E+0,
801.300,1.55999939E+2,-1.04563988E+2,
801.600,9.43570862E+2,1.05459938E+2,
801.900,5.28487549E+2,2.64509491E+2,
802.200,2.12543869E+2,-1.59453064E+2,
802.500,3.19670929E+2,-1.06743279E+2,
802.800,5.38054314E+1,-2.14481140E+2,
803.100,5.41347961E+2,0.00000000E+0,
803.400,1.62356308E+2,5.45239525E+1,
803.700,3.82019745E+2,5.47497368E+1,
804.00,5.48283157E+1,-2.20328232E+2,
804.300,4.94010651E+2,1.10570885E+2,
804.600,2.21247757E+2,-2.21668793E+2,
804.900,0.00000000E+0,0.00000000E+0,
805.200,5.05923340E+2,-3.38536011E+2,
805.500,2.82737701E+2,-2.27813873E+2,
805.800,3.40950775E+2,0.00000000E+0,
806.100,3.43857605E+2,-2.89237885E+2,
806.400,3.47827423E+2,-5.77551384E+1,
806.700,4.05597778E+2,0.00000000E+0,
807.00,2.91205261E+2,-1.16988274E+2,
807.300,5.87689743E+1,-4.11258728E+2,
807.600,2.95041046E+2,-1.77911377E+2,
807.900,2.37832275E+2,2.37620346E+2,
808.200,7.18697693E+2,-1.19871529E+2,
808.500,3.61198334E+2,-2.42332840E+2,
808.800,5.43643555E+2,1.82578827E+2,
809.100,3.03916229E+2,-1.83020126E+2,
809.400,1.22769432E+2,-1.84395874E+2,
809.700,0.00000000E+0,-3.08258331E+2,
810.00,1.87119553E+2,-1.24208450E+2,
810.300,3.13850616E+2,0.00000000E+0,
810.600,3.14813263E+2,-3.14867798E+2,
810.900,3.16864166E+2,-2.54305344E+2,
811.200,3.83568634E+2,3.19558380E+2,
811.500,4.52410736E+2,-6.45318756E+1,
811.800,3.24001495E+2,-2.59179596E+2,
812.100,2.60560181E+2,-1.97528214E+2,
812.400,3.28240967E+2,-1.31857361E+2,
812.700,1.99410248E+2,-2.00078705E+2,
813.00,0.00000000E+0,-1.34208755E+2,
813.300,1.00773285E+3,6.74369278E+1,
813.600,1.35745255E+2,-1.36604004E+2,
813.900,4.11209808E+2,0.00000000E+0,
814.200,5.52610596E+2,0.00000000E+0,
814.500,6.97182251E+2,2.79388123E+2,
814.800,7.74841064E+2,-4.22950958E+2,
815.100,7.09246597E+1,1.41526382E+2,
815.400,7.87622681E+2,-1.42963135E+2,
815.700,1.43669037E+2,7.17633362E+1,
816.00,3.64491211E+2,-5.83708374E+2,
816.300,2.21448669E+2,7.35097275E+1,
816.600,0.00000000E+0,2.21206207E+2,
816.900,2.24395752E+2,-2.99809845E+2,
817.200,6.01547058E+2,-1.51221588E+2,
817.500,3.79143280E+2,-7.57369614E+1,
817.800,3.07389099E+2,-7.67815933E+1,
818.100,2.33002014E+2,-1.54765671E+2,
818.400,1.56775085E+2,-3.90167297E+2,
818.700,0.00000000E+0,-2.36611526E+2,
819.00,4.79343353E+2,-4.78638550E+2,
819.300,4.03064911E+2,-4.02550476E+2,
819.600,8.13641815E+1,-4.90412018E+2,
819.900,2.46981766E+2,-6.59587952E+2,
820.200,-8.31893539E+1,-8.34571915E+1,
820.500,1.68327347E+2,-3.37217865E+2,
820.800,-8.52873993E+1,-5.10492065E+2,
821.100,8.61783524E+1,-4.31393982E+2,
821.400,5.23161560E+2,-4.34851715E+2,
821.700,1.76158234E+2,-1.76261261E+2,
822.00,5.31309204E+2,3.57182465E+2,
822.300,1.80557297E+2,-3.61147064E+2,
822.600,6.41157288E+2,-2.74407135E+2,
822.900,0.00000000E+0,-2.77936859E+2,
823.200,-9.39959793E+1,-1.87468369E+2,
823.500,9.49037399E+1,-2.86139740E+2,
823.800,0.00000000E+0,-5.78450439E+2,
824.100,9.77088013E+2,-4.90727753E+2,
824.400,1.99065308E+2,-2.98784515E+2,
824.700,1.00649208E+2,0.00000000E+0,
825.00,0.00000000E+0,-8.21904419E+2,
825.300,3.11341095E+2,6.22786011E+2,
825.600,-1.05384132E+2,-3.16826904E+2,
825.900,-2.14081802E+2,1.07194176E+2,
826.200,7.61988098E+2,3.26547485E+2,
826.500,5.54129211E+2,-4.43291901E+2,
826.800,4.49667694E+2,3.37927429E+2,
827.100,6.85579834E+2,-1.14642891E+2,
827.400,1.16597549E+2,-3.49551849E+2,
827.700,-2.36019806E+2,-4.73732269E+2,
828.00,1.19786491E+2,-2.40697891E+2,
828.300,2.45181137E+2,-1.22734650E+2,
828.600,-1.24750320E+2,-2.51156204E+2,
828.900,6.37233948E+2,-8.92001526E+2,
829.200,3.88412659E+2,-5.18902527E+2,
829.500,-2.63794220E+2,-1.32381805E+2,
829.800,6.75061951E+2,8.13496338E+2,
830.100,1.38084824E+2,-5.51998596E+2,
