0.01CR-FITTED-44.81%
  QY = 44.81%
Labels,0,EmScan7,
Type,Emission Scan,Emission Scan,
Comment,,,
Start,435.00,435.00,
Stop,830.00,830.00,
Step,0.500,0.500,
Fixed/Offset,445.00,445.00,
Xaxis,Wavelength,Wavelength,
Yaxis,Counts,Counts,
Scan Corr. by File,True,True,
Corr. by Ref. Det.,True,True,
Fixed/Offset Corr. by File,False,False,
Repeats,1,1,
Dwell Time,0.50,0.50,
Lamp,Xenon,Xenon,
Temp,0.00,0.00,
Scan Polariser,None,None,
Scan Slit,0.23999718,0.23999718,
Fixed/Offset Polariser,None,None,
Fixed/Offset Slit,2.10,2.10,
Detector,Det 1,Det 1,

435.00,1.31114936E+0,1.30890810E+0,
435.500,2.39934230E+0,1.74249339E+0,
436.00,2.18372250E+0,3.26898789E+0,
436.500,1.97019005E+0,3.71537256E+0,
437.00,4.36293316E+0,2.41367054E+0,
437.500,6.33096647E+0,8.10301590E+0,
438.00,1.07681665E+1,1.93204746E+1,
438.500,2.06790810E+1,3.08540459E+1,
439.00,3.85839500E+1,5.21307106E+1,
439.500,6.36260490E+1,9.98540726E+1,
440.00,1.07942924E+2,1.64291077E+2,
440.500,1.54523148E+2,2.32681107E+2,
441.00,2.10699356E+2,3.18935303E+2,
441.500,2.94027740E+2,4.44778015E+2,
442.00,3.88573792E+2,5.76025452E+2,
442.500,5.64289063E+2,8.17336060E+2,
443.00,9.94157776E+2,1.46358691E+3,
443.500,7.56239648E+3,1.12720430E+4,
444.00,3.27294512E+4,4.98505742E+4,
444.500,6.55743984E+4,9.87638594E+4,
445.00,9.68068516E+4,1.44656219E+5,
445.500,1.12561766E+5,1.67669313E+5,
446.00,9.76336328E+4,1.44674328E+5,
446.500,6.68432188E+4,9.83361953E+4,
447.00,3.47502344E+4,5.09857070E+4,
447.500,9.18114063E+3,1.33428848E+4,
448.00,1.00362775E+3,1.53164319E+3,
448.500,5.64299255E+2,8.38326538E+2,
449.00,3.95043610E+2,5.84377441E+2,
449.500,2.98067444E+2,4.27066193E+2,
450.00,2.30393814E+2,3.54730255E+2,
450.500,1.99340652E+2,2.79988068E+2,
451.00,1.59505768E+2,2.24624588E+2,
451.500,1.23249229E+2,1.81711411E+2,
452.00,9.82536163E+1,1.44870941E+2,
452.500,7.89505997E+1,1.14373322E+2,
453.00,6.49177780E+1,7.91837234E+1,
453.500,3.62295494E+1,4.17436256E+1,
454.00,2.62158699E+1,2.55699482E+1,
454.500,1.50271769E+1,1.73870010E+1,
455.00,1.24091158E+1,1.81333141E+1,
455.500,1.59980593E+1,1.85726833E+1,
456.00,1.28648767E+1,2.20943356E+1,
456.500,1.27786417E+1,1.30548010E+1,
457.00,1.11937952E+1,1.81015091E+1,
457.500,1.44510241E+1,1.26641817E+1,
458.00,1.20807934E+1,1.63623257E+1,
458.500,1.24945335E+1,1.55310373E+1,
459.00,1.31466141E+1,1.99175091E+1,
459.500,1.48068857E+1,1.52960329E+1,
460.00,1.89525013E+1,1.62358475E+1,
460.500,1.75336704E+1,1.80520363E+1,
461.00,1.25814953E+1,2.06169167E+1,
461.500,1.30490141E+1,2.58279610E+1,
462.00,1.77750568E+1,1.85309658E+1,
462.500,1.26693296E+1,2.12261448E+1,
463.00,1.64294453E+1,1.99888763E+1,
463.500,1.65510921E+1,2.25051708E+1,
464.00,1.55211153E+1,2.12347317E+1,
464.500,8.95441437E+0,1.92529507E+1,
465.00,1.61315441E+1,2.08507805E+1,
465.500,1.25860682E+1,1.67709160E+1,
466.00,1.51607256E+1,2.20933876E+1,
466.500,1.55034695E+1,2.19862118E+1,
467.00,1.59911375E+1,2.82213230E+1,
467.500,2.04996662E+1,2.23938389E+1,
468.00,1.29144459E+1,2.97481976E+1,
468.500,1.84343872E+1,2.29748135E+1,
469.00,1.97775860E+1,2.23041134E+1,
469.500,1.72435532E+1,2.43665447E+1,
470.00,1.85551796E+1,2.54731503E+1,
470.500,1.49097042E+1,2.62878876E+1,
471.00,1.80721970E+1,2.45337257E+1,
471.500,1.51273565E+1,2.38790302E+1,
472.00,1.81014175E+1,2.40155258E+1,
472.500,1.56206026E+1,2.92825375E+1,
473.00,1.88178329E+1,3.20392303E+1,
473.500,2.01727676E+1,3.14557686E+1,
474.00,2.41486778E+1,2.75907154E+1,
474.500,2.32774868E+1,2.71656914E+1,
475.00,2.21090412E+1,3.20018883E+1,
475.500,1.68175430E+1,2.72546444E+1,
476.00,1.45491171E+1,2.35699425E+1,
476.500,2.01073494E+1,3.07736511E+1,
477.00,1.97303009E+1,3.20173264E+1,
477.500,1.83964195E+1,2.55672741E+1,
478.00,2.04240704E+1,2.60388165E+1,
478.500,1.85818081E+1,2.56281548E+1,
479.00,2.19333649E+1,2.70676842E+1,
479.500,1.84488125E+1,2.84487076E+1,
480.00,1.50351458E+1,2.90752468E+1,
480.500,1.74201355E+1,3.05289059E+1,
481.00,2.30777931E+1,2.90248871E+1,
481.500,2.07735767E+1,3.26312141E+1,
482.00,2.02039185E+1,3.66825409E+1,
482.500,1.83134594E+1,3.15354137E+1,
483.00,2.07225628E+1,2.92364349E+1,
483.500,2.40548191E+1,3.15090504E+1,
484.00,2.03214130E+1,3.32803459E+1,
484.500,1.63491936E+1,2.97294922E+1,
485.00,1.82333660E+1,2.88547783E+1,
485.500,2.10203724E+1,3.16382122E+1,
486.00,2.37342606E+1,3.36463699E+1,
486.500,2.16420288E+1,3.32079430E+1,
487.00,2.39356289E+1,3.31742897E+1,
487.500,2.47376881E+1,3.21074677E+1,
488.00,1.94562092E+1,4.02417641E+1,
488.500,2.19765091E+1,3.95590286E+1,
489.00,2.14544945E+1,3.27488670E+1,
489.500,2.31773319E+1,3.11988640E+1,
490.00,2.55133896E+1,3.57434158E+1,
490.500,2.33617210E+1,3.89796638E+1,
491.00,2.57275219E+1,3.93155937E+1,
491.500,1.97902756E+1,3.86305771E+1,
492.00,2.25060101E+1,3.39856987E+1,
492.500,2.80235996E+1,2.95885582E+1,
493.00,2.22189007E+1,3.32524796E+1,
493.500,2.23565884E+1,3.60242043E+1,
494.00,2.83373394E+1,3.68258133E+1,
494.500,2.04365311E+1,3.08045673E+1,
495.00,2.07784290E+1,3.63425522E+1,
495.500,2.39482861E+1,3.09938469E+1,
496.00,2.84633408E+1,3.55959091E+1,
496.500,2.46799431E+1,3.48631363E+1,
497.00,2.84417839E+1,3.90010414E+1,
497.500,2.37562904E+1,3.48545990E+1,
498.00,2.60041122E+1,4.10782700E+1,
498.500,2.02504959E+1,3.65457916E+1,
499.00,2.32714500E+1,3.36763535E+1,
499.500,2.41238251E+1,3.50247040E+1,
500.00,2.44843655E+1,3.94946175E+1,
500.500,2.85637836E+1,3.80868721E+1,
501.00,3.01803799E+1,4.29155426E+1,
501.500,2.39938126E+1,3.62441902E+1,
502.00,3.14798050E+1,3.22039528E+1,
502.500,2.14459782E+1,3.29176636E+1,
503.00,2.12698517E+1,3.73969307E+1,
503.500,2.41055622E+1,3.53749046E+1,
504.00,2.44070168E+1,3.83653793E+1,
504.500,2.91620750E+1,3.81542168E+1,
505.00,3.10919991E+1,4.19630585E+1,
505.500,2.41076317E+1,3.89557304E+1,
506.00,2.30843449E+1,3.66365089E+1,
506.500,2.73679943E+1,3.84263916E+1,
507.00,2.75145721E+1,3.17219276E+1,
507.500,2.56603165E+1,3.11682510E+1,
508.00,2.60397072E+1,3.58819771E+1,
508.500,2.58151913E+1,4.11529808E+1,
509.00,2.40733776E+1,3.86210861E+1,
509.500,2.46166992E+1,3.52730713E+1,
510.00,2.38436241E+1,3.92147903E+1,
510.500,2.13284283E+1,3.36012268E+1,
511.00,2.75217190E+1,3.85931282E+1,
511.500,2.44138222E+1,3.76639214E+1,
512.00,2.27135067E+1,3.60047913E+1,
512.500,2.37077656E+1,2.96632996E+1,
513.00,2.26964493E+1,4.40531311E+1,
513.500,1.87910748E+1,3.64628410E+1,
514.00,2.16342258E+1,3.00036716E+1,
514.500,2.40988674E+1,3.43463821E+1,
515.00,2.11507778E+1,3.96108513E+1,
515.500,2.51713123E+1,3.51935997E+1,
516.00,2.19125252E+1,3.72123528E+1,
516.500,1.98576679E+1,3.58295860E+1,
517.00,2.36682129E+1,3.38954010E+1,
517.500,2.09331417E+1,4.07552757E+1,
518.00,2.51305027E+1,3.28404541E+1,
518.500,2.24417534E+1,3.55050812E+1,
519.00,2.59212437E+1,3.46983948E+1,
519.500,2.06845360E+1,3.92089882E+1,
520.00,2.08443947E+1,3.25040169E+1,
520.500,2.65295811E+1,3.22894821E+1,
521.00,2.28853626E+1,3.77814178E+1,
521.500,1.94886990E+1,3.15580978E+1,
522.00,2.43778858E+1,3.61765327E+1,
522.500,2.47249031E+1,2.82451000E+1,
523.00,2.64718971E+1,3.35789642E+1,
523.500,2.88500099E+1,3.47117920E+1,
524.00,3.02816238E+1,3.64172668E+1,
524.500,2.19201756E+1,3.32867126E+1,
525.00,2.23102703E+1,3.25145721E+1,
525.500,2.47521973E+1,3.98665352E+1,
526.00,2.01695461E+1,3.67129326E+1,
526.500,2.66459351E+1,3.02685318E+1,
527.00,2.13977203E+1,3.83988266E+1,
527.500,2.38536930E+1,3.76179543E+1,
528.00,1.85370312E+1,3.73401108E+1,
528.500,2.46604652E+1,3.24652710E+1,
529.00,2.61459942E+1,3.53482780E+1,
529.500,2.42189960E+1,3.92778435E+1,
530.00,2.49879627E+1,3.42352104E+1,
530.500,1.99097710E+1,2.85025082E+1,
531.00,2.75401020E+1,3.24377975E+1,
531.500,2.04220753E+1,3.87104034E+1,
532.00,2.08915043E+1,3.34670792E+1,
532.500,2.16849499E+1,3.30868149E+1,
533.00,1.83072929E+1,4.03457718E+1,
533.500,2.32499199E+1,3.73305779E+1,
534.00,2.45072384E+1,3.29549484E+1,
534.500,2.17649040E+1,3.31124039E+1,
535.00,1.72028103E+1,2.94149990E+1,
535.500,2.04801540E+1,3.26589355E+1,
536.00,2.27035332E+1,2.77240963E+1,
536.500,2.20475388E+1,2.60304966E+1,
537.00,2.14023304E+1,3.52696724E+1,
537.500,2.26596794E+1,3.07194862E+1,
538.00,2.31764565E+1,3.08098450E+1,
538.500,2.02388287E+1,3.24649696E+1,
539.00,2.55196724E+1,3.18940029E+1,
539.500,1.90034447E+1,2.89939556E+1,
540.00,1.75573807E+1,2.42410488E+1,
540.500,2.35528603E+1,2.32760773E+1,
541.00,2.10508175E+1,2.48774891E+1,
541.500,2.35099735E+1,2.84902611E+1,
542.00,2.12783718E+1,2.70348625E+1,
542.500,2.17040443E+1,2.48003540E+1,
543.00,1.87753944E+1,2.41875305E+1,
543.500,1.99905682E+1,3.58173409E+1,
544.00,1.89946442E+1,2.46794758E+1,
544.500,1.78483486E+1,2.37157764E+1,
545.00,1.94965878E+1,3.03730907E+1,
545.500,1.92098846E+1,2.85847988E+1,
546.00,2.01109447E+1,3.11164551E+1,
546.500,1.89969711E+1,3.00917492E+1,
547.00,1.82783241E+1,2.61908684E+1,
547.500,2.06997833E+1,3.03760166E+1,
548.00,1.84543037E+1,2.32205963E+1,
548.500,2.26079464E+1,2.17652531E+1,
549.00,1.57556610E+1,2.87153015E+1,
549.500,2.19296322E+1,2.75886040E+1,
550.00,1.67487144E+1,2.52867413E+1,
550.500,2.12800198E+1,2.62262096E+1,
551.00,2.63744202E+1,2.01649971E+1,
551.500,1.36264915E+1,1.98141747E+1,
552.00,1.61729755E+1,2.62220573E+1,
552.500,2.12604351E+1,3.05148602E+1,
553.00,1.76357613E+1,2.84539776E+1,
553.500,1.47829819E+1,2.91214409E+1,
554.00,1.98425636E+1,3.21685677E+1,
554.500,2.21695461E+1,2.63569527E+1,
555.00,1.57966337E+1,2.13591938E+1,
555.500,1.93625717E+1,2.66017132E+1,
556.00,1.24900751E+1,1.98531170E+1,
556.500,1.64674606E+1,2.21202927E+1,
557.00,1.60456390E+1,2.35584202E+1,
557.500,1.70976105E+1,3.15529137E+1,
558.00,2.24305649E+1,2.19743099E+1,
558.500,2.30051689E+1,2.64978848E+1,
559.00,1.20272055E+1,2.08153343E+1,
559.500,1.87198505E+1,1.91660557E+1,
560.00,1.83988361E+1,2.28260880E+1,
560.500,1.35263348E+1,2.34413490E+1,
561.00,2.13227367E+1,2.76003418E+1,
561.500,1.77049694E+1,2.59529438E+1,
562.00,2.92601681E+1,2.41802998E+1,
562.500,1.51088505E+1,2.20442657E+1,
563.00,2.07698479E+1,2.16783409E+1,
563.500,1.62081509E+1,3.06071033E+1,
564.00,1.95904655E+1,2.46885166E+1,
564.500,1.49692793E+1,2.15731220E+1,
565.00,1.12686367E+1,2.72950153E+1,
565.500,2.07625771E+1,1.74978714E+1,
566.00,1.52231979E+1,1.85239868E+1,
566.500,2.05354557E+1,2.00428352E+1,
567.00,1.58140907E+1,2.25812817E+1,
567.500,2.31204300E+1,2.03239212E+1,
568.00,1.50446520E+1,2.08203506E+1,
568.500,1.21744328E+1,1.99527378E+1,
569.00,1.32139931E+1,2.40270634E+1,
569.500,1.52471561E+1,1.91663837E+1,
570.00,1.78515434E+1,1.97699413E+1,
570.500,1.34077721E+1,1.93753719E+1,
571.00,1.39645519E+1,2.44842453E+1,
571.500,1.40921631E+1,2.86207256E+1,
572.00,1.46441994E+1,2.17416992E+1,
572.500,1.11786842E+1,1.66892414E+1,
573.00,1.42268038E+1,1.73798161E+1,
573.500,1.43250523E+1,1.99824429E+1,
574.00,1.70291023E+1,1.53906393E+1,
574.500,1.70753098E+1,2.02414837E+1,
575.00,1.92870083E+1,1.91936779E+1,
575.500,1.77764397E+1,2.30441322E+1,
576.00,9.47584534E+0,1.99764462E+1,
576.500,2.27564259E+1,1.95690823E+1,
577.00,9.56036949E+0,1.43329782E+1,
577.500,1.28278828E+1,2.66564865E+1,
578.00,1.88237324E+1,1.23236008E+1,
578.500,1.24084463E+1,1.62129517E+1,
579.00,1.02870874E+1,1.78998241E+1,
579.500,1.64036350E+1,1.52428093E+1,
580.00,1.20964041E+1,2.13211613E+1,
580.500,8.26605129E+0,1.64666271E+1,
581.00,1.38199158E+1,2.21497250E+1,
581.500,1.83836250E+1,2.11201992E+1,
582.00,1.17737303E+1,2.06568661E+1,
582.500,1.46435041E+1,2.36321430E+1,
583.00,1.75146751E+1,1.86867676E+1,
583.500,9.66845512E+0,2.21593628E+1,
584.00,1.43018227E+1,1.83054333E+1,
584.500,8.04652596E+0,1.83875027E+1,
585.00,1.55870218E+1,1.84639339E+1,
585.500,1.16112881E+1,1.04432325E+1,
586.00,9.90964413E+0,2.74717789E+1,
586.500,1.87479591E+1,1.99247952E+1,
587.00,1.29693031E+1,1.88179913E+1,
587.500,1.30236073E+1,1.83479443E+1,
588.00,1.07327890E+1,9.53187943E+0,
588.500,1.73605709E+1,1.31781511E+1,
589.00,1.08201180E+1,1.62406883E+1,
589.500,1.39068642E+1,1.38893442E+1,
590.00,9.71812153E+0,1.82250004E+1,
590.500,1.15952444E+1,1.71091938E+1,
591.00,8.62675381E+0,1.59630375E+1,
591.500,1.48205452E+1,1.91482430E+1,
592.00,1.48694153E+1,2.36015701E+1,
592.500,1.37333422E+1,1.99573364E+1,
593.00,9.40294743E+0,1.81569901E+1,
593.500,1.20380955E+1,1.13551626E+1,
594.00,1.14304590E+1,1.01588602E+1,
594.500,5.74083471E+0,1.46310854E+1,
595.00,2.50202312E+1,1.72673969E+1,
595.500,8.99433136E+0,1.47779608E+1,
596.00,1.36274843E+1,1.29348812E+1,
596.500,1.30279875E+1,1.82136250E+1,
597.00,7.83595562E+0,1.69823246E+1,
597.500,9.19528389E+0,1.64656219E+1,
598.00,5.94399548E+0,1.44712925E+1,
598.500,1.52788315E+1,1.06054773E+1,
599.00,7.99492931E+0,1.60099506E+1,
599.500,8.07989979E+0,1.94789581E+1,
600.00,8.79272175E+0,1.48509378E+1,
600.500,1.36477480E+1,1.50099964E+1,
601.00,1.70875072E+1,1.64420891E+1,
601.500,8.23124599E+0,9.61059093E+0,
602.00,5.53839254E+0,1.44766836E+1,
602.500,1.25247002E+1,1.04098892E+1,
603.00,1.33043766E+1,1.81436043E+1,
603.500,1.05161591E+1,1.61408825E+1,
604.00,1.41529732E+1,1.41611958E+1,
604.500,1.13832912E+1,1.70800896E+1,
605.00,1.93466969E+1,1.50671606E+1,
605.500,1.44247093E+1,1.29411068E+1,
606.00,1.23383865E+1,1.08839989E+1,
606.500,1.23766165E+1,1.24037209E+1,
607.00,8.07754707E+0,2.13381310E+1,
607.500,9.60873222E+0,1.62453957E+1,
608.00,9.64755821E+0,1.63367081E+1,
608.500,1.04765911E+1,8.21794605E+0,
609.00,6.77653694E+0,1.05100536E+1,
609.500,1.28848677E+1,9.80978680E+0,
610.00,4.57336664E+0,1.29474926E+1,
610.500,1.37610998E+1,1.67710896E+1,
611.00,1.38569794E+1,9.24294472E+0,
611.500,9.31080437E+0,1.00553741E+1,
612.00,7.81524706E+0,1.48112049E+1,
612.500,2.04029026E+1,1.41211138E+1,
613.00,8.70218563E+0,9.48272991E+0,
613.500,1.43128328E+1,1.19083033E+1,
614.00,8.00740337E+0,1.75717220E+1,
614.500,9.66321373E+0,2.01833076E+1,
615.00,4.05426407E+0,1.70120564E+1,
615.500,1.14163761E+1,7.33957195E+0,
616.00,1.39547796E+1,9.87116909E+0,
616.500,8.27438831E+0,1.48930922E+1,
617.00,5.85073519E+0,1.66925774E+1,
617.500,5.01806307E+0,1.00779190E+1,
618.00,1.43480043E+1,1.18307686E+1,
618.500,1.02190800E+1,7.65388680E+0,
619.00,1.36856098E+1,9.39427948E+0,
619.500,8.62828159E+0,1.03619394E+1,
620.00,1.38572254E+1,1.99450798E+1,
620.500,6.10130596E+0,1.48081980E+1,
621.00,1.23148365E+1,1.05768538E+1,
621.500,9.76912975E+0,1.15196276E+1,
622.00,8.94567776E+0,1.51435375E+1,
622.500,7.19415522E+0,1.34885521E+1,
623.00,1.17737837E+1,1.08565063E+1,
623.500,1.09550848E+1,1.73590508E+1,
624.00,7.35285425E+0,2.20838299E+1,
624.500,7.40915394E+0,1.56811342E+1,
625.00,1.02401247E+1,8.37875843E+0,
625.500,1.31673365E+1,1.31567583E+1,
626.00,1.42126083E+1,1.51217632E+1,
626.500,9.55032766E-1,1.14162073E+1,
627.00,6.72567129E+0,8.62509346E+0,
627.500,1.06160011E+1,1.35179977E+1,
628.00,9.72896671E+0,1.16627302E+1,
628.500,8.83023167E+0,1.27780037E+1,
629.00,1.28398275E+1,4.93735075E+0,
629.500,2.99547434E+0,7.94713211E+0,
630.00,8.02862358E+0,9.01708889E+0,
630.500,6.07582569E+0,7.05802441E+0,
631.00,1.43129921E+1,7.12608004E+0,
631.500,8.21195316E+0,6.14935017E+0,
632.00,5.18085289E+0,1.03365717E+1,
632.500,1.14901581E+1,1.34827185E+1,
633.00,1.04814291E+1,7.34976482E+0,
633.500,5.30719471E+0,1.47519426E+1,
634.00,9.62013340E+0,6.40587616E+0,
634.500,8.61745167E+0,6.44866371E+0,
635.00,1.30149307E+1,7.58380413E+0,
635.500,1.09550524E+1,8.73580170E+0,
636.00,1.43327389E+1,6.58890915E+0,
636.500,1.22209959E+1,7.76617241E+0,
637.00,1.34654732E+1,5.58730602E+0,
637.500,2.03549366E+1,9.00248909E+0,
638.00,1.02623367E+1,9.09381390E+0,
638.500,3.43766689E+0,1.72245579E+1,
639.00,9.27162266E+0,1.61892643E+1,
639.500,2.09631176E+1,1.75035248E+1,
640.00,1.06098108E+1,9.41412830E+0,
640.500,1.30844021E+1,1.06991959E+1,
641.00,8.40256977E+0,1.91691742E+1,
641.500,9.68621540E+0,1.20780153E+1,
642.00,1.21684513E+1,3.66549063E+0,
642.500,9.81096077E+0,7.35168314E+0,
643.00,8.65741825E+0,4.95691109E+0,
643.500,1.00119495E+1,1.12119846E+1,
644.00,6.30522203E+0,1.76853008E+1,
644.500,1.01580791E+1,1.90351963E+1,
645.00,1.15240536E+1,1.28166425E+0,
645.500,1.42731695E+1,1.67785721E+1,
646.00,7.83423758E+0,1.30526085E+1,
646.500,1.05229454E+1,1.70888519E+1,
647.00,9.31268024E+0,1.19089470E+1,
647.500,5.35606766E+0,1.47129421E+1,
648.00,6.76900768E+0,9.45174408E+0,
648.500,9.55255985E+0,1.09133234E+1,
649.00,1.37811661E+1,1.23980522E+1,
649.500,9.71911240E+0,4.16232777E+0,
650.00,1.40300817E+1,5.60044813E+0,
650.500,1.84061279E+1,0.00000000E+0,
651.00,1.57456589E+1,1.14413528E+1,
651.500,1.00670023E+1,2.01578293E+1,
652.00,8.72819328E+0,5.81514978E+0,
652.500,2.93660316E+1,1.03021078E+1,
653.00,1.03633814E+1,7.40982246E+0,
653.500,1.49617310E+1,1.04486122E+1,
654.00,1.66521511E+1,3.02174520E+0,
654.500,1.83621521E+1,3.04624462E+0,
655.00,1.38973808E+1,1.23038340E+1,
655.500,1.55714884E+1,7.77671337E+0,
656.00,1.25728893E+1,3.14322233E+0,
656.500,1.59438953E+1,7.93450737E+0,
657.00,2.41020126E+1,6.43742323E+0,
657.500,1.46127634E+1,6.48286486E+0,
658.00,3.11632805E+1,9.82509041E+0,
658.500,2.97980728E+1,8.29009819E+0,
659.00,2.18069992E+1,1.00576792E+1,
659.500,3.04963570E+1,-1.69240069E+0,
660.00,1.54248161E+1,2.56555710E+1,
660.500,5.20957088E+0,1.73788714E+0,
661.00,2.82145081E+1,1.58226566E+1,
661.500,1.06606379E+1,5.34921360E+0,
662.00,2.71938438E+1,7.19691944E+0,
662.500,3.67093515E+0,-3.67114401E+0,
663.00,2.60259361E+1,2.23386574E+1,
663.500,1.88564644E+1,2.45883560E+1,
664.00,2.69982128E+1,9.61103630E+0,
664.500,3.13199120E+1,5.88231754E+0,
665.00,1.39684134E+1,1.19492149E+1,
665.500,6.07369518E+0,8.05965233E+0,
666.00,1.43625402E+1,8.19391251E+0,
666.500,2.49914818E+1,4.14695883E+0,
667.00,3.34755096E+1,4.19764280E+0,
667.500,2.75283680E+1,3.16637115E+1,
668.00,2.34006176E+1,1.70268803E+1,
668.500,4.27746048E+1,6.42482233E+0,
669.00,3.00640049E+1,4.29994917E+0,
669.500,2.58313236E+1,-2.15220523E+0,
670.00,5.18657990E+1,1.94619961E+1,
670.500,3.89219589E+1,1.94830627E+1,
671.00,2.16314526E+1,1.29825220E+1,
671.500,1.94917889E+1,2.37727089E+1,
672.00,2.81450405E+1,1.52072706E+1,
672.500,2.82222309E+1,1.73506546E+1,
673.00,3.26312027E+1,-8.69184971E+0,
673.500,5.23997612E+1,2.17665052E+0,
674.00,4.58112640E+1,1.74260502E+1,
674.500,5.47769394E+1,8.77212048E+0,
675.00,4.15657959E+1,6.55750561E+0,
675.500,5.05012589E+1,1.75523643E+1,
676.00,5.06127930E+1,1.09845476E+1,
676.500,5.49766769E+1,-2.19953251E+0,
677.00,8.38834839E+1,1.10424347E+1,
677.500,4.21247826E+1,1.32217417E+1,
678.00,5.97654076E+1,1.10631313E+1,
678.500,6.01991844E+1,2.43880634E+1,
679.00,5.77581940E+1,8.91333485E+0,
679.500,4.91319275E+1,3.11547337E+1,
680.00,4.33587723E+1,2.50058804E+1,
680.500,9.12802353E+1,1.59099979E+1,
681.00,6.86384583E+1,1.37118464E+1,
681.500,7.56811829E+1,1.14531727E+1,
682.00,7.81623230E+1,4.58926201E+0,
682.500,4.85812912E+1,9.20263767E+0,
683.00,6.25284615E+1,9.27932739E+0,
683.500,5.35566673E+1,0.00000000E+0,
684.00,5.13081970E+1,-2.33796263E+0,
684.500,6.55005569E+1,2.57266445E+1,
685.00,5.62294464E+1,4.68248987E+0,
685.500,8.00690918E+1,1.41668873E+1,
686.00,6.60184174E+1,1.41588860E+1,
686.500,9.96310806E+1,7.11764574E+0,
687.00,3.57899780E+1,-2.38048983E+0,
687.500,1.09844971E+2,1.43242416E+1,
688.00,6.48008957E+1,-2.39546251E+0,
688.500,8.21011887E+1,2.16956310E+1,
689.00,9.67892303E+1,7.26258469E+0,
689.500,6.56225433E+1,2.66379795E+1,
690.00,1.07877075E+2,3.40525932E+1,
690.500,7.12215576E+1,9.79255486E+0,
691.00,1.06022087E+2,2.46487331E+0,
691.500,1.08932968E+2,4.94405985E+0,
692.00,8.48195419E+1,9.95189381E+0,
692.500,1.50772202E+2,0.00000000E+0,
693.00,1.34014053E+2,0.00000000E+0,
693.500,1.11577950E+2,7.59194946E+0,
694.00,1.34911621E+2,1.01690683E+1,
694.500,1.25643700E+2,2.56009531E+0,
695.00,9.51521912E+1,1.29067898E+1,
695.500,1.19104912E+2,2.59267879E+0,
696.00,1.75344040E+2,1.04562273E+1,
696.500,1.65512787E+2,7.88759756E+0,
697.00,1.00829086E+2,5.29769993E+0,
697.500,1.79027542E+2,1.33516321E+1,
698.00,1.49935867E+2,2.15369606E+1,
698.500,1.67599854E+2,8.11736298E+0,
699.00,1.25301369E+2,2.44403133E+1,
699.500,1.54057312E+2,8.21579266E+0,
700.00,1.13244781E+2,1.37617025E+1,
700.500,1.74768036E+2,2.77805734E+0,
701.00,1.17571121E+2,1.67833405E+1,
701.500,1.68859756E+2,1.69094906E+1,
702.00,1.44917633E+2,1.41521807E+1,
702.500,1.65591721E+2,3.13480473E+1,
703.00,1.67119827E+2,2.87259078E+0,
703.500,1.50953506E+2,1.15927486E+1,
704.00,1.58091064E+2,1.74959583E+1,
704.500,1.91969543E+2,1.17504654E+1,
705.00,1.48608688E+2,1.18608236E+1,
705.500,1.79467178E+2,2.99330187E+0,
706.00,1.95305954E+2,3.01745534E+0,
706.500,2.21788101E+2,3.03060389E+0,
707.00,1.98665665E+2,1.82647781E+1,
707.500,2.33903290E+2,-6.14543915E+0,
708.00,1.86300659E+2,3.09657307E+1,
708.500,2.34948257E+2,-9.37101841E+0,
709.00,2.28029663E+2,-3.14989948E+0,
709.500,1.90344391E+2,1.27271872E+1,
710.00,2.33721191E+2,1.60364494E+1,
710.500,2.46579391E+2,9.71660995E+0,
711.00,1.98990784E+2,6.51439667E+0,
711.500,2.49622528E+2,2.63030510E+1,
712.00,2.22067215E+2,4.64997940E+1,
712.500,2.00926971E+2,1.67684193E+1,
713.00,1.95429398E+2,1.68562813E+1,
713.500,2.85803375E+2,1.35947866E+1,
714.00,2.33378220E+2,5.46685791E+1,
714.500,2.46035980E+2,1.38551207E+1,
715.00,2.74559540E+2,1.04469604E+1,
715.500,2.63345276E+2,1.76021690E+1,
716.00,2.98531097E+2,1.76816654E+1,
716.500,3.19052704E+2,0.00000000E+0,
717.00,2.31692902E+2,3.60763407E+0,
717.500,2.91753082E+2,1.09126253E+1,
718.00,2.50479218E+2,1.46797543E+1,
718.500,2.89464630E+2,0.00000000E+0,
719.00,2.81445221E+2,2.99061604E+1,
719.500,2.42046600E+2,1.13564625E+1,
720.00,3.13789764E+2,-3.82368445E+0,
720.500,2.88803467E+2,1.15346537E+1,
721.00,3.14801544E+2,1.55327969E+1,
721.500,2.90196381E+2,7.83484983E+0,
722.00,3.36806793E+2,2.37549419E+1,
722.500,2.99324219E+2,7.99468422E+0,
723.00,3.18900360E+2,2.41635075E+1,
723.500,3.32868774E+2,1.62731571E+1,
724.00,2.63549133E+2,0.00000000E+0,
724.500,2.98967804E+2,4.14728355E+0,
725.00,3.09875916E+2,1.25174904E+1,
725.500,3.76524353E+2,3.36751289E+1,
726.00,2.77371826E+2,-4.25617075E+0,
726.500,3.48302948E+2,1.71487408E+1,
727.00,3.48517670E+2,3.46458168E+1,
727.500,3.77045868E+2,2.63221569E+1,
728.00,2.93129913E+2,2.65371342E+1,
728.500,3.53679016E+2,2.67805309E+1,
729.00,3.24548340E+2,4.50760345E+1,
729.500,3.65103668E+2,4.11001816E+1,
730.00,2.76458679E+2,-1.37930365E+1,
730.500,3.87141113E+2,4.18366852E+1,
731.00,4.08113007E+2,4.68796844E+1,
731.500,3.36648895E+2,3.79523430E+1,
732.00,4.08051727E+2,1.43625345E+1,
732.500,3.35648315E+2,9.65517235E+0,
733.00,2.93614105E+2,1.95788765E+1,
733.500,3.65423187E+2,9.85880184E+0,
734.00,3.54184753E+2,9.96872425E+0,
734.500,4.44089905E+2,-5.02166319E+0,
735.00,4.16744049E+2,1.01730404E+1,
735.500,3.59848907E+2,1.53822908E+1,
736.00,4.09332184E+2,1.04016256E+1,
736.500,4.36012238E+2,-5.23346806E+0,
737.00,3.66020782E+2,3.18222980E+1,
737.500,3.89163940E+2,3.74423141E+1,
738.00,4.24177795E+2,-5.40790033E+0,
738.500,3.17499054E+2,3.82128143E+1,
739.00,2.93371246E+2,-1.10194902E+1,
739.500,4.23041107E+2,3.34413338E+1,
740.00,3.32552673E+2,5.62799311E+0,
740.500,3.64369934E+2,4.55627174E+1,
741.00,4.31744354E+2,1.72582207E+1,
741.500,3.66204712E+2,0.00000000E+0,
742.00,3.28219604E+2,-5.85653734E+0,
742.500,3.73863708E+2,2.97398949E+1,
743.00,3.95422668E+2,-5.99671221E+0,
743.500,4.18049500E+2,1.81798172E+1,
744.00,3.97803558E+2,-1.22190552E+1,
744.500,3.45592590E+2,6.18272257E+0,
745.00,4.44604980E+2,0.00000000E+0,
745.500,4.10396454E+2,1.89084644E+1,
746.00,3.82101379E+2,6.38625431E+0,
746.500,3.86977509E+2,6.46302509E+0,
747.00,4.36320099E+2,3.91204109E+1,
747.500,3.75369202E+2,0.00000000E+0,
748.00,5.39639709E+2,0.00000000E+0,
748.500,3.30053711E+2,-6.72409105E+0,
749.00,4.55330719E+2,2.03727665E+1,
749.500,4.67912689E+2,4.12616959E+1,
750.00,4.11036896E+2,1.38740540E+1,
750.500,3.87055908E+2,-7.01556110E+0,
751.00,4.12249847E+2,-7.12797260E+0,
751.500,4.67452789E+2,2.86911945E+1,
752.00,3.70974731E+2,2.89945335E+1,
752.500,4.18839661E+2,-7.34981203E+0,
753.00,4.90612030E+2,3.70771713E+1,
753.500,4.27421417E+2,7.50563288E+0,
754.00,5.61459778E+2,-7.57868099E+0,
754.500,3.92222595E+2,3.05990791E+1,
755.00,5.58565491E+2,1.54762821E+1,
755.500,4.78089294E+2,7.82641602E+0,
756.00,4.09890076E+2,0.00000000E+0,
756.500,4.79917938E+2,1.59959869E+1,
757.00,5.65510376E+2,0.00000000E+0,
757.500,4.42383789E+2,4.07967262E+1,
758.00,3.14401215E+2,3.30218506E+1,
758.500,4.44824615E+2,1.67215824E+1,
759.00,3.89440460E+2,0.00000000E+0,
759.500,4.38681702E+2,3.41866608E+1,
760.00,4.50845245E+2,-1.73198586E+1,
760.500,4.37769043E+2,2.62451019E+1,
761.00,4.95384613E+2,7.95309982E+1,
761.500,4.56559845E+2,2.68803730E+1,
762.00,5.25935974E+2,5.44812202E+1,
762.500,5.13363281E+2,6.39294968E+1,
763.00,5.36601929E+2,-9.23326397E+0,
763.500,3.83195221E+2,1.87011852E+1,
764.00,4.54186615E+2,9.44890976E+0,
764.500,4.69717773E+2,3.81197510E+1,
765.00,5.41468323E+2,1.92591076E+1,
765.500,4.68017029E+2,-1.95745258E+1,
766.00,5.71703430E+2,9.88343716E+0,
766.500,5.29816833E+2,0.00000000E+0,
767.00,4.13478851E+2,-1.00987692E+1,
767.500,6.31875610E+2,-2.03542385E+1,
768.00,6.47926086E+2,-2.05796413E+1,
768.500,5.51549622E+2,-1.04167614E+1,
769.00,5.37650879E+2,4.20422401E+1,
769.500,4.45902802E+2,-1.05994253E+1,
770.00,5.06045685E+2,7.50853119E+1,
770.500,3.03386627E+2,5.42481804E+1,
771.00,4.70853149E+2,1.42183243E+2,
771.500,5.88252686E+2,4.43325577E+1,
772.00,5.28129883E+2,-1.11945314E+1,
772.500,5.21092773E+2,4.53879585E+1,
773.00,3.90198090E+2,4.57351837E+1,
773.500,3.59972076E+2,2.32435760E+1,
774.00,6.09225952E+2,9.37461700E+1,
774.500,5.70576233E+2,1.18517799E+1,
775.00,4.31609955E+2,0.00000000E+0,
775.500,6.16978210E+2,-4.84039116E+1,
776.00,6.25439453E+2,3.67724266E+1,
776.500,5.19184998E+2,4.95752373E+1,
777.00,6.00942505E+2,1.25134697E+1,
777.500,5.08053955E+2,7.61242905E+1,
778.00,4.08654022E+2,1.40692673E+2,
778.500,5.68535828E+2,6.46115112E+1,
779.00,5.22825256E+2,-1.30709686E+1,
779.500,3.43286041E+2,-2.64756851E+1,
780.00,6.54101624E+2,1.46805832E+2,
780.500,7.27749268E+2,6.74678955E+1,
781.00,4.64545013E+2,6.81932831E+1,
781.500,4.82458405E+2,1.24229355E+2,
782.00,5.86922546E+2,-1.39537306E+1,
782.500,4.79198578E+2,0.00000000E+0,
783.00,4.29241943E+2,0.00000000E+0,
783.500,5.19589294E+2,8.66682129E+1,
784.00,4.51348816E+2,-1.45913458E+1,
784.500,5.60825745E+2,1.47240158E+2,
785.00,5.96285767E+2,0.00000000E+0,
785.500,5.86404541E+2,-3.00560703E+1,
786.00,5.76806885E+2,-4.56184387E+1,
786.500,4.30280212E+2,-3.06826687E+1,
787.00,6.84959412E+2,-1.54938049E+1,
787.500,4.86245544E+2,1.25360146E+2,
788.00,5.39638428E+2,0.00000000E+0,
788.500,4.65234711E+2,-3.21131592E+1,
789.00,4.54293365E+2,0.00000000E+0,
789.500,3.76951965E+2,9.85109940E+1,
790.00,5.49077515E+2,1.65850182E+1,
790.500,5.53362671E+2,1.68027248E+1,
791.00,6.09656250E+2,-3.38534698E+1,
791.500,4.29297729E+2,1.70607166E+1,
792.00,8.14628540E+2,8.66035156E+1,
792.500,5.24041382E+2,1.74312325E+1,
793.00,4.41866089E+2,1.59044281E+2,
793.500,6.96179565E+2,8.94672318E+1,
794.00,5.03061188E+2,9.01673126E+1,
794.500,3.63981293E+2,1.45494934E+2,
795.00,6.79579407E+2,3.67688103E+1,
795.500,5.96711365E+2,1.48576859E+2,
796.00,5.45867798E+2,5.63102913E+1,
796.500,6.25692810E+2,-3.79419403E+1,
797.00,7.07789673E+2,-3.81576996E+1,
797.500,5.60634155E+2,-5.79327888E+1,
798.00,4.28401154E+2,9.75610352E+1,
798.500,5.52497498E+2,1.57381119E+2,
799.00,6.80974731E+2,0.00000000E+0,
799.500,6.02757324E+2,1.20705841E+2,
800.00,6.31898499E+2,1.62790115E+2,
800.500,4.52854736E+2,6.17398491E+1,
801.00,6.01973389E+2,1.45572815E+2,
801.500,4.84477051E+2,1.26012642E+2,
802.00,7.00887756E+2,0.00000000E+0,
802.500,7.51613281E+2,1.92525681E+2,
803.00,6.04583130E+2,2.15890312E+1,
803.500,4.59144531E+2,0.00000000E+0,
804.00,5.30205383E+2,2.20477161E+1,
804.500,4.68507263E+2,6.67003021E+1,
805.00,4.94923950E+2,-6.74292679E+1,
805.500,4.78618195E+2,1.13293213E+2,
806.00,2.77137207E+2,-6.86483612E+1,
806.500,6.96549133E+2,0.00000000E+0,
807.00,6.56985718E+2,1.64235840E+2,
807.500,8.32271423E+2,0.00000000E+0,
808.00,7.66067993E+2,2.40307713E+1,
808.500,4.61018616E+2,1.93454819E+2,
809.00,4.40560150E+2,4.88723297E+1,
809.500,9.63946350E+2,2.21698151E+2,
810.00,6.48089661E+2,-2.48663254E+1,
810.500,5.56557861E+2,-1.25908890E+2,
811.00,7.91343201E+2,1.27522263E+2,
811.500,5.42313660E+2,5.16772842E+1,
812.00,7.83327576E+2,-2.61668262E+1,
812.500,4.78586304E+2,7.95102158E+1,
813.00,5.35964844E+2,-2.68605576E+1,
813.500,6.27348450E+2,0.00000000E+0,
814.00,3.58515259E+2,1.10628326E+2,
814.500,8.40705811E+2,1.11961960E+2,
815.00,4.81808075E+2,1.14247086E+2,
815.500,6.35066101E+2,2.88022747E+1,
816.00,5.25613342E+2,1.75315216E+2,
816.500,7.40821716E+2,8.89488602E+1,
817.00,5.11702637E+2,-9.00180435E+1,
817.500,5.80719177E+2,6.12007141E+1,
818.00,5.27854919E+2,6.20353775E+1,
818.500,5.68882935E+2,-6.29383354E+1,
819.00,4.81023499E+2,-3.19901237E+1,
819.500,4.24081085E+2,-9.78285141E+1,
820.00,7.66351685E+2,3.32280045E+1,
820.500,7.08809692E+2,3.37418022E+1,
821.00,6.21458008E+2,-6.87443466E+1,
821.500,5.25828064E+2,0.00000000E+0,
822.00,6.45440857E+2,1.07631325E+2,
822.500,1.24016357E+3,0.00000000E+0,
823.00,3.35999939E+2,-7.47997589E+1,
823.500,2.67815125E+2,3.81131783E+1,
824.00,3.90013367E+2,-3.91299515E+1,
824.500,6.04374878E+2,-4.00413589E+1,
825.00,6.58817383E+2,1.64387466E+2,
825.500,8.01107361E+2,-1.26619301E+2,
826.00,9.06985168E+2,-4.33717155E+1,
826.500,9.77684265E+2,-4.43881073E+1,
827.00,7.33326172E+2,4.56918030E+1,
827.500,8.01186523E+2,4.69118500E+1,
828.00,5.33837646E+2,-4.84099846E+1,
828.500,4.99531281E+2,0.00000000E+0,
829.00,4.64641846E+2,4.12531036E+2,
829.500,6.92467468E+2,0.00000000E+0,
830.00,7.70214172E+2,2.75505524E+2,
