Labels,KONGBAI-2,
Type,Emission Scan,
Comment,,
Start,435.00,
Stop,830.100,
Step,0.300,
Fixed/Offset,445.00,
Xaxis,Wavelength,
Yaxis,Counts,
Scan Corr. by File,True,
Corr. by Ref. Det.,True,
Fixed/Offset Corr. by File,False,
Repeats,1,
Dwell Time,0.20,
Lamp,Xenon,
Temp,0.00,
Scan Polariser,None,
Scan Slit,0.23999718,
Fixed/Offset Polariser,None,
Fixed/Offset Slit,2.10,
Detector,Det 1,

435.00,2.15805602E+0,
435.300,2.70876980E+0,
435.600,0.00000000E+0,
435.900,6.50981665E+0,
436.200,2.17301893E+0,
436.500,1.63075447E+0,
436.800,5.95742846E+0,
437.100,5.43150568E+0,
437.400,8.13079548E+0,
437.700,8.17040539E+0,
438.00,2.23524342E+1,
438.300,2.82940178E+1,
438.600,4.61784782E+1,
438.900,6.65987320E+1,
439.200,8.31531906E+1,
439.500,1.13652908E+2,
439.800,1.30521881E+2,
440.100,1.96487732E+2,
440.400,2.31915604E+2,
440.700,2.73976166E+2,
441.00,3.33794128E+2,
441.300,4.19539673E+2,
441.600,4.94908447E+2,
441.900,5.30935181E+2,
442.200,7.43472778E+2,
442.500,8.76957153E+2,
442.800,1.13779590E+3,
443.100,2.74853125E+3,
443.400,9.94922168E+3,
443.700,2.84942637E+4,
444.00,5.48570391E+4,
444.300,8.45256406E+4,
444.600,1.12360547E+5,
444.900,1.40292203E+5,
445.200,1.61939344E+5,
445.500,1.67371484E+5,
445.800,1.57342781E+5,
446.100,1.31287094E+5,
446.400,1.04067305E+5,
446.700,7.47326719E+4,
447.00,4.66258203E+4,
447.300,2.32695684E+4,
447.600,6.93103564E+3,
447.900,1.89847229E+3,
448.200,1.04551843E+3,
448.500,8.00992004E+2,
448.800,6.57676697E+2,
449.100,5.36544373E+2,
449.400,4.46254639E+2,
449.700,3.99778473E+2,
450.00,3.24326599E+2,
450.300,3.15661713E+2,
450.600,2.82758972E+2,
450.900,2.36247345E+2,
451.200,2.09562943E+2,
451.500,1.73782547E+2,
451.800,1.39011871E+2,
452.100,1.30063812E+2,
452.400,9.19569473E+1,
452.700,9.33218079E+1,
453.00,8.13153992E+1,
453.300,6.02985764E+1,
453.600,3.89443016E+1,
453.900,2.91596127E+1,
454.200,1.87322865E+1,
454.500,2.26240673E+1,
454.800,1.03205776E+1,
455.100,1.99219894E+1,
455.400,1.86342087E+1,
455.700,1.85444412E+1,
456.00,1.21018686E+1,
456.300,2.16419563E+1,
456.600,1.77999172E+1,
456.900,1.51234293E+1,
457.200,1.32458658E+1,
457.500,1.57123928E+1,
457.800,1.25151730E+1,
458.100,1.61737480E+1,
458.400,1.67763042E+1,
458.700,1.80227833E+1,
459.00,2.78591194E+1,
459.300,2.45623264E+1,
459.600,1.41995287E+1,
459.900,2.01490688E+1,
460.200,1.83273716E+1,
460.500,1.82163181E+1,
460.800,2.36227055E+1,
461.100,1.80491734E+1,
461.400,2.22381744E+1,
461.700,1.19682856E+1,
462.00,2.38155327E+1,
462.300,1.90820770E+1,
462.600,1.30434151E+1,
462.900,1.48363352E+1,
463.200,1.77265167E+1,
463.500,2.64957390E+1,
463.800,2.05958080E+1,
464.100,2.05624905E+1,
464.400,1.63546143E+1,
464.700,1.69596806E+1,
465.00,2.26909828E+1,
465.300,2.72569904E+1,
465.600,2.08124523E+1,
465.900,2.89856453E+1,
466.200,2.90505943E+1,
466.500,2.18845043E+1,
466.800,2.35875378E+1,
467.100,1.73061790E+1,
467.400,2.47005157E+1,
467.700,1.49750872E+1,
468.00,2.29775257E+1,
468.300,2.57139416E+1,
468.600,1.94653549E+1,
468.900,2.35268211E+1,
469.200,2.27755795E+1,
469.500,1.76524143E+1,
469.800,2.62952518E+1,
470.100,1.94839497E+1,
470.400,2.67988434E+1,
470.700,2.67948341E+1,
471.00,2.22280426E+1,
471.300,2.28158569E+1,
471.600,1.99810238E+1,
471.900,3.06689644E+1,
472.200,2.56740818E+1,
472.500,2.22534161E+1,
472.800,3.24299698E+1,
473.100,2.96684914E+1,
473.400,1.94371681E+1,
473.700,2.81162739E+1,
474.00,2.90822239E+1,
474.300,2.84680920E+1,
474.600,3.36944885E+1,
474.900,2.57012978E+1,
475.200,2.23502159E+1,
475.500,2.98467865E+1,
475.800,2.18641739E+1,
476.100,2.42166176E+1,
476.400,3.29767036E+1,
476.700,2.47635174E+1,
477.00,3.04668617E+1,
477.300,2.36125965E+1,
477.600,3.94125862E+1,
477.900,2.59714527E+1,
478.200,2.77654572E+1,
478.500,2.95693207E+1,
478.800,2.55718269E+1,
479.100,3.53232193E+1,
479.400,2.56120129E+1,
479.700,2.73100204E+1,
480.00,3.03428497E+1,
480.300,3.05569668E+1,
480.600,3.49954109E+1,
480.900,2.98985481E+1,
481.200,2.87534561E+1,
481.500,2.81847210E+1,
481.800,2.65897026E+1,
482.100,2.12042122E+1,
482.400,3.59391251E+1,
482.700,3.24372826E+1,
483.00,3.24227142E+1,
483.300,2.25356903E+1,
483.600,3.62814369E+1,
483.900,3.45339012E+1,
484.200,3.35208778E+1,
484.500,3.65299225E+1,
484.800,3.47060242E+1,
485.100,3.06158485E+1,
485.400,2.63113899E+1,
485.700,2.95869179E+1,
486.00,3.26046600E+1,
486.300,3.87332802E+1,
486.600,2.72972031E+1,
486.900,3.76178970E+1,
487.200,3.02899818E+1,
487.500,3.49335899E+1,
487.800,3.11215038E+1,
488.100,3.55387344E+1,
488.400,4.24857063E+1,
488.700,2.58876057E+1,
489.00,4.06099052E+1,
489.300,2.84082947E+1,
489.600,3.41601677E+1,
489.900,3.79387169E+1,
490.200,4.20221558E+1,
490.500,2.81386509E+1,
490.800,3.64099541E+1,
491.100,3.25815239E+1,
491.400,3.32887421E+1,
491.700,3.34473839E+1,
492.00,3.47375832E+1,
492.300,2.84775677E+1,
492.600,3.47744217E+1,
492.900,3.75090141E+1,
493.200,4.64135513E+1,
493.500,3.32595901E+1,
493.800,3.13890953E+1,
494.100,3.45995903E+1,
494.400,3.53840294E+1,
494.700,4.18855896E+1,
495.00,3.81613312E+1,
495.300,3.62521820E+1,
495.600,4.54279480E+1,
495.900,2.80452995E+1,
496.200,3.52649231E+1,
496.500,3.53070679E+1,
496.800,3.13946171E+1,
497.100,3.81434860E+1,
497.400,3.14915352E+1,
497.700,4.53410301E+1,
498.00,3.63862839E+1,
498.300,3.57392159E+1,
498.600,2.85962715E+1,
498.900,3.31197701E+1,
499.200,4.12702179E+1,
499.500,3.53363647E+1,
499.800,3.88480110E+1,
500.100,3.89196472E+1,
500.400,3.63734856E+1,
500.700,3.08831692E+1,
501.00,3.03862476E+1,
501.300,3.25960197E+1,
501.600,3.93662415E+1,
501.900,3.73360519E+1,
502.200,3.54990654E+1,
502.500,3.82651443E+1,
502.800,2.66728611E+1,
503.100,3.28209991E+1,
503.400,3.65298309E+1,
503.700,2.47414951E+1,
504.00,4.92229538E+1,
504.300,3.94478493E+1,
504.600,2.83195076E+1,
504.900,5.21999245E+1,
505.200,3.84308586E+1,
505.500,4.26565552E+1,
505.800,3.56556473E+1,
506.100,3.71898117E+1,
506.400,3.94822884E+1,
506.700,3.44885750E+1,
507.00,3.25754738E+1,
507.300,3.87683067E+1,
507.600,4.69081383E+1,
507.900,3.64202309E+1,
508.200,4.28450241E+1,
508.500,3.22547913E+1,
508.800,3.16535091E+1,
509.100,3.59623566E+1,
509.400,2.94631615E+1,
509.700,4.12395287E+1,
510.00,3.53833885E+1,
510.300,3.54871483E+1,
510.600,4.35651207E+1,
510.900,3.41493797E+1,
511.200,2.68773651E+1,
511.500,4.16042786E+1,
511.800,3.74918213E+1,
512.100,3.38537941E+1,
512.400,3.47649078E+1,
512.700,3.41015282E+1,
513.00,2.66541634E+1,
513.300,3.11295643E+1,
513.600,3.79194794E+1,
513.900,3.56192932E+1,
514.200,2.69712830E+1,
514.500,3.14471302E+1,
514.800,3.84036140E+1,
515.100,3.92160225E+1,
515.400,3.34093094E+1,
515.700,2.86604557E+1,
516.00,3.26962852E+1,
516.300,2.58471680E+1,
516.600,2.66890869E+1,
516.900,4.36226349E+1,
517.200,2.76684418E+1,
517.500,3.76862946E+1,
517.800,2.30099297E+1,
518.100,4.62150879E+1,
518.400,3.55992432E+1,
518.700,4.18606758E+1,
519.00,2.57178040E+1,
519.300,2.96124725E+1,
519.600,1.95526981E+1,
519.900,2.82509460E+1,
520.200,3.93134689E+1,
520.500,4.25520325E+1,
520.800,3.78418236E+1,
521.100,3.39484177E+1,
521.400,3.64832611E+1,
521.700,3.49541817E+1,
522.00,2.31165142E+1,
522.300,4.01299438E+1,
522.600,3.60174713E+1,
522.900,2.64439907E+1,
523.200,3.45750999E+1,
523.500,4.03763275E+1,
523.800,3.80484657E+1,
524.100,3.07973652E+1,
524.400,3.33072166E+1,
524.700,1.62372208E+1,
525.00,3.01550465E+1,
525.300,2.38098183E+1,
525.600,2.79836922E+1,
525.900,2.54851570E+1,
526.200,3.87332916E+1,
526.500,4.55952263E+1,
526.800,2.14648552E+1,
527.100,2.09124050E+1,
527.400,3.66757240E+1,
527.700,3.34288254E+1,
528.00,3.18153191E+1,
528.300,2.85876579E+1,
528.600,2.94112186E+1,
528.900,4.06201477E+1,
529.200,2.54189720E+1,
529.500,4.32625732E+1,
529.800,3.55923996E+1,
530.100,3.24921341E+1,
530.400,2.89815445E+1,
530.700,3.94316025E+1,
531.00,3.00351543E+1,
531.300,4.39396744E+1,
531.600,3.04201565E+1,
531.900,3.38004723E+1,
532.200,3.56193237E+1,
532.500,3.93358154E+1,
532.800,2.79788399E+1,
533.100,3.05423794E+1,
533.400,3.85591774E+1,
533.700,3.80065880E+1,
534.00,3.27639923E+1,
534.300,2.47954330E+1,
534.600,3.18942204E+1,
534.900,3.10259037E+1,
535.200,2.67371159E+1,
535.500,4.10801926E+1,
535.800,2.33275681E+1,
536.100,3.24235992E+1,
536.400,2.51820965E+1,
536.700,3.42073669E+1,
537.00,4.16924210E+1,
537.300,2.91007004E+1,
537.600,3.46258163E+1,
537.900,2.73141136E+1,
538.200,2.64987736E+1,
538.500,2.30009823E+1,
538.800,3.57795372E+1,
539.100,2.11909046E+1,
539.400,2.03150597E+1,
539.700,3.52282486E+1,
540.00,2.32048264E+1,
540.300,2.05422039E+1,
540.600,3.36517029E+1,
540.900,3.38356094E+1,
541.200,2.63157902E+1,
541.500,2.07286301E+1,
541.800,2.17883224E+1,
542.100,3.59050941E+1,
542.400,2.27265053E+1,
542.700,3.61477737E+1,
543.00,3.62180595E+1,
543.300,2.19286995E+1,
543.600,2.77845554E+1,
543.900,3.96119308E+1,
544.200,2.03755589E+1,
544.500,2.22895222E+1,
544.800,1.73685608E+1,
545.100,3.97968216E+1,
545.400,2.25137806E+1,
545.700,1.85036278E+1,
546.00,1.86209526E+1,
546.300,1.37442255E+1,
546.600,4.13698196E+1,
546.900,3.26834717E+1,
547.200,2.47228184E+1,
547.500,2.28116493E+1,
547.800,2.29505749E+1,
548.100,2.48892059E+1,
548.400,2.09983139E+1,
548.700,2.00884151E+1,
549.00,1.70413532E+1,
549.300,2.42456169E+1,
549.600,3.45426826E+1,
549.900,3.55151367E+1,
550.200,5.18926888E+1,
550.500,2.86118946E+1,
550.800,1.83679237E+1,
551.100,2.05695553E+1,
551.400,2.37090302E+1,
551.700,1.85898056E+1,
552.00,1.95845966E+1,
552.300,4.24866295E+1,
552.600,2.50714951E+1,
552.900,3.64562073E+1,
553.200,2.81376381E+1,
553.500,2.20270329E+1,
553.800,2.63116760E+1,
554.100,3.15964737E+1,
554.400,1.90594692E+1,
554.700,2.22519417E+1,
555.00,1.27024298E+1,
555.300,2.66100006E+1,
555.600,2.67045155E+1,
555.900,2.15200672E+1,
556.200,4.11337700E+1,
556.500,2.37619705E+1,
556.800,2.16367931E+1,
557.100,2.59700432E+1,
557.400,1.19964247E+1,
557.700,2.39692307E+1,
558.00,1.74955730E+1,
558.300,2.63479996E+1,
558.600,1.86815681E+1,
558.900,2.86660862E+1,
559.200,3.32377357E+1,
559.500,2.87637901E+1,
559.800,1.99786510E+1,
560.100,1.56401901E+1,
560.400,2.55794220E+1,
560.700,3.59309273E+1,
561.00,3.03083076E+1,
561.300,2.36908283E+1,
561.600,2.71958485E+1,
561.900,2.49982986E+1,
562.200,2.62479458E+1,
562.500,3.07675705E+1,
562.800,2.98035374E+1,
563.100,1.95948677E+1,
563.400,2.29684429E+1,
563.700,3.11107216E+1,
564.00,2.78290634E+1,
564.300,2.44827232E+1,
564.600,1.75850487E+1,
564.900,1.87372189E+1,
565.200,3.06191559E+1,
565.500,2.35311852E+1,
565.800,2.00794277E+1,
566.100,2.60789490E+1,
566.400,1.66133404E+1,
566.700,2.50521088E+1,
567.00,2.51360512E+1,
567.300,1.43399324E+1,
567.600,2.65053844E+1,
567.900,1.81001225E+1,
568.200,3.85032082E+1,
568.500,2.06649246E+1,
568.800,1.58563185E+1,
569.100,1.95762215E+1,
569.400,1.96739006E+1,
569.700,1.34991016E+1,
570.00,2.09547997E+1,
570.300,1.73106518E+1,
570.600,2.35589733E+1,
570.900,1.24793310E+1,
571.200,3.49742737E+1,
571.500,7.49799299E+0,
571.800,2.25879250E+1,
572.100,2.50376625E+1,
572.400,1.64302731E+1,
572.700,1.77460480E+1,
573.00,2.42480164E+1,
573.300,2.03789597E+1,
573.600,2.04686832E+1,
573.900,1.66405792E+1,
574.200,2.05858479E+1,
574.500,2.18918266E+1,
574.800,2.84569626E+1,
575.100,1.68550339E+1,
575.400,2.60213642E+1,
575.700,1.30418081E+1,
576.00,1.70758724E+1,
576.300,7.87070799E+0,
576.600,1.97963600E+1,
576.900,2.91017818E+1,
577.200,1.72758312E+1,
577.500,2.12465420E+1,
577.800,1.99517918E+1,
578.100,2.67896557E+0,
578.400,2.42528000E+1,
578.700,1.34767332E+1,
579.00,2.57630062E+1,
579.300,2.17267971E+1,
579.600,5.43010426E+0,
579.900,1.36226130E+1,
580.200,6.83680820E+0,
580.500,2.34392605E+1,
580.800,2.88639870E+1,
581.100,2.21391888E+1,
581.400,1.80770302E+1,
581.700,1.67406769E+1,
582.00,2.37110481E+1,
582.300,1.82582378E+1,
582.600,1.40359230E+1,
582.900,9.87258244E+0,
583.200,1.26782255E+1,
583.500,1.56421442E+1,
583.800,1.70572681E+1,
584.100,8.58116436E+0,
584.400,1.43190384E+1,
584.700,2.44524727E+1,
585.00,8.60421848E+0,
585.300,1.01201591E+1,
585.600,8.65573215E+0,
585.900,2.03288269E+1,
586.200,2.91575832E+1,
586.500,2.05353413E+1,
586.800,2.05240231E+1,
587.100,1.31618700E+1,
587.400,1.61832790E+1,
587.700,2.22379246E+1,
588.00,1.63492432E+1,
588.300,5.92699623E+0,
588.600,1.93488750E+1,
588.900,1.64347534E+1,
589.200,1.20272369E+1,
589.500,1.95080147E+1,
589.800,0.00000000E+0,
590.100,9.10601330E+0,
590.400,2.13355408E+1,
590.700,6.11278820E+0,
591.00,1.07092571E+1,
591.300,9.24307537E+0,
591.600,2.00322800E+1,
591.900,1.54809046E+1,
592.200,6.20022202E+0,
592.500,1.24092169E+1,
592.800,1.56492519E+1,
593.100,1.40985107E+1,
593.400,7.86335850E+0,
593.700,9.44093800E+0,
594.00,1.42277431E+1,
594.300,7.92839718E+0,
594.600,1.59005613E+1,
594.900,0.00000000E+0,
595.200,1.92354183E+1,
595.500,1.44036131E+1,
595.800,6.40509844E+0,
596.100,6.44105768E+0,
596.400,1.29698048E+1,
596.700,9.73325634E+0,
597.00,2.11711197E+1,
597.300,6.55751610E+0,
597.600,4.89896727E+0,
597.900,6.59785938E+0,
598.200,4.97114086E+0,
598.500,2.96471710E+1,
598.800,9.98512363E+0,
599.100,5.00223684E+0,
599.400,5.02166128E+0,
599.700,3.36366749E+0,
600.00,2.19180241E+1,
600.300,6.77517414E+0,
600.600,1.53175325E+1,
600.900,1.35917807E+1,
601.200,1.36927624E+1,
601.500,2.23059616E+1,
601.800,1.73159428E+1,
602.100,6.89982080E+0,
602.400,8.62781715E+0,
602.700,1.39270287E+1,
603.00,5.21942711E+0,
603.300,1.05138578E+1,
603.600,7.01805258E+0,
603.900,5.27982759E+0,
604.200,8.85843086E+0,
604.500,7.10308743E+0,
604.800,-1.77508843E+0,
605.100,7.17270708E+0,
605.400,-5.36702299E+0,
605.700,3.04997082E+1,
606.00,2.17214375E+1,
606.300,1.62904549E+1,
606.600,5.43370390E+0,
606.900,9.12384033E+0,
607.200,1.27828932E+1,
607.500,1.47235289E+1,
607.800,1.85996685E+1,
608.100,7.39959431E+0,
608.400,1.30211372E+1,
608.700,7.51323128E+0,
609.00,7.47511435E+0,
609.300,1.12537451E+1,
609.600,3.77178001E+0,
609.900,-3.80152750E+0,
610.200,5.71332979E+0,
610.500,7.62227249E+0,
610.800,-5.71236467E+0,
611.100,1.73145771E+1,
611.400,1.34665079E+1,
611.700,1.16061754E+1,
612.00,9.72635078E+0,
612.300,-1.94521308E+0,
612.600,2.16567535E+1,
612.900,1.57419930E+1,
613.200,1.18719177E+1,
613.500,5.95480394E+0,
613.800,1.39382524E+1,
614.100,1.99858391E+0,
614.400,-4.00989199E+0,
614.700,8.04836178E+0,
615.00,2.01982040E+1,
615.300,1.62743587E+1,
615.600,2.25135021E+1,
615.900,0.00000000E+0,
616.200,8.19957638E+0,
616.500,1.44472828E+1,
616.800,8.27584743E+0,
617.100,6.22624493E+0,
617.400,1.87711143E+1,
617.700,1.05070734E+1,
618.00,2.10002112E+0,
618.300,6.34868383E+0,
618.600,2.12620997E+0,
618.900,8.51167393E+0,
619.200,2.12800455E+0,
619.500,8.60555744E+0,
619.800,1.51408949E+1,
620.100,-4.31676102E+0,
620.400,1.08604784E+1,
620.700,3.93114777E+1,
621.00,6.55451202E+0,
621.300,3.09152927E+1,
621.600,1.54796124E+1,
621.900,3.33955956E+1,
622.200,1.78694057E+1,
622.500,2.23135424E+0,
622.800,6.74649334E+0,
623.100,6.78294849E+0,
623.400,6.82805586E+0,
623.700,2.28121805E+0,
624.00,-4.56630611E+0,
624.300,0.00000000E+0,
624.600,9.23681641E+0,
624.900,0.00000000E+0,
625.200,9.32937622E+0,
625.500,1.63828716E+1,
625.800,0.00000000E+0,
626.100,7.06251669E+0,
626.400,7.10003090E+0,
626.700,0.00000000E+0,
627.00,7.15722227E+0,
627.300,1.44256029E+1,
627.600,-2.40451074E+0,
627.900,-7.28549242E+0,
628.200,-4.87193251E+0,
628.500,2.43635798E+0,
628.800,0.00000000E+0,
629.100,2.47451520E+0,
629.400,4.92561102E+0,
629.700,4.98286629E+0,
630.00,2.50040221E+0,
630.300,0.00000000E+0,
630.600,1.51507607E+1,
630.900,0.00000000E+0,
631.200,0.00000000E+0,
631.500,1.02112885E+1,
631.800,-5.15080166E+0,
632.100,7.75138950E+0,
632.400,5.18037176E+0,
632.700,-5.20362043E+0,
633.00,7.87091446E+0,
633.300,7.90588474E+0,
633.600,-2.64908504E+0,
633.900,7.98662043E+0,
634.200,-8.02509403E+0,
634.500,-1.06994181E+1,
634.800,0.00000000E+0,
635.100,0.00000000E+0,
635.400,0.00000000E+0,
635.700,5.43400717E+0,
636.00,-5.48909140E+0,
636.300,2.21063309E+1,
636.600,1.10824528E+1,
636.900,-2.79980445E+0,
637.200,5.58477831E+0,
637.500,-5.61895895E+0,
637.800,8.46405411E+0,
638.100,1.13823347E+1,
638.400,2.28238506E+1,
638.700,0.00000000E+0,
639.00,0.00000000E+0,
639.300,5.77991295E+0,
639.600,-2.91435480E+0,
639.900,8.78099346E+0,
640.200,8.86033535E+0,
640.500,0.00000000E+0,
640.800,1.48525515E+1,
641.100,5.97109652E+0,
641.400,2.10209045E+1,
641.700,-9.06298828E+0,
642.00,3.02533340E+0,
642.300,0.00000000E+0,
642.600,-1.22431211E+1,
642.900,1.53852491E+1,
643.200,1.23518448E+1,
643.500,2.47978191E+1,
643.800,-3.12241769E+0,
644.100,-1.56882210E+1,
644.400,6.30741405E+0,
644.700,-3.16965294E+0,
645.00,9.56738281E+0,
645.300,6.42082357E+0,
645.600,0.00000000E+0,
645.900,3.25664282E+0,
646.200,3.25910568E+0,
646.500,3.27924728E+0,
646.800,-1.31654892E+1,
647.100,3.31056142E+0,
647.400,9.98927021E+0,
647.700,-6.70152187E+0,
648.00,-2.35323982E+1,
648.300,3.38069224E+0,
648.600,6.78916502E+0,
648.900,-1.02691727E+1,
649.200,-1.03197412E+1,
649.500,6.91916704E+0,
649.800,2.43645840E+1,
650.100,-1.05286722E+1,
650.400,-7.01235580E+0,
650.700,1.06244230E+1,
651.00,-1.07175703E+1,
651.300,2.87206402E+1,
651.600,-7.20700073E+0,
651.900,-1.08906012E+1,
652.200,0.00000000E+0,
652.500,-1.09588203E+1,
652.800,3.66312933E+0,
653.100,-1.48441706E+1,
653.400,0.00000000E+0,
653.700,3.74888134E+0,
654.00,-1.50806437E+1,
654.300,-3.77966118E+0,
654.600,0.00000000E+0,
654.900,-7.65533924E+0,
655.200,3.86920524E+0,
655.500,-2.32521038E+1,
655.800,0.00000000E+0,
656.100,7.87304926E+0,
656.400,-1.97815533E+1,
656.700,1.98801403E+1,
657.00,-1.20165586E+1,
657.300,-1.61762657E+1,
657.600,-4.03176355E+0,
657.900,-1.22428741E+1,
658.200,8.19491768E+0,
658.500,-8.30125713E+0,
658.800,1.65670738E+1,
659.100,0.00000000E+0,
659.400,1.68652744E+1,
659.700,0.00000000E+0,
660.00,-3.41868019E+1,
660.300,-4.28885460E+0,
660.600,-4.32911110E+0,
660.900,1.31092854E+1,
661.200,-1.76142578E+1,
661.500,-4.44665432E+0,
661.800,4.47028923E+0,
662.100,4.50040674E+0,
662.400,3.64750328E+1,
662.700,-1.84098320E+1,
663.00,-4.62906551E+0,
663.300,-9.32989216E+0,
663.600,-1.88389263E+1,
663.900,-1.43250065E+1,
664.200,-9.65999317E+0,
664.500,3.41987572E+1,
664.800,-9.81384754E+0,
665.100,0.00000000E+0,
665.400,-5.04008293E+0,
665.700,-5.04867887E+0,
666.00,-1.53278456E+1,
666.300,-1.54366760E+1,
666.600,5.15988159E+0,
666.900,1.03770285E+1,
667.200,5.26092386E+0,
667.500,-5.25528717E+0,
667.800,-2.11415958E+1,
668.100,-1.59246807E+1,
668.400,0.00000000E+0,
668.700,1.59677362E+1,
669.00,-2.14556904E+1,
669.300,-1.07042627E+1,
669.600,-1.07276268E+1,
669.900,1.60911274E+1,
670.200,5.39131260E+0,
670.500,-5.38558912E+0,
670.800,1.07809372E+1,
671.100,5.37013912E+0,
671.400,5.37488937E+1,
671.700,5.38826895E+0,
672.00,5.39821529E+0,
672.300,-1.08235350E+1,
672.600,-2.70911694E+1,
672.900,1.08425531E+1,
673.200,-1.62450085E+1,
673.500,5.43139315E+0,
673.800,-5.42253065E+0,
674.100,5.43730021E+0,
674.400,-1.08867559E+1,
674.700,2.17826653E+1,
675.00,-1.63326149E+1,
675.300,-1.63276386E+1,
675.600,-5.48015976E+0,
675.900,-1.63618355E+1,
676.200,2.18768559E+1,
676.500,0.00000000E+0,
676.800,5.49262571E+0,
677.100,3.30308037E+1,
677.400,-2.75081673E+1,
677.700,3.85510559E+1,
678.00,1.10458994E+1,
678.300,1.10251017E+1,
678.600,1.66259823E+1,
678.900,0.00000000E+0,
679.200,-2.21899776E+1,
679.500,2.77168999E+1,
679.800,-2.22662315E+1,
680.100,-1.13522501E+1,
680.400,-1.70771923E+1,
680.700,2.83813705E+1,
681.00,5.68673992E+0,
681.300,-1.13963881E+1,
681.600,-1.71220837E+1,
681.900,-2.87091770E+1,
682.200,5.74941349E+0,
682.500,-5.74598694E+0,
682.800,1.15043173E+1,
683.100,0.00000000E+0,
683.400,5.77229977E+0,
683.700,1.16096258E+1,
684.00,-2.89979248E+1,
684.300,1.16501799E+1,
684.600,4.09081917E+1,
684.900,-4.07391853E+1,
685.200,-1.75091782E+1,
685.500,1.76217747E+1,
685.800,1.76413136E+1,
686.100,1.75741749E+1,
686.400,-1.76900063E+1,
686.700,-5.90868330E+0,
687.00,5.91707277E+0,
687.300,5.93992472E+0,
687.600,1.19469929E+1,
687.900,4.17996101E+1,
688.200,0.00000000E+0,
688.500,5.98495216E+1,
688.800,-1.20270147E+1,
689.100,1.80106506E+1,
689.400,4.83094139E+1,
689.700,6.07083130E+0,
690.00,6.09135008E+0,
690.300,2.44993935E+1,
690.600,0.00000000E+0,
690.900,-1.83233757E+1,
691.200,1.23520937E+1,
691.500,0.00000000E+0,
691.800,-1.23948746E+1,
692.100,6.24028158E+0,
692.400,0.00000000E+0,
692.700,1.25260077E+1,
693.00,-6.24360228E+0,
693.300,0.00000000E+0,
693.600,6.31670380E+0,
693.900,-6.35431433E+0,
694.200,1.90458164E+1,
694.500,-6.37029505E+0,
694.800,-3.83442497E+1,
695.100,-1.93369484E+1,
695.400,1.29223776E+1,
695.700,-2.61087170E+1,
696.00,-6.51281548E+0,
696.300,-2.61387711E+1,
696.600,6.54684782E+0,
696.900,0.00000000E+0,
697.200,-6.61183786E+0,
697.500,-3.32077217E+1,
697.800,0.00000000E+0,
698.100,-1.34341135E+1,
698.400,-4.02786827E+1,
698.700,-2.70744934E+1,
699.00,-4.08155212E+1,
699.300,-3.39861298E+1,
699.600,-1.36747227E+1,
699.900,3.41244659E+1,
700.200,5.49469681E+1,
700.500,-4.84639397E+1,
700.800,-2.08276768E+1,
701.100,-3.49103928E+1,
701.400,3.50520134E+1,
701.700,1.39918385E+1,
702.00,4.94423637E+1,
702.300,4.26476936E+1,
702.600,-3.56616821E+1,
702.900,-2.15383873E+1,
703.200,-1.43615808E+1,
703.500,5.05894814E+1,
703.800,4.35500526E+1,
704.100,-2.19578552E+1,
704.400,-1.47157173E+1,
704.700,-1.46798315E+1,
705.00,2.21393604E+1,
705.300,-1.47967367E+1,
705.600,-7.45280838E+0,
705.900,-7.47411442E+0,
706.200,-1.50404158E+1,
706.500,-7.56827831E+0,
706.800,-1.50930653E+1,
707.100,0.00000000E+0,
707.400,-1.53214283E+1,
707.700,-7.71035337E+0,
708.00,0.00000000E+0,
708.300,-5.44213524E+1,
708.600,-2.33978271E+1,
708.900,0.00000000E+0,
709.200,3.14362106E+1,
709.500,-3.18122578E+1,
709.800,0.00000000E+0,
710.100,-1.60761948E+1,
710.400,0.00000000E+0,
710.700,-8.09396553E+0,
711.00,-8.12793827E+0,
711.300,8.18312454E+0,
711.600,-2.46024628E+1,
711.900,2.47094135E+1,
712.200,1.65457039E+1,
712.500,8.36929417E+0,
712.800,-4.18339348E+1,
713.100,-2.51615314E+1,
713.400,-1.69220963E+1,
713.700,5.10713844E+1,
714.00,0.00000000E+0,
714.300,0.00000000E+0,
714.600,-6.02572212E+1,
714.900,-8.65409660E+0,
715.200,-8.73237419E+0,
715.500,-1.75284309E+1,
715.800,-3.51508789E+1,
716.100,-3.54550514E+1,
716.400,0.00000000E+0,
716.700,-3.57453728E+1,
717.00,-8.98339558E+0,
717.300,-3.61812096E+1,
717.600,0.00000000E+0,
717.900,-2.74095993E+1,
718.200,1.83331776E+1,
718.500,-2.76865330E+1,
718.800,-9.26005840E+0,
719.100,9.39049435E+0,
719.400,0.00000000E+0,
719.700,-1.88880253E+1,
720.00,-9.51625824E+0,
720.300,-1.90342712E+1,
720.600,4.80621223E+1,
720.900,3.84663620E+1,
721.200,-9.75750732E+0,
721.500,9.80917645E+0,
721.800,-1.96883793E+1,
722.100,2.96856136E+1,
722.400,1.98996925E+1,
722.700,-1.00024471E+1,
723.00,-3.01983109E+1,
723.300,-2.02380562E+1,
723.600,0.00000000E+0,
723.900,-1.02364655E+1,
724.200,-2.05798149E+1,
724.500,4.12448196E+1,
724.800,-3.12236023E+1,
725.100,-5.21313095E+1,
725.400,1.05380363E+1,
725.700,-3.16332340E+1,
726.00,-1.05975399E+1,
726.300,-4.27194099E+1,
726.600,-2.15552654E+1,
726.900,-3.23616028E+1,
727.200,1.08359804E+1,
727.500,-3.27611427E+1,
727.800,-2.20339680E+1,
728.100,1.10999193E+1,
728.400,-7.76618500E+1,
728.700,0.00000000E+0,
729.00,2.25616798E+1,
729.300,0.00000000E+0,
729.600,-2.28405952E+1,
729.900,-1.14987164E+1,
730.200,-1.15507612E+1,
730.500,-5.80532455E+1,
730.800,0.00000000E+0,
731.100,-4.67613602E+1,
731.400,-7.06790771E+1,
731.700,-5.91767883E+1,
732.00,2.39319744E+1,
732.300,0.00000000E+0,
732.600,-4.85042801E+1,
732.900,1.21109667E+1,
733.200,-4.89614220E+1,
733.500,0.00000000E+0,
733.800,0.00000000E+0,
734.100,-1.24259653E+1,
734.400,1.25500641E+1,
734.700,-3.77022934E+1,
735.00,-2.54867325E+1,
735.300,1.01771317E+2,
735.600,-6.39077835E+1,
735.900,-3.88404770E+1,
736.200,-1.30374498E+1,
736.500,-5.21853790E+1,
736.800,-5.27829132E+1,
737.100,2.64116745E+1,
737.400,-3.98160896E+1,
737.700,-2.67982979E+1,
738.00,-4.03425064E+1,
738.300,-6.76421204E+1,
738.600,0.00000000E+0,
738.900,-4.10649872E+1,
739.200,0.00000000E+0,
739.500,5.54015579E+1,
739.800,-1.39843416E+1,
740.100,-4.22259254E+1,
740.400,-7.02819443E+1,
740.700,5.70540199E+1,
741.00,-8.58373718E+1,
741.300,-4.33148003E+1,
741.600,-2.90201817E+1,
741.900,1.46339483E+1,
742.200,-7.34381332E+1,
742.500,-2.94805202E+1,
742.800,-2.97398586E+1,
743.100,-1.49538116E+1,
743.400,7.53676147E+1,
743.700,0.00000000E+0,
744.00,-3.04963226E+1,
744.300,-3.07972794E+1,
744.600,-3.09663582E+1,
744.900,-6.22677307E+1,
745.200,-4.69104996E+1,
745.500,-6.29316635E+1,
745.800,0.00000000E+0,
746.100,-7.95243454E+1,
746.400,-3.20943108E+1,
746.700,-4.84752235E+1,
747.00,-4.87674255E+1,
747.300,1.64131317E+1,
747.600,-3.29024048E+1,
747.900,-3.31096649E+1,
748.200,5.02240334E+1,
748.500,0.00000000E+0,
748.800,0.00000000E+0,
749.100,-8.47276611E+1,
749.400,-3.41509781E+1,
749.700,-6.90148315E+1,
750.00,-1.21182899E+2,
750.300,-1.22436928E+2,
750.600,5.26776237E+1,
750.900,0.00000000E+0,
751.200,3.55114021E+1,
751.500,-1.78672504E+1,
751.800,-3.61095314E+1,
752.100,7.24575806E+1,
752.400,-1.27976891E+2,
752.700,-5.53649063E+1,
753.00,-3.71562386E+1,
753.300,0.00000000E+0,
753.600,1.12405472E+2,
753.900,0.00000000E+0,
754.200,-1.89653168E+1,
754.500,-7.68712540E+1,
754.800,9.60649719E+1,
755.100,-9.68912277E+1,
755.400,1.94569645E+1,
755.700,-5.88836479E+1,
756.00,-7.88712082E+1,
756.300,-3.98337822E+1,
756.600,-1.00281242E+2,
756.900,-2.02118282E+1,
757.200,0.00000000E+0,
757.500,0.00000000E+0,
757.800,0.00000000E+0,
758.100,-4.13166084E+1,
758.400,0.00000000E+0,
758.700,-4.17567711E+1,
759.00,-2.11905022E+1,
759.300,4.25565414E+1,
759.600,-1.07588051E+2,
759.900,0.00000000E+0,
760.200,-8.69009781E+1,
760.500,-4.35454826E+1,
760.800,-6.63364029E+1,
761.100,-4.40932999E+1,
761.400,2.22971096E+1,
761.700,2.23410091E+1,
762.00,4.51453171E+1,
762.300,0.00000000E+0,
762.600,-2.29254494E+1,
762.900,2.30897789E+1,
763.200,-1.15799782E+2,
763.500,-2.32947578E+1,
763.800,-9.37572784E+1,
764.100,-9.44449844E+1,
764.400,9.51298981E+1,
764.700,-9.52857895E+1,
765.00,-1.44784348E+2,
765.300,0.00000000E+0,
765.600,2.43252544E+1,
765.900,0.00000000E+0,
766.200,4.91846848E+1,
766.500,4.96707878E+1,
766.800,1.00187286E+2,
767.100,-7.57445679E+1,
767.400,7.60337448E+1,
767.700,-2.54642143E+1,
768.00,-7.66155319E+1,
768.300,-2.58384953E+1,
768.600,0.00000000E+0,
768.900,2.60481663E+1,
769.200,0.00000000E+0,
769.500,-1.06038902E+2,
769.800,-7.97345123E+1,
770.100,1.07011765E+2,
770.400,-8.06514740E+1,
770.700,8.16940155E+1,
771.00,-1.09345970E+2,
771.300,-5.49425507E+1,
771.600,-8.33814011E+1,
771.900,-8.35232697E+1,
772.200,2.80044613E+1,
772.500,-8.51608963E+1,
772.800,5.71265984E+1,
773.100,1.43456573E+2,
773.400,-1.15046646E+2,
773.700,0.00000000E+0,
774.00,-2.92216606E+1,
774.300,1.17689575E+2,
774.600,-1.18197411E+2,
774.900,-2.98748665E+1,
775.200,8.96776581E+1,
775.500,-6.04005699E+1,
775.800,-3.03289242E+1,
776.100,-1.53081772E+2,
776.400,0.00000000E+0,
776.700,-1.23646324E+2,
777.00,0.00000000E+0,
777.300,-1.56973572E+2,
777.600,-9.50775528E+1,
777.900,-6.39214287E+1,
778.200,-9.62403717E+1,
778.500,-9.66175232E+1,
778.800,-3.24176483E+1,
779.100,-9.79925156E+1,
779.400,-1.30846298E+2,
779.700,-6.62267609E+1,
780.00,6.65504303E+1,
780.300,-6.68453979E+1,
780.600,0.00000000E+0,
780.900,0.00000000E+0,
781.200,1.37239883E+2,
781.500,-1.03517662E+2,
781.800,-1.38429749E+2,
782.100,-1.74242401E+2,
782.400,-1.05177498E+2,
782.700,-2.12897873E+2,
783.00,-3.55223007E+1,
783.300,-1.07513420E+2,
783.600,-1.07921890E+2,
783.900,0.00000000E+0,
784.200,0.00000000E+0,
784.500,-7.35420303E+1,
784.800,3.69786301E+1,
785.100,-1.11761642E+2,
785.400,0.00000000E+0,
785.700,-1.89703827E+2,
786.00,3.79362907E+1,
786.300,-2.28095764E+2,
786.600,-3.85098343E+1,
786.900,7.69849930E+1,
787.200,7.75426331E+1,
787.500,-7.81644516E+1,
787.800,-7.88092804E+1,
788.100,3.96900024E+1,
788.400,-1.59894104E+2,
788.700,0.00000000E+0,
789.00,-2.01992523E+2,
789.300,0.00000000E+0,
789.600,-2.04378357E+2,
789.900,-2.47387558E+2,
790.200,-8.32731857E+1,
790.500,8.36941452E+1,
790.800,0.00000000E+0,
791.100,-8.47736053E+1,
791.400,-1.70219528E+2,
791.700,-4.27076149E+1,
792.00,-8.62905655E+1,
792.300,4.35690041E+1,
792.600,8.73489609E+1,
792.900,-4.39775085E+1,
793.200,-4.40075722E+1,
793.500,-2.67021576E+2,
793.800,-1.33913849E+2,
794.100,-1.35582977E+2,
794.400,-2.72743225E+2,
794.700,-4.54086609E+1,
795.00,9.14499435E+1,
795.300,-1.38160782E+2,
795.600,-1.85150040E+2,
795.900,-4.66610451E+1,
796.200,-9.37204666E+1,
796.500,-9.42479324E+1,
796.800,-1.89580231E+2,
797.100,9.55682068E+1,
797.400,-1.92281982E+2,
797.700,-2.90499084E+2,
798.00,-4.86969261E+1,
798.300,-4.89491081E+1,
798.600,-1.47868530E+2,
798.900,4.95724411E+1,
799.200,-1.99114426E+2,
799.500,5.01227875E+1,
799.800,-2.53678314E+2,
800.100,-2.54254639E+2,
800.400,-1.53858322E+2,
800.700,5.13187218E+1,
801.00,0.00000000E+0,
801.300,-1.04563988E+2,
801.600,1.05459938E+2,
801.900,2.64509491E+2,
802.200,-1.59453064E+2,
802.500,-1.06743279E+2,
802.800,-2.14481140E+2,
803.100,0.00000000E+0,
803.400,5.45239525E+1,
803.700,5.47497368E+1,
804.00,-2.20328232E+2,
804.300,1.10570885E+2,
804.600,-2.21668793E+2,
804.900,0.00000000E+0,
805.200,-3.38536011E+2,
805.500,-2.27813873E+2,
805.800,0.00000000E+0,
806.100,-2.89237885E+2,
806.400,-5.77551384E+1,
806.700,0.00000000E+0,
807.00,-1.16988274E+2,
807.300,-4.11258728E+2,
807.600,-1.77911377E+2,
807.900,2.37620346E+2,
808.200,-1.19871529E+2,
808.500,-2.42332840E+2,
808.800,1.82578827E+2,
809.100,-1.83020126E+2,
809.400,-1.84395874E+2,
809.700,-3.08258331E+2,
810.00,-1.24208450E+2,
810.300,0.00000000E+0,
810.600,-3.14867798E+2,
810.900,-2.54305344E+2,
811.200,3.19558380E+2,
811.500,-6.45318756E+1,
811.800,-2.59179596E+2,
812.100,-1.97528214E+2,
812.400,-1.31857361E+2,
812.700,-2.00078705E+2,
813.00,-1.34208755E+2,
813.300,6.74369278E+1,
813.600,-1.36604004E+2,
813.900,0.00000000E+0,
814.200,0.00000000E+0,
814.500,2.79388123E+2,
814.800,-4.22950958E+2,
815.100,1.41526382E+2,
815.400,-1.42963135E+2,
815.700,7.17633362E+1,
816.00,-5.83708374E+2,
816.300,7.35097275E+1,
816.600,2.21206207E+2,
816.900,-2.99809845E+2,
817.200,-1.51221588E+2,
817.500,-7.57369614E+1,
817.800,-7.67815933E+1,
818.100,-1.54765671E+2,
818.400,-3.90167297E+2,
818.700,-2.36611526E+2,
819.00,-4.78638550E+2,
819.300,-4.02550476E+2,
819.600,-4.90412018E+2,
819.900,-6.59587952E+2,
820.200,-8.34571915E+1,
820.500,-3.37217865E+2,
820.800,-5.10492065E+2,
821.100,-4.31393982E+2,
821.400,-4.34851715E+2,
821.700,-1.76261261E+2,
822.00,3.57182465E+2,
822.300,-3.61147064E+2,
822.600,-2.74407135E+2,
822.900,-2.77936859E+2,
823.200,-1.87468369E+2,
823.500,-2.86139740E+2,
823.800,-5.78450439E+2,
824.100,-4.90727753E+2,
824.400,-2.98784515E+2,
824.700,0.00000000E+0,
825.00,-8.21904419E+2,
825.300,6.22786011E+2,
825.600,-3.16826904E+2,
825.900,1.07194176E+2,
826.200,3.26547485E+2,
826.500,-4.43291901E+2,
826.800,3.37927429E+2,
827.100,-1.14642891E+2,
827.400,-3.49551849E+2,
827.700,-4.73732269E+2,
828.00,-2.40697891E+2,
828.300,-1.22734650E+2,
828.600,-2.51156204E+2,
828.900,-8.92001526E+2,
829.200,-5.18902527E+2,
829.500,-1.32381805E+2,
829.800,8.13496338E+2,
830.100,-5.51998596E+2,
