Labels,50,
Type,Emission Scan,
Comment,,
Start,600.00,
Stop,1200.00,
Step,1.00,
Fixed/Offset,445.00,
Xaxis,Wavelength,
Yaxis,Counts,
Scan Corr. by File,True,
Corr. by Ref. Det.,True,
Fixed/Offset Corr. by File,False,
Repeats,1,
Dwell Time,0.10,
Lamp,Xenon,
Temp,28.950,
Scan Polariser,None,
Scan Slit,3.8000171,
Fixed/Offset Polariser,None,
Fixed/Offset Slit,3.8000042,
Detector,Det2,

600.00,7.41037903E+1,
601.00,-1.04312813E+2,
602.00,1.13857071E+2,
603.00,7.12238235E+1,
604.00,3.70166595E+2,
605.00,7.98228455E+2,
606.00,2.14092789E+1,
607.00,7.41354523E+1,
608.00,3.15309792E+1,
609.00,-8.36842194E+1,
610.00,1.58975632E+2,
611.00,7.80524368E+1,
612.00,5.38041321E+2,
613.00,2.76832123E+2,
614.00,4.54026871E+1,
615.00,7.32635040E+1,
616.00,4.37106438E+1,
617.00,2.42076706E+2,
618.00,2.63529938E+2,
619.00,3.02196838E+2,
620.00,2.68366547E+2,
621.00,3.82854950E+2,
622.00,4.84128723E+2,
623.00,4.27669128E+2,
624.00,3.00590790E+2,
625.00,5.31167480E+2,
626.00,3.09240387E+2,
627.00,3.97458466E+2,
628.00,3.05788879E+2,
629.00,3.60998260E+2,
630.00,4.60692719E+2,
631.00,4.01462067E+2,
632.00,7.18157776E+2,
633.00,7.02163574E+2,
634.00,6.02977539E+2,
635.00,5.83235474E+2,
636.00,7.37360535E+2,
637.00,8.07917053E+2,
638.00,1.00850116E+3,
639.00,1.00285004E+3,
640.00,9.72475525E+2,
641.00,1.07678052E+3,
642.00,1.31862537E+3,
643.00,1.17253455E+3,
644.00,1.59490381E+3,
645.00,1.66488538E+3,
646.00,1.80212158E+3,
647.00,1.66530127E+3,
648.00,2.09064551E+3,
649.00,2.20069434E+3,
650.00,2.49099512E+3,
651.00,2.80212793E+3,
652.00,2.75921021E+3,
653.00,3.15180591E+3,
654.00,3.38769360E+3,
655.00,3.79202954E+3,
656.00,3.93811499E+3,
657.00,4.20492139E+3,
658.00,4.80146777E+3,
659.00,5.28921289E+3,
660.00,5.28689941E+3,
661.00,5.70215039E+3,
662.00,6.46447412E+3,
663.00,6.83600928E+3,
664.00,7.04638281E+3,
665.00,8.21738086E+3,
666.00,8.61938477E+3,
667.00,9.28649902E+3,
668.00,9.79372363E+3,
669.00,1.06617852E+4,
670.00,1.11490684E+4,
671.00,1.21525029E+4,
672.00,1.30210244E+4,
673.00,1.37258896E+4,
674.00,1.52201680E+4,
675.00,1.64130918E+4,
676.00,1.73324863E+4,
677.00,1.93311484E+4,
678.00,2.02404727E+4,
679.00,2.16023594E+4,
680.00,2.30602344E+4,
681.00,2.49163125E+4,
682.00,2.70951895E+4,
683.00,2.89221113E+4,
684.00,3.07944688E+4,
685.00,3.29396523E+4,
686.00,3.42631914E+4,
687.00,3.67951289E+4,
688.00,3.85598828E+4,
689.00,4.04660039E+4,
690.00,4.35571641E+4,
691.00,4.59375195E+4,
692.00,5.09780352E+4,
693.00,5.52734883E+4,
694.00,5.86638008E+4,
695.00,6.21965469E+4,
696.00,6.58156094E+4,
697.00,6.83462734E+4,
698.00,7.19579063E+4,
699.00,7.44526094E+4,
700.00,7.70452813E+4,
701.00,8.04143125E+4,
702.00,8.34434375E+4,
703.00,8.63341094E+4,
704.00,8.97999609E+4,
705.00,9.38411328E+4,
706.00,9.73070234E+4,
707.00,1.02371531E+5,
708.00,1.06364188E+5,
709.00,1.12028398E+5,
710.00,1.15378672E+5,
711.00,1.21064406E+5,
712.00,1.24549633E+5,
713.00,1.29620805E+5,
714.00,1.33947328E+5,
715.00,1.37494750E+5,
716.00,1.40980813E+5,
717.00,1.44684344E+5,
718.00,1.47985969E+5,
719.00,1.51514344E+5,
720.00,1.54658266E+5,
721.00,1.56847547E+5,
722.00,1.60653938E+5,
723.00,1.62366813E+5,
724.00,1.66931500E+5,
725.00,1.70844375E+5,
726.00,1.74278953E+5,
727.00,1.77844734E+5,
728.00,1.82195031E+5,
729.00,1.85882953E+5,
730.00,1.90902156E+5,
731.00,1.93176531E+5,
732.00,1.95672984E+5,
733.00,1.98147203E+5,
734.00,2.00717484E+5,
735.00,2.04227797E+5,
736.00,2.08776094E+5,
737.00,2.09992203E+5,
738.00,2.12273422E+5,
739.00,2.18330656E+5,
740.00,2.19853063E+5,
741.00,2.23452938E+5,
742.00,2.27292141E+5,
743.00,2.30251375E+5,
744.00,2.30743141E+5,
745.00,2.33111969E+5,
746.00,2.36492063E+5,
747.00,2.38728109E+5,
748.00,2.40212281E+5,
749.00,2.45977344E+5,
750.00,2.47404016E+5,
751.00,2.50702250E+5,
752.00,2.50527344E+5,
753.00,2.52400828E+5,
754.00,2.56754781E+5,
755.00,2.57819813E+5,
756.00,2.60015609E+5,
757.00,2.61928625E+5,
758.00,2.64044531E+5,
759.00,2.65602969E+5,
760.00,2.67656531E+5,
761.00,2.68338656E+5,
762.00,2.67507281E+5,
763.00,2.72055000E+5,
764.00,2.74887656E+5,
765.00,2.80153188E+5,
766.00,2.79387813E+5,
767.00,2.77908813E+5,
768.00,2.80929813E+5,
769.00,2.81399188E+5,
770.00,2.83119313E+5,
771.00,2.85562688E+5,
772.00,2.85671094E+5,
773.00,2.86077875E+5,
774.00,2.87764281E+5,
775.00,2.86630719E+5,
776.00,2.88501156E+5,
777.00,2.88009219E+5,
778.00,2.90794750E+5,
779.00,2.91793500E+5,
780.00,2.92065688E+5,
781.00,2.92292063E+5,
782.00,2.93000406E+5,
783.00,2.93336250E+5,
784.00,2.91620094E+5,
785.00,2.93784656E+5,
786.00,2.89685813E+5,
787.00,2.91138844E+5,
788.00,2.89533750E+5,
789.00,2.90430656E+5,
790.00,2.91092125E+5,
791.00,2.89978719E+5,
792.00,2.90207406E+5,
793.00,2.89571000E+5,
794.00,2.89172969E+5,
795.00,2.89386938E+5,
796.00,2.88300094E+5,
797.00,2.88698625E+5,
798.00,2.88801813E+5,
799.00,2.88153656E+5,
800.00,2.88541875E+5,
801.00,2.85265750E+5,
802.00,2.85085344E+5,
803.00,2.81627250E+5,
804.00,2.81920500E+5,
805.00,2.81079313E+5,
806.00,2.82539313E+5,
807.00,2.78492625E+5,
808.00,2.80041000E+5,
809.00,2.78136625E+5,
810.00,2.76259500E+5,
811.00,2.76909875E+5,
812.00,2.76722719E+5,
813.00,2.72756781E+5,
814.00,2.73145156E+5,
815.00,2.70077125E+5,
816.00,2.68498438E+5,
817.00,2.67096438E+5,
818.00,2.66280125E+5,
819.00,2.64294531E+5,
820.00,2.64480688E+5,
821.00,2.60763641E+5,
822.00,2.62306438E+5,
823.00,2.60556969E+5,
824.00,2.60255219E+5,
825.00,2.55411203E+5,
826.00,2.53785688E+5,
827.00,2.52899297E+5,
828.00,2.50244141E+5,
829.00,2.48827859E+5,
830.00,2.47224359E+5,
831.00,2.47535844E+5,
832.00,2.44202313E+5,
833.00,2.41141125E+5,
834.00,2.42185578E+5,
835.00,2.40270141E+5,
836.00,2.37340375E+5,
837.00,2.37057469E+5,
838.00,2.36259781E+5,
839.00,2.33801047E+5,
840.00,2.31156281E+5,
841.00,2.31688531E+5,
842.00,2.27471281E+5,
843.00,2.25381469E+5,
844.00,2.24147844E+5,
845.00,2.22455844E+5,
846.00,2.19663672E+5,
847.00,2.18463219E+5,
848.00,2.18095234E+5,
849.00,2.14842734E+5,
850.00,2.12654734E+5,
851.00,2.11220969E+5,
852.00,2.09620750E+5,
853.00,2.08858516E+5,
854.00,2.07157047E+5,
855.00,2.04184094E+5,
856.00,2.03243016E+5,
857.00,2.01026344E+5,
858.00,1.97577594E+5,
859.00,1.96678500E+5,
860.00,1.94669203E+5,
861.00,1.92421406E+5,
862.00,1.90668547E+5,
863.00,1.89273469E+5,
864.00,1.87984359E+5,
865.00,1.86187797E+5,
866.00,1.84358656E+5,
867.00,1.80643141E+5,
868.00,1.79708156E+5,
869.00,1.76780984E+5,
870.00,1.76180625E+5,
871.00,1.74062781E+5,
872.00,1.72942234E+5,
873.00,1.70660125E+5,
874.00,1.68061797E+5,
875.00,1.66659359E+5,
876.00,1.65222594E+5,
877.00,1.63407531E+5,
878.00,1.61856313E+5,
879.00,1.59588406E+5,
880.00,1.57266063E+5,
881.00,1.55473516E+5,
882.00,1.55488625E+5,
883.00,1.54578000E+5,
884.00,1.51409688E+5,
885.00,1.50257109E+5,
886.00,1.47747672E+5,
887.00,1.46814359E+5,
888.00,1.44947453E+5,
889.00,1.43543438E+5,
890.00,1.41080938E+5,
891.00,1.40229641E+5,
892.00,1.38405203E+5,
893.00,1.36674203E+5,
894.00,1.34321984E+5,
895.00,1.33323672E+5,
896.00,1.32536000E+5,
897.00,1.30859344E+5,
898.00,1.29326250E+5,
899.00,1.27139016E+5,
900.00,1.26253172E+5,
901.00,1.25674148E+5,
902.00,1.23586977E+5,
903.00,1.22685844E+5,
904.00,1.20399117E+5,
905.00,1.19125961E+5,
906.00,1.18561328E+5,
907.00,1.16938102E+5,
908.00,1.15306539E+5,
909.00,1.14228539E+5,
910.00,1.12989023E+5,
911.00,1.11197672E+5,
912.00,1.11043781E+5,
913.00,1.09139320E+5,
914.00,1.07772656E+5,
915.00,1.06920273E+5,
916.00,1.04916203E+5,
917.00,1.04265008E+5,
918.00,1.02738195E+5,
919.00,1.01676414E+5,
920.00,9.97315547E+4,
921.00,9.87043203E+4,
922.00,9.76483359E+4,
923.00,9.64572344E+4,
924.00,9.49100469E+4,
925.00,9.41879297E+4,
926.00,9.35108906E+4,
927.00,9.14566172E+4,
928.00,9.04287422E+4,
929.00,8.87043281E+4,
930.00,8.74193203E+4,
931.00,8.67499141E+4,
932.00,8.61566797E+4,
933.00,8.46887188E+4,
934.00,8.41336016E+4,
935.00,8.26945000E+4,
936.00,8.13962891E+4,
937.00,8.02413828E+4,
938.00,7.92343047E+4,
939.00,7.80185078E+4,
940.00,7.68091641E+4,
941.00,7.62033906E+4,
942.00,7.54108594E+4,
943.00,7.41329219E+4,
944.00,7.31630234E+4,
945.00,7.17868828E+4,
946.00,7.13038906E+4,
947.00,7.04328594E+4,
948.00,6.89320078E+4,
949.00,6.80705781E+4,
950.00,6.75054766E+4,
951.00,6.60724609E+4,
952.00,6.56841094E+4,
953.00,6.46739844E+4,
954.00,6.42794688E+4,
955.00,6.29441797E+4,
956.00,6.20440313E+4,
957.00,6.13710820E+4,
958.00,6.07108086E+4,
959.00,5.93355898E+4,
960.00,5.87910586E+4,
961.00,5.82435078E+4,
962.00,5.72933750E+4,
963.00,5.65033320E+4,
964.00,5.52238086E+4,
965.00,5.42217109E+4,
966.00,5.39168789E+4,
967.00,5.30882422E+4,
968.00,5.23934766E+4,
969.00,5.15352305E+4,
970.00,5.12908711E+4,
971.00,5.10708008E+4,
972.00,5.02333555E+4,
973.00,4.94590781E+4,
974.00,4.87950469E+4,
975.00,4.82503398E+4,
976.00,4.76185156E+4,
977.00,4.73149414E+4,
978.00,4.61317305E+4,
979.00,4.51605273E+4,
980.00,4.48030742E+4,
981.00,4.44989375E+4,
982.00,4.37543516E+4,
983.00,4.30103672E+4,
984.00,4.21363281E+4,
985.00,4.17268828E+4,
986.00,4.12688242E+4,
987.00,4.05639023E+4,
988.00,4.00029883E+4,
989.00,3.94015508E+4,
990.00,3.87369688E+4,
991.00,3.85799219E+4,
992.00,3.80421758E+4,
993.00,3.71401914E+4,
994.00,3.62540273E+4,
995.00,3.61298711E+4,
996.00,3.55227148E+4,
997.00,3.50955391E+4,
998.00,3.43997070E+4,
999.00,3.36679648E+4,
1000.00,3.35918633E+4,
1001.000,3.30147148E+4,
1002.000,3.27212949E+4,
1003.000,3.20686133E+4,
1004.000,3.15104492E+4,
1005.000,3.10166895E+4,
1006.000,3.04159063E+4,
1007.000,3.00039766E+4,
1008.000,2.96925586E+4,
1009.000,2.90429414E+4,
1010.00,2.87428242E+4,
1011.000,2.85351563E+4,
1012.000,2.79626074E+4,
1013.000,2.76456484E+4,
1014.000,2.73381738E+4,
1015.000,2.67906758E+4,
1016.000,2.63013301E+4,
1017.000,2.61590918E+4,
1018.000,2.55986270E+4,
1019.000,2.52585117E+4,
1020.00,2.48888613E+4,
1021.000,2.42728789E+4,
1022.000,2.39753984E+4,
1023.000,2.35756250E+4,
1024.000,2.34235391E+4,
1025.000,2.30630527E+4,
1026.000,2.25246680E+4,
1027.000,2.24554414E+4,
1028.000,2.20820996E+4,
1029.000,2.16480938E+4,
1030.00,2.13268359E+4,
1031.000,2.09316074E+4,
1032.000,2.07653027E+4,
1033.000,2.04512012E+4,
1034.000,2.01347246E+4,
1035.000,1.96878652E+4,
1036.000,1.95205820E+4,
1037.000,1.91086016E+4,
1038.000,1.87501250E+4,
1039.000,1.85361113E+4,
1040.00,1.83152285E+4,
1041.000,1.80336426E+4,
1042.000,1.78708066E+4,
1043.000,1.75401465E+4,
1044.000,1.71266816E+4,
1045.000,1.69139824E+4,
1046.000,1.66730762E+4,
1047.000,1.63196221E+4,
1048.000,1.63209658E+4,
1049.000,1.60638164E+4,
1050.00,1.56884258E+4,
1051.000,1.56750410E+4,
1052.000,1.51672334E+4,
1053.000,1.50739609E+4,
1054.000,1.48138984E+4,
1055.000,1.45574287E+4,
1056.000,1.43342705E+4,
1057.000,1.40967041E+4,
1058.000,1.38464033E+4,
1059.000,1.36982002E+4,
1060.00,1.35118574E+4,
1061.000,1.33353672E+4,
1062.000,1.31174727E+4,
1063.000,1.29263291E+4,
1064.000,1.26457754E+4,
1065.000,1.24065254E+4,
1066.000,1.22361699E+4,
1067.000,1.20136230E+4,
1068.000,1.19344238E+4,
1069.000,1.17479424E+4,
1070.00,1.16278662E+4,
1071.000,1.13456982E+4,
1072.000,1.12252900E+4,
1073.000,1.10871602E+4,
1074.000,1.08667559E+4,
1075.000,1.06778682E+4,
1076.000,1.06407939E+4,
1077.000,1.04373223E+4,
1078.000,1.01563613E+4,
1079.000,1.02167217E+4,
1080.00,1.00454521E+4,
1081.000,9.84125977E+3,
1082.000,9.69794043E+3,
1083.000,9.41934473E+3,
1084.000,9.21529004E+3,
1085.000,9.29066992E+3,
1086.000,9.09435352E+3,
1087.000,8.94080469E+3,
1088.000,8.73337891E+3,
1089.000,8.62296094E+3,
1090.00,8.52661328E+3,
1091.000,8.47884863E+3,
1092.000,8.34551855E+3,
1093.000,8.21602930E+3,
1094.000,7.95406641E+3,
1095.000,7.96061084E+3,
1096.000,7.80151807E+3,
1097.000,7.69921826E+3,
1098.000,7.61658447E+3,
1099.000,7.52325977E+3,
1100.00,7.36653076E+3,
1101.000,7.21785498E+3,
1102.000,7.05488623E+3,
1103.000,7.07934668E+3,
1104.000,6.94330664E+3,
1105.000,6.86131885E+3,
1106.000,6.64172168E+3,
1107.000,6.48281152E+3,
1108.000,6.44423633E+3,
1109.000,6.43034326E+3,
1110.00,6.28126465E+3,
1111.000,6.23905859E+3,
1112.000,6.08570898E+3,
1113.000,6.01730420E+3,
1114.000,5.94214941E+3,
1115.000,5.95286328E+3,
1116.000,5.79142920E+3,
1117.000,5.79592725E+3,
1118.000,5.66239258E+3,
1119.000,5.51178271E+3,
1120.00,5.45959521E+3,
1121.000,5.32589258E+3,
1122.000,5.30768652E+3,
1123.000,5.23035986E+3,
1124.000,5.10509570E+3,
1125.000,5.11431104E+3,
1126.000,5.01504834E+3,
1127.000,4.83123828E+3,
1128.000,4.86592139E+3,
1129.000,4.82438867E+3,
1130.00,4.76781006E+3,
1131.000,4.61166699E+3,
1132.000,4.64651904E+3,
1133.000,4.47747363E+3,
1134.000,4.51143018E+3,
1135.000,4.43016895E+3,
1136.000,4.40472900E+3,
1137.000,4.18495654E+3,
1138.000,4.14562939E+3,
1139.000,4.08253760E+3,
1140.00,4.07218701E+3,
1141.000,4.10641602E+3,
1142.000,3.92412134E+3,
1143.000,3.80416895E+3,
1144.000,3.78771289E+3,
1145.000,3.77231567E+3,
1146.000,3.69505981E+3,
1147.000,3.67586450E+3,
1148.000,3.67023633E+3,
1149.000,3.53349023E+3,
1150.00,3.53230005E+3,
1151.000,3.40730469E+3,
1152.000,3.49609131E+3,
1153.000,3.35817163E+3,
1154.000,3.32616626E+3,
1155.000,3.27914868E+3,
1156.000,3.19987939E+3,
1157.000,3.12733618E+3,
1158.000,3.12946387E+3,
1159.000,3.11969287E+3,
1160.00,2.99674683E+3,
1161.000,2.97547681E+3,
1162.000,2.94543604E+3,
1163.000,2.88075049E+3,
1164.000,2.90443896E+3,
1165.000,2.81273804E+3,
1166.000,2.80394238E+3,
1167.000,2.73525220E+3,
1168.000,2.56736792E+3,
1169.000,2.63232861E+3,
1170.00,2.57893652E+3,
1171.000,2.58716113E+3,
1172.000,2.47190405E+3,
1173.000,2.44351831E+3,
1174.000,2.42721509E+3,
1175.000,2.47178198E+3,
1176.000,2.39705908E+3,
1177.000,2.30370898E+3,
1178.000,2.32282788E+3,
1179.000,2.26048218E+3,
1180.00,2.29190161E+3,
1181.000,2.23484326E+3,
1182.000,2.22523926E+3,
1183.000,2.18727100E+3,
1184.000,2.16729077E+3,
1185.000,2.10513550E+3,
1186.000,2.06437524E+3,
1187.000,2.05934888E+3,
1188.000,2.05627661E+3,
1189.000,1.97452795E+3,
1190.00,1.88629236E+3,
1191.000,1.86267456E+3,
1192.000,1.90226355E+3,
1193.000,1.87794763E+3,
1194.000,1.88932605E+3,
1195.000,1.86490808E+3,
1196.000,1.78287964E+3,
1197.000,1.83156042E+3,
1198.000,1.76215344E+3,
1199.000,1.74571704E+3,
1200.00,1.76348083E+3,
