Labels,810-EX,
Type,Excitation Scan,
Comment,,
Start,250.00,
Stop,700.00,
Step,1.00,
Fixed/Offset,810.00,
Xaxis,Wavelength,
Yaxis,Counts,
Scan Corr. by File,False,
Corr. by Ref. Det.,True,
Fixed/Offset Corr. by File,True,
Repeats,1,
Dwell Time,0.10,
Lamp,Xenon,
Temp,0.00,
Scan Polariser,None,
Scan Slit,4.0000019,
Fixed/Offset Polariser,None,
Fixed/Offset Slit,4.9999852,
Detector,Det2,

250.00,1.25025107E+4,
251.00,2.43576152E+4,
252.00,3.75890078E+4,
253.00,3.51326133E+4,
254.00,2.31230098E+4,
255.00,3.11028203E+4,
256.00,4.44051094E+4,
257.00,3.09454141E+4,
258.00,3.47641758E+4,
259.00,3.61332109E+4,
260.00,3.90358750E+4,
261.00,3.97016797E+4,
262.00,4.07686992E+4,
263.00,3.63128828E+4,
264.00,3.57053281E+4,
265.00,4.02896602E+4,
266.00,3.74090039E+4,
267.00,3.21906133E+4,
268.00,4.02764961E+4,
269.00,3.62562578E+4,
270.00,4.01075820E+4,
271.00,3.84134141E+4,
272.00,3.93484375E+4,
273.00,3.72511211E+4,
274.00,3.83028555E+4,
275.00,4.09601133E+4,
276.00,4.30652500E+4,
277.00,4.31212305E+4,
278.00,4.27724883E+4,
279.00,4.23859141E+4,
280.00,4.29754883E+4,
281.00,4.24103750E+4,
282.00,4.53815039E+4,
283.00,4.74122891E+4,
284.00,4.65110625E+4,
285.00,4.50662617E+4,
286.00,4.76179727E+4,
287.00,4.95396328E+4,
288.00,4.90102734E+4,
289.00,4.79919297E+4,
290.00,4.78052617E+4,
291.00,4.81397188E+4,
292.00,4.91895000E+4,
293.00,4.64854805E+4,
294.00,4.70867109E+4,
295.00,4.61356719E+4,
296.00,4.31247773E+4,
297.00,4.30724766E+4,
298.00,4.30775273E+4,
299.00,4.18240977E+4,
300.00,4.03629492E+4,
301.00,3.77634297E+4,
302.00,3.72628398E+4,
303.00,3.46155664E+4,
304.00,3.29146836E+4,
305.00,3.13986445E+4,
306.00,2.82610977E+4,
307.00,2.68522559E+4,
308.00,2.53863398E+4,
309.00,2.36295430E+4,
310.00,2.13590801E+4,
311.00,1.95441387E+4,
312.00,1.88805566E+4,
313.00,1.69312422E+4,
314.00,1.51734990E+4,
315.00,1.45946875E+4,
316.00,1.33382021E+4,
317.00,1.21954492E+4,
318.00,1.09906621E+4,
319.00,1.00722354E+4,
320.00,9.18572754E+3,
321.00,8.38319043E+3,
322.00,7.99669287E+3,
323.00,7.13106396E+3,
324.00,6.66936426E+3,
325.00,6.21277100E+3,
326.00,5.75736719E+3,
327.00,5.33164160E+3,
328.00,5.03623975E+3,
329.00,5.18462939E+3,
330.00,4.42935791E+3,
331.00,3.67962183E+3,
332.00,3.77346509E+3,
333.00,3.44469800E+3,
334.00,3.39900366E+3,
335.00,3.27572827E+3,
336.00,2.80678833E+3,
337.00,2.88165381E+3,
338.00,2.50597900E+3,
339.00,2.47776807E+3,
340.00,2.25398218E+3,
341.00,2.25468286E+3,
342.00,1.86638904E+3,
343.00,2.17438794E+3,
344.00,1.97401733E+3,
345.00,1.96118140E+3,
346.00,1.83009766E+3,
347.00,1.87285669E+3,
348.00,1.80387878E+3,
349.00,1.83861853E+3,
350.00,1.94595532E+3,
351.00,1.93571497E+3,
352.00,1.66992334E+3,
353.00,1.66261548E+3,
354.00,1.89712634E+3,
355.00,1.97927478E+3,
356.00,2.00692883E+3,
357.00,2.14778052E+3,
358.00,2.23619214E+3,
359.00,2.22827710E+3,
360.00,2.45692212E+3,
361.00,2.59979248E+3,
362.00,2.90003540E+3,
363.00,3.29407690E+3,
364.00,3.39899170E+3,
365.00,3.69654688E+3,
366.00,3.84768213E+3,
367.00,4.27854688E+3,
368.00,4.89887842E+3,
369.00,5.29438867E+3,
370.00,5.90358350E+3,
371.00,6.69639648E+3,
372.00,7.15969189E+3,
373.00,8.14440234E+3,
374.00,9.14058691E+3,
375.00,1.03845049E+4,
376.00,1.15410967E+4,
377.00,1.28515928E+4,
378.00,1.42892363E+4,
379.00,1.57992412E+4,
380.00,1.74946309E+4,
381.00,1.94777070E+4,
382.00,2.17501719E+4,
383.00,2.34755801E+4,
384.00,2.61626309E+4,
385.00,2.86717852E+4,
386.00,3.14725996E+4,
387.00,3.55295859E+4,
388.00,3.76483047E+4,
389.00,4.13395430E+4,
390.00,4.47566055E+4,
391.00,4.86691914E+4,
392.00,5.22946836E+4,
393.00,5.61347188E+4,
394.00,6.06432031E+4,
395.00,6.49821445E+4,
396.00,6.85798281E+4,
397.00,7.28236328E+4,
398.00,7.69109063E+4,
399.00,8.07833281E+4,
400.00,8.67190000E+4,
401.00,9.07516953E+4,
402.00,9.42825391E+4,
403.00,1.00161539E+5,
404.00,1.05073813E+5,
405.00,1.08442352E+5,
406.00,1.13422703E+5,
407.00,1.18487984E+5,
408.00,1.23134461E+5,
409.00,1.26722188E+5,
410.00,1.29835789E+5,
411.00,1.35152984E+5,
412.00,1.37978750E+5,
413.00,1.43591906E+5,
414.00,1.46410078E+5,
415.00,1.48971391E+5,
416.00,1.53939844E+5,
417.00,1.55724516E+5,
418.00,1.60757672E+5,
419.00,1.64371781E+5,
420.00,1.66293922E+5,
421.00,1.71582375E+5,
422.00,1.73542359E+5,
423.00,1.76954078E+5,
424.00,1.78473156E+5,
425.00,1.81973234E+5,
426.00,1.84997813E+5,
427.00,1.86454469E+5,
428.00,1.88489203E+5,
429.00,1.91598188E+5,
430.00,1.93191375E+5,
431.00,1.96451594E+5,
432.00,1.97058891E+5,
433.00,1.98486578E+5,
434.00,2.01419672E+5,
435.00,2.01972250E+5,
436.00,2.02959734E+5,
437.00,2.05850391E+5,
438.00,2.05258063E+5,
439.00,2.06203172E+5,
440.00,2.08535234E+5,
441.00,2.08951000E+5,
442.00,2.08447641E+5,
443.00,2.09226438E+5,
444.00,2.09335281E+5,
445.00,2.08818453E+5,
446.00,2.12607797E+5,
447.00,2.11830250E+5,
448.00,2.11921047E+5,
449.00,2.11230344E+5,
450.00,2.08951563E+5,
451.00,2.11964563E+5,
452.00,2.08906203E+5,
453.00,2.10345266E+5,
454.00,2.09451672E+5,
455.00,2.08508547E+5,
456.00,2.08743688E+5,
457.00,2.08220063E+5,
458.00,2.07998891E+5,
459.00,2.04179109E+5,
460.00,2.05283359E+5,
461.00,2.04887953E+5,
462.00,2.04313656E+5,
463.00,2.03172781E+5,
464.00,2.01736609E+5,
465.00,1.99489813E+5,
466.00,2.02328359E+5,
467.00,2.00848281E+5,
468.00,2.00009188E+5,
469.00,1.98603578E+5,
470.00,1.97692891E+5,
471.00,1.95193844E+5,
472.00,1.93562672E+5,
473.00,1.90777328E+5,
474.00,1.89980781E+5,
475.00,1.89763969E+5,
476.00,1.86912516E+5,
477.00,1.85557391E+5,
478.00,1.84046984E+5,
479.00,1.82801969E+5,
480.00,1.81491516E+5,
481.00,1.79071906E+5,
482.00,1.77922250E+5,
483.00,1.76257313E+5,
484.00,1.73727938E+5,
485.00,1.70335969E+5,
486.00,1.68657219E+5,
487.00,1.67040000E+5,
488.00,1.64433688E+5,
489.00,1.62951375E+5,
490.00,1.61666359E+5,
491.00,1.60197953E+5,
492.00,1.57490641E+5,
493.00,1.54869219E+5,
494.00,1.53484813E+5,
495.00,1.50407047E+5,
496.00,1.47685766E+5,
497.00,1.44165422E+5,
498.00,1.41987719E+5,
499.00,1.39790078E+5,
500.00,1.35510969E+5,
501.00,1.33817031E+5,
502.00,1.30613047E+5,
503.00,1.27992289E+5,
504.00,1.23562016E+5,
505.00,1.19770148E+5,
506.00,1.18255164E+5,
507.00,1.16503406E+5,
508.00,1.12279594E+5,
509.00,1.09868742E+5,
510.00,1.06573516E+5,
511.00,1.03080875E+5,
512.00,1.01037305E+5,
513.00,9.70610781E+4,
514.00,9.47683750E+4,
515.00,9.14337656E+4,
516.00,8.88740078E+4,
517.00,8.62507031E+4,
518.00,8.31520156E+4,
519.00,8.15775313E+4,
520.00,7.88990625E+4,
521.00,7.74947813E+4,
522.00,7.46638594E+4,
523.00,7.13772656E+4,
524.00,7.01708984E+4,
525.00,6.81398828E+4,
526.00,6.68130313E+4,
527.00,6.55838594E+4,
528.00,6.26282031E+4,
529.00,6.18157617E+4,
530.00,5.96167266E+4,
531.00,5.86782461E+4,
532.00,5.81232266E+4,
533.00,5.53904883E+4,
534.00,5.47613867E+4,
535.00,5.47564258E+4,
536.00,5.34085195E+4,
537.00,5.34246641E+4,
538.00,5.33799336E+4,
539.00,5.23680938E+4,
540.00,5.09845234E+4,
541.00,5.26968203E+4,
542.00,5.16030273E+4,
543.00,5.16185078E+4,
544.00,5.17751172E+4,
545.00,5.19021523E+4,
546.00,5.32421211E+4,
547.00,5.34018047E+4,
548.00,5.34805625E+4,
549.00,5.46930781E+4,
550.00,5.56094102E+4,
551.00,5.64178125E+4,
552.00,5.90092109E+4,
553.00,5.82393867E+4,
554.00,5.96259531E+4,
555.00,6.17989258E+4,
556.00,6.23267188E+4,
557.00,6.30143125E+4,
558.00,6.51187227E+4,
559.00,6.61420547E+4,
560.00,6.69832266E+4,
561.00,6.89880391E+4,
562.00,7.06436016E+4,
563.00,7.28670547E+4,
564.00,7.43333672E+4,
565.00,7.63413047E+4,
566.00,7.66242188E+4,
567.00,8.06621250E+4,
568.00,8.15127031E+4,
569.00,8.33866719E+4,
570.00,8.53427422E+4,
571.00,8.75406953E+4,
572.00,8.99502266E+4,
573.00,9.08231953E+4,
574.00,9.28849453E+4,
575.00,9.42154844E+4,
576.00,9.56490859E+4,
577.00,9.69343984E+4,
578.00,9.90933438E+4,
579.00,1.02074594E+5,
580.00,1.03465211E+5,
581.00,1.05758984E+5,
582.00,1.05213797E+5,
583.00,1.07753531E+5,
584.00,1.10469844E+5,
585.00,1.11318563E+5,
586.00,1.13099125E+5,
587.00,1.15643484E+5,
588.00,1.15594406E+5,
589.00,1.16189625E+5,
590.00,1.18987000E+5,
591.00,1.20724992E+5,
592.00,1.22406930E+5,
593.00,1.22674305E+5,
594.00,1.23650438E+5,
595.00,1.26033227E+5,
596.00,1.26421539E+5,
597.00,1.27305289E+5,
598.00,1.29323125E+5,
599.00,1.32333563E+5,
600.00,1.32359266E+5,
601.00,1.33582344E+5,
602.00,1.34550688E+5,
603.00,1.34786313E+5,
604.00,1.36230688E+5,
605.00,1.36164375E+5,
606.00,1.39142516E+5,
607.00,1.39532547E+5,
608.00,1.40371484E+5,
609.00,1.40111922E+5,
610.00,1.41103891E+5,
611.00,1.43217516E+5,
612.00,1.41762969E+5,
613.00,1.43456875E+5,
614.00,1.42221422E+5,
615.00,1.43731609E+5,
616.00,1.42499656E+5,
617.00,1.42287047E+5,
618.00,1.46782078E+5,
619.00,1.44635219E+5,
620.00,1.44404344E+5,
621.00,1.44841219E+5,
622.00,1.45418141E+5,
623.00,1.45022000E+5,
624.00,1.47541531E+5,
625.00,1.44955813E+5,
626.00,1.46804594E+5,
627.00,1.46189328E+5,
628.00,1.45930703E+5,
629.00,1.46468109E+5,
630.00,1.44096906E+5,
631.00,1.45527203E+5,
632.00,1.44930250E+5,
633.00,1.43036469E+5,
634.00,1.41715828E+5,
635.00,1.43334359E+5,
636.00,1.43901000E+5,
637.00,1.43194422E+5,
638.00,1.42299500E+5,
639.00,1.42331906E+5,
640.00,1.41453516E+5,
641.00,1.42131594E+5,
642.00,1.38563625E+5,
643.00,1.40664250E+5,
644.00,1.38913484E+5,
645.00,1.34979078E+5,
646.00,1.36205500E+5,
647.00,1.33473141E+5,
648.00,1.34724922E+5,
649.00,1.33634109E+5,
650.00,1.32761313E+5,
651.00,1.30637609E+5,
652.00,1.31083391E+5,
653.00,1.29374352E+5,
654.00,1.27648391E+5,
655.00,1.26682500E+5,
656.00,1.26842539E+5,
657.00,1.25898641E+5,
658.00,1.22460508E+5,
659.00,1.22614133E+5,
660.00,1.22087633E+5,
661.00,1.19160414E+5,
662.00,1.19494500E+5,
663.00,1.17459719E+5,
664.00,1.17030617E+5,
665.00,1.13699891E+5,
666.00,1.12441078E+5,
667.00,1.09967977E+5,
668.00,1.08253961E+5,
669.00,1.11582531E+5,
670.00,1.06329180E+5,
671.00,1.06422836E+5,
672.00,1.05964828E+5,
673.00,1.03917477E+5,
674.00,1.03337836E+5,
675.00,1.02818789E+5,
676.00,1.00407922E+5,
677.00,9.90381094E+4,
678.00,9.76280703E+4,
679.00,9.73571406E+4,
680.00,9.81760156E+4,
681.00,9.55113047E+4,
682.00,9.40910313E+4,
683.00,9.49815313E+4,
684.00,9.11130703E+4,
685.00,9.09727500E+4,
686.00,8.76815000E+4,
687.00,8.61582891E+4,
688.00,8.50310469E+4,
689.00,8.33436172E+4,
690.00,8.22508047E+4,
691.00,8.04093281E+4,
692.00,8.13927813E+4,
693.00,8.10852266E+4,
694.00,7.87023750E+4,
695.00,7.92632969E+4,
696.00,7.69911406E+4,
697.00,7.25012422E+4,
698.00,7.26984297E+4,
699.00,7.30099844E+4,
700.00,6.91958359E+4,
