0.01CR-0.01NI-22.02%
  QY = 22.02%
Labels,EmScan33,kongbai(Multi Scans),
Type,Emission Scan,Emission Scan,
Comment,,,
Start,425.00,425.00,
Stop,850.00,850.00,
Step,1.00,1.00,
Fixed/Offset,445.00,445.00,
Xaxis,Wavelength,Wavelength,
Yaxis,Counts,Counts,
Scan Corr. by File,True,True,
Corr. by Ref. Det.,True,True,
Fixed/Offset Corr. by File,False,False,
Repeats,1,1,
Dwell Time,0.10,0.10,
Lamp,Xenon,Xenon,
Temp,30.150,28.80,
Scan Polariser,None,None,
Scan Slit,0.19999765,0.19999765,
Fixed/Offset Polariser,None,None,
Fixed/Offset Slit,2.4000206,2.4000206,
Detector,Det 1,Det 1,

425.00,8.24484706E-1,-8.31457138E-1,
426.00,0.00000000E+0,-8.30165863E-1,
427.00,8.21651518E-1,8.26750040E-1,
428.00,0.00000000E+0,2.47580433E+0,
429.00,0.00000000E+0,0.00000000E+0,
430.00,-8.23728681E-1,-8.27618062E-1,
431.00,8.23426306E-1,1.65370905E+0,
432.00,0.00000000E+0,8.29793990E-1,
433.00,3.28486013E+0,3.32079458E+0,
434.00,8.27127278E-1,0.00000000E+0,
435.00,1.65883958E+0,-8.25352073E-1,
436.00,0.00000000E+0,4.97196388E+0,
437.00,8.27283323E-1,2.48296595E+0,
438.00,8.30668449E+0,1.25468054E+1,
439.00,3.01520252E+1,3.52820091E+1,
440.00,5.64229889E+1,8.40732269E+1,
441.00,1.17756271E+2,1.82647171E+2,
442.00,2.23298935E+2,3.55461853E+2,
443.00,7.20099731E+2,1.19094666E+3,
444.00,2.45894824E+4,3.79391914E+4,
445.00,5.74695820E+4,8.93943750E+4,
446.00,6.34146289E+4,9.57432813E+4,
447.00,3.06092988E+4,4.57212969E+4,
448.00,2.59324756E+3,3.68334790E+3,
449.00,2.29620453E+2,3.70568909E+2,
450.00,1.47572052E+2,2.45358688E+2,
451.00,9.03906784E+1,1.39446243E+2,
452.00,6.46393204E+1,1.11923355E+2,
453.00,3.75722542E+1,6.39994392E+1,
454.00,1.08369179E+1,2.17570839E+1,
455.00,2.94001961E+0,1.37466850E+1,
456.00,3.87148190E+0,1.75373306E+1,
457.00,3.84425926E+0,3.86643577E+0,
458.00,4.75288677E+0,1.24190493E+1,
459.00,4.70315599E+0,1.04492083E+1,
460.00,1.39346466E+1,1.49015913E+1,
461.00,7.31224728E+0,1.38036728E+1,
462.00,9.99398136E+0,1.72846069E+1,
463.00,6.26973438E+0,1.17218275E+1,
464.00,8.00085354E+0,1.69580097E+1,
465.00,3.55618930E+0,1.68682537E+1,
466.00,1.23559685E+1,1.32616491E+1,
467.00,1.13171272E+1,1.58464098E+1,
468.00,7.88171577E+0,1.49577456E+1,
469.00,6.96345997E+0,1.13648014E+1,
470.00,9.58812714E+0,2.08966045E+1,
471.00,8.61204529E+0,1.74467831E+1,
472.00,9.54366970E+0,2.00452442E+1,
473.00,8.66548729E+0,2.17285519E+1,
474.00,1.04372597E+1,1.48587132E+1,
475.00,1.38857622E+1,2.18823071E+1,
476.00,1.82869568E+1,1.31784067E+1,
477.00,7.85669327E+0,1.94840698E+1,
478.00,1.49675808E+1,1.49998331E+1,
479.00,1.76918488E+1,2.29587460E+1,
480.00,1.15062218E+1,1.77579460E+1,
481.00,9.84078979E+0,1.34222841E+1,
482.00,1.79825649E+1,2.15792866E+1,
483.00,1.61097775E+1,2.08002586E+1,
484.00,1.90164185E+1,2.91526146E+1,
485.00,1.37067976E+1,2.10313129E+1,
486.00,1.19298773E+1,2.66774673E+1,
487.00,1.56636944E+1,2.03998623E+1,
488.00,1.29688702E+1,1.97357616E+1,
489.00,1.50676746E+1,3.29708710E+1,
490.00,1.51401243E+1,1.89963436E+1,
491.00,1.14489079E+1,3.16423969E+1,
492.00,1.72757225E+1,2.99650688E+1,
493.00,1.63967285E+1,2.43088665E+1,
494.00,1.75293388E+1,2.15372868E+1,
495.00,1.47481642E+1,2.47082405E+1,
496.00,1.67597752E+1,3.37775459E+1,
497.00,1.79455414E+1,2.41118412E+1,
498.00,1.90334644E+1,2.32528057E+1,
499.00,1.21132030E+1,2.52902966E+1,
500.00,1.95225239E+1,2.66895542E+1,
501.00,1.74865456E+1,2.68488655E+1,
502.00,1.34938488E+1,2.58494568E+1,
503.00,2.50177670E+1,2.81455364E+1,
504.00,1.79188290E+1,1.79660206E+1,
505.00,3.07250214E+1,2.12187176E+1,
506.00,1.38951426E+1,2.56337566E+1,
507.00,1.50052643E+1,2.90592232E+1,
508.00,1.74005165E+1,2.28632698E+1,
509.00,1.85795155E+1,1.53819418E+1,
510.00,8.78207684E+0,2.10492916E+1,
511.00,1.65714321E+1,2.00620346E+1,
512.00,1.22789059E+1,2.69474010E+1,
513.00,7.89381361E+0,3.29764900E+1,
514.00,1.59246893E+1,3.06947899E+1,
515.00,1.94532986E+1,2.29966640E+1,
516.00,1.72243805E+1,2.21642666E+1,
517.00,2.44097481E+1,1.75923748E+1,
518.00,1.88510494E+1,1.17697897E+1,
519.00,1.65785637E+1,2.85646992E+1,
520.00,1.19511995E+1,2.86624107E+1,
521.00,1.69029179E+1,2.05907784E+1,
522.00,1.82572842E+1,2.56785145E+1,
523.00,2.32338200E+1,1.60582523E+1,
524.00,1.23295612E+1,1.73578796E+1,
525.00,1.23815279E+1,1.87188873E+1,
526.00,1.37929592E+1,1.88559189E+1,
527.00,1.26879034E+1,2.90966034E+1,
528.00,2.04661217E+1,2.29447594E+1,
529.00,1.67914219E+1,1.93973789E+1,
530.00,1.94743404E+1,1.43166180E+1,
531.00,1.56896420E+1,1.71121216E+1,
532.00,1.71654911E+1,1.72239685E+1,
533.00,1.86713295E+1,1.73417416E+1,
534.00,1.87426891E+1,2.28606129E+1,
535.00,9.46503925E+0,2.03722973E+1,
536.00,1.76752205E+1,3.01637077E+1,
537.00,6.86689854E+0,2.35225773E+1,
538.00,1.11251554E+1,2.64592628E+1,
539.00,1.40450974E+1,2.37804642E+1,
540.00,1.56068192E+1,1.56338043E+1,
541.00,1.13967848E+1,1.28760509E+1,
542.00,7.16916609E+0,1.72913685E+1,
543.00,1.16391191E+1,2.48729725E+1,
544.00,1.60651321E+1,1.76069336E+1,
545.00,1.47465706E+1,2.07388401E+1,
546.00,1.48652811E+1,2.39708290E+1,
547.00,1.19781189E+1,1.50998592E+1,
548.00,7.59382772E+0,2.28339672E+1,
549.00,7.66199255E+0,1.99326839E+1,
550.00,1.39245472E+1,1.39858809E+1,
551.00,7.74500465E+0,1.58084812E+1,
552.00,1.25735722E+1,1.57828856E+1,
553.00,4.75594234E+0,2.23819160E+1,
554.00,9.61148071E+0,1.61021671E+1,
555.00,1.13468428E+1,9.75030231E+0,
556.00,1.46446886E+1,1.63324432E+1,
557.00,9.89323044E+0,9.90377426E+0,
558.00,1.48959980E+1,2.33989677E+1,
559.00,3.36919093E+0,1.01353550E+1,
560.00,6.78838301E+0,2.22023811E+1,
561.00,1.02485733E+1,8.59659195E+0,
562.00,1.37516155E+1,1.21919174E+1,
563.00,1.39328222E+1,1.05528526E+1,
564.00,2.11207886E+1,1.77447593E+0,
565.00,2.13237381E+1,7.14992619E+0,
566.00,1.25613422E+1,9.03418636E+0,
567.00,1.09404478E+1,9.11704063E+0,
568.00,1.10358038E+1,1.28266230E+1,
569.00,1.66656990E+1,7.47166061E+0,
570.00,1.31004171E+1,1.50416622E+1,
571.00,1.32445917E+1,2.10190907E+1,
572.00,3.82636237E+0,7.67945671E+0,
573.00,7.74098778E+0,3.86984992E+0,
574.00,7.80545235E+0,1.17863846E+1,
575.00,1.17854977E+1,1.78373222E+1,
576.00,7.94549894E+0,1.19949188E+1,
577.00,1.41113138E+1,8.13036728E+0,
578.00,4.07287216E+0,1.42912760E+1,
579.00,2.05616975E+0,8.25390434E+0,
580.00,8.27439117E+0,6.26589870E+0,
581.00,4.19700813E+0,1.27052517E+1,
582.00,8.49990940E+0,8.52427197E+0,
583.00,6.44694138E+0,1.07819767E+1,
584.00,1.29884291E+1,1.09270363E+1,
585.00,6.53942966E+0,1.10059366E+1,
586.00,1.10009317E+1,2.22697759E+0,
587.00,8.92126656E+0,1.79947605E+1,
588.00,1.12737541E+1,1.35043488E+1,
589.00,6.80740595E+0,9.10214329E+0,
590.00,2.29131222E+0,1.38582315E+1,
591.00,9.28347111E+0,9.36912441E+0,
592.00,4.71100616E+0,0.00000000E+0,
593.00,2.38110423E+0,2.39458394E+0,
594.00,1.19621811E+1,1.69310017E+1,
595.00,1.69291668E+1,2.67279453E+1,
596.00,9.84022808E+0,9.80982208E+0,
597.00,7.42629004E+0,-4.96667910E+0,
598.00,1.00000172E+1,1.25124788E+1,
599.00,2.52859855E+0,7.63617706E+0,
600.00,2.56132483E+0,5.16596985E+0,
601.00,1.03560686E+1,5.19834900E+0,
602.00,5.22416449E+0,7.86745739E+0,
603.00,1.05626554E+1,5.29805088E+0,
604.00,5.36779594E+0,5.36842680E+0,
605.00,8.17290306E+0,1.63024254E+1,
606.00,2.73223734E+0,2.75867653E+0,
607.00,2.77525449E+0,5.56790543E+0,
608.00,1.40788097E+1,2.54877777E+1,
609.00,0.00000000E+0,-2.84920025E+0,
610.00,8.62477589E+0,-2.88573313E+0,
611.00,1.16401329E+1,8.79519463E+0,
612.00,1.18066635E+1,0.00000000E+0,
613.00,2.98370910E+0,2.99219656E+0,
614.00,9.06288338E+0,0.00000000E+0,
615.00,9.22829628E+0,6.14768314E+0,
616.00,6.20302010E+0,-3.11339569E+0,
617.00,3.15740538E+0,0.00000000E+0,
618.00,6.40691519E+0,1.59802217E+1,
619.00,3.23881435E+0,3.24826264E+0,
620.00,0.00000000E+0,9.84860611E+0,
621.00,3.33997250E+0,9.99554348E+0,
622.00,3.37062120E+0,1.01829138E+1,
623.00,3.41471887E+0,1.37185555E+1,
624.00,0.00000000E+0,6.99665976E+0,
625.00,0.00000000E+0,-7.10995293E+0,
626.00,-3.58509302E+0,3.58846307E+0,
627.00,3.64022756E+0,-3.64486647E+0,
628.00,3.66901016E+0,-3.70253372E+0,
629.00,0.00000000E+0,7.49518633E+0,
630.00,3.79286885E+0,-3.79987812E+0,
631.00,0.00000000E+0,3.85587788E+0,
632.00,3.92723131E+0,3.91783047E+0,
633.00,1.19150000E+1,1.99466286E+1,
634.00,4.02498627E+0,8.13392258E+0,
635.00,0.00000000E+0,-4.11434650E+0,
636.00,4.17331266E+0,0.00000000E+0,
637.00,-4.23437881E+0,8.54009914E+0,
638.00,0.00000000E+0,-8.70458412E+0,
639.00,-4.36790991E+0,0.00000000E+0,
640.00,0.00000000E+0,4.47044230E+0,
641.00,-4.52176666E+0,9.11584663E+0,
642.00,-4.59465408E+0,0.00000000E+0,
643.00,-4.65630531E+0,0.00000000E+0,
644.00,0.00000000E+0,0.00000000E+0,
645.00,0.00000000E+0,4.82845545E+0,
646.00,9.82310963E+0,9.85867405E+0,
647.00,1.00079565E+1,-1.00919971E+1,
648.00,0.00000000E+0,-5.15898466E+0,
649.00,-5.19255638E+0,-5.25967598E+0,
650.00,0.00000000E+0,-5.33226824E+0,
651.00,5.39827538E+0,-5.40238619E+0,
652.00,0.00000000E+0,2.76311512E+1,
653.00,1.67491207E+1,1.12727489E+1,
654.00,0.00000000E+0,5.73876715E+0,
655.00,5.82821703E+0,5.85592699E+0,
656.00,0.00000000E+0,-5.97172499E+0,
657.00,6.06191778E+0,-6.08657694E+0,
658.00,-6.24590540E+0,6.22919703E+0,
659.00,0.00000000E+0,-1.27009640E+1,
660.00,-6.49514008E+0,-1.30395861E+1,
661.00,0.00000000E+0,-6.69352627E+0,
662.00,0.00000000E+0,-6.86088943E+0,
663.00,7.02469778E+0,-7.02997398E+0,
664.00,7.26965427E+0,7.28480005E+0,
665.00,0.00000000E+0,-1.51100950E+1,
666.00,1.55636492E+1,0.00000000E+0,
667.00,2.37559032E+1,-1.59280510E+1,
668.00,-8.02446175E+0,8.10572720E+0,
669.00,0.00000000E+0,0.00000000E+0,
670.00,0.00000000E+0,0.00000000E+0,
671.00,-8.20864964E+0,-8.20519638E+0,
672.00,-8.21558189E+0,-8.19811440E+0,
673.00,-8.20012569E+0,-1.65436840E+1,
674.00,0.00000000E+0,-1.65233040E+1,
675.00,8.24844074E+0,8.29272461E+0,
676.00,-8.27996635E+0,-1.67053947E+1,
677.00,0.00000000E+0,8.38072681E+0,
678.00,0.00000000E+0,-8.44337368E+0,
679.00,8.46886444E+0,0.00000000E+0,
680.00,-8.58396626E+0,-1.72530422E+1,
681.00,1.71692238E+1,-1.73574715E+1,
682.00,0.00000000E+0,-8.75555897E+0,
683.00,0.00000000E+0,-8.83845234E+0,
684.00,1.76484051E+1,0.00000000E+0,
685.00,2.65575962E+1,0.00000000E+0,
686.00,0.00000000E+0,8.95785522E+0,
687.00,-8.98837852E+0,-1.81502018E+1,
688.00,2.72968864E+1,-9.12809277E+0,
689.00,0.00000000E+0,9.19760323E+0,
690.00,9.24730110E+0,-1.86196117E+1,
691.00,0.00000000E+0,0.00000000E+0,
692.00,3.76844864E+1,0.00000000E+0,
693.00,0.00000000E+0,-1.91848621E+1,
694.00,2.88980637E+1,-1.93893757E+1,
695.00,-9.75717354E+0,-1.95850410E+1,
696.00,0.00000000E+0,-1.98847580E+1,
697.00,3.99398994E+1,-2.01386299E+1,
698.00,-1.01901455E+1,-2.03424187E+1,
699.00,3.09917336E+1,-1.03388882E+1,
700.00,3.11327877E+1,-2.09333172E+1,
701.00,1.05808954E+1,-1.06330347E+1,
702.00,4.28689041E+1,-1.08143034E+1,
703.00,0.00000000E+0,-1.08983507E+1,
704.00,0.00000000E+0,0.00000000E+0,
705.00,3.35094109E+1,-2.25355434E+1,
706.00,-1.13988590E+1,-2.28189163E+1,
707.00,0.00000000E+0,-2.31958294E+1,
708.00,5.88194923E+1,-2.35942917E+1,
709.00,3.56893501E+1,-1.19748039E+1,
710.00,3.62981339E+1,-1.21861477E+1,
711.00,0.00000000E+0,-2.48080044E+1,
712.00,1.25464716E+1,-1.25587416E+1,
713.00,3.81498947E+1,-1.27989140E+1,
714.00,6.48907089E+1,0.00000000E+0,
715.00,0.00000000E+0,-2.63780098E+1,
716.00,2.68735752E+1,-2.68927631E+1,
717.00,1.37040644E+1,-2.74124241E+1,
718.00,2.79070377E+1,1.39573441E+1,
719.00,2.85129681E+1,-2.84609756E+1,
720.00,0.00000000E+0,-1.44787092E+1,
721.00,1.46276550E+1,-2.93629246E+1,
722.00,4.48202209E+1,-1.50017900E+1,
723.00,4.58457603E+1,-1.53076830E+1,
724.00,1.55209837E+1,-1.55579996E+1,
725.00,0.00000000E+0,-1.58398485E+1,
726.00,3.21454926E+1,0.00000000E+0,
727.00,0.00000000E+0,-3.29551010E+1,
728.00,5.01482277E+1,-3.35674973E+1,
729.00,5.13609581E+1,-3.42815704E+1,
730.00,3.48328018E+1,-1.73826199E+1,
731.00,-1.76734810E+1,-3.55938492E+1,
732.00,1.81772461E+1,1.82186260E+1,
733.00,7.39658966E+1,-3.72515945E+1,
734.00,-1.89694290E+1,-1.90061779E+1,
735.00,0.00000000E+0,-1.93518410E+1,
736.00,0.00000000E+0,-3.94542732E+1,
737.00,3.98842850E+1,-4.02128754E+1,
738.00,2.03716965E+1,-2.04802227E+1,
739.00,2.09702015E+1,-4.19786949E+1,
740.00,4.24917908E+1,0.00000000E+0,
741.00,4.34513626E+1,-4.35690880E+1,
742.00,1.11007050E+2,-2.23048134E+1,
743.00,4.53638878E+1,-2.28622990E+1,
744.00,-2.32483768E+1,-4.66925697E+1,
745.00,7.10222092E+1,-4.73518410E+1,
746.00,2.42080040E+1,-4.83096733E+1,
747.00,7.41492157E+1,0.00000000E+0,
748.00,2.52853088E+1,-2.53548317E+1,
749.00,0.00000000E+0,0.00000000E+0,
750.00,2.61244469E+1,5.29068565E+1,
751.00,8.04564056E+1,-5.39124146E+1,
752.00,8.25928726E+1,-5.53577499E+1,
753.00,2.80788460E+1,-5.62472382E+1,
754.00,0.00000000E+0,-2.86631508E+1,
755.00,1.17162903E+2,-5.89327087E+1,
756.00,0.00000000E+0,-6.02549324E+1,
757.00,-3.06298523E+1,-6.15548553E+1,
758.00,-3.14360371E+1,-3.12144909E+1,
759.00,3.20415001E+1,0.00000000E+0,
760.00,0.00000000E+0,-6.58889236E+1,
761.00,-3.36563683E+1,-6.71115036E+1,
762.00,0.00000000E+0,-6.87590790E+1,
763.00,3.49243813E+1,-3.52416534E+1,
764.00,1.43383408E+2,0.00000000E+0,
765.00,0.00000000E+0,-7.33021927E+1,
766.00,7.46527023E+1,-7.52316132E+1,
767.00,3.80627975E+1,-7.66099777E+1,
768.00,-3.89661255E+1,-7.81758118E+1,
769.00,-3.97393417E+1,-7.95392227E+1,
770.00,-4.06537209E+1,-8.17645645E+1,
771.00,4.16976318E+1,-8.36405792E+1,
772.00,0.00000000E+0,4.26711655E+1,
773.00,1.74107941E+2,-4.36128044E+1,
774.00,8.87097778E+1,-4.46893654E+1,
775.00,-4.53057976E+1,-9.13895645E+1,
776.00,0.00000000E+0,-9.32745590E+1,
777.00,-4.74602966E+1,0.00000000E+0,
778.00,9.68263779E+1,-9.75437698E+1,
779.00,4.93199997E+1,1.99272339E+2,
780.00,1.01299370E+2,0.00000000E+0,
781.00,0.00000000E+0,-1.03850197E+2,
782.00,5.28624191E+1,-5.31391258E+1,
783.00,0.00000000E+0,-5.44215431E+1,
784.00,0.00000000E+0,-5.55320778E+1,
785.00,1.12182632E+2,-1.12912857E+2,
786.00,5.74860039E+1,-5.78578300E+1,
787.00,-5.88680305E+1,-5.88553619E+1,
788.00,-6.02386475E+1,-1.21151611E+2,
789.00,1.22956406E+2,-6.17329178E+1,
790.00,1.87354843E+2,-6.31564980E+1,
791.00,-6.39198380E+1,-1.29069321E+2,
792.00,1.31013504E+2,0.00000000E+0,
793.00,0.00000000E+0,-6.69138184E+1,
794.00,6.80602722E+1,-1.36878220E+2,
795.00,-6.96159668E+1,-1.40243240E+2,
796.00,0.00000000E+0,-1.42808792E+2,
797.00,7.21761398E+1,-7.28033295E+1,
798.00,-7.39618759E+1,-1.48162766E+2,
799.00,-7.57313385E+1,-1.52180252E+2,
800.00,0.00000000E+0,-7.76212463E+1,
801.00,-7.87189865E+1,-1.58206146E+2,
802.00,0.00000000E+0,-8.07094498E+1,
803.00,0.00000000E+0,-1.64012436E+2,
804.00,8.32765961E+1,-1.67786011E+2,
805.00,0.00000000E+0,-1.70375290E+2,
806.00,-8.70262909E+1,-8.74945984E+1,
807.00,-8.90215988E+1,-8.90616760E+1,
808.00,9.07136993E+1,0.00000000E+0,
809.00,0.00000000E+0,-1.85665237E+2,
810.00,-9.47807999E+1,0.00000000E+0,
811.00,-9.66589508E+1,-9.72780762E+1,
812.00,0.00000000E+0,-9.99388351E+1,
813.00,0.00000000E+0,-2.04432312E+2,
814.00,2.09045792E+2,-1.05005005E+2,
815.00,0.00000000E+0,-1.07968819E+2,
816.00,-1.10432869E+2,-2.21852600E+2,
817.00,0.00000000E+0,-2.27838226E+2,
818.00,-1.17118881E+2,-2.35820450E+2,
819.00,2.43908569E+2,-1.21192947E+2,
820.00,-1.25818008E+2,1.25932518E+2,
821.00,-1.30827362E+2,-2.62248505E+2,
822.00,0.00000000E+0,-2.71514374E+2,
823.00,0.00000000E+0,0.00000000E+0,
824.00,1.47769867E+2,-1.48395996E+2,
825.00,4.65740051E+2,-3.10402649E+2,
826.00,0.00000000E+0,-3.28672974E+2,
827.00,0.00000000E+0,-3.45787842E+2,
828.00,1.83589401E+2,-1.84289078E+2,
829.00,1.95296082E+2,-3.92452637E+2,
830.00,0.00000000E+0,-2.09099091E+2,
831.00,6.68147339E+2,-4.49030945E+2,
832.00,-2.38978104E+2,-4.80651031E+2,
833.00,-2.56611237E+2,-5.14770874E+2,
834.00,0.00000000E+0,-5.55891296E+2,
835.00,3.00237762E+2,-6.00240906E+2,
836.00,0.00000000E+0,-6.50900513E+2,
837.00,0.00000000E+0,-7.04525940E+2,
838.00,-3.83011536E+2,0.00000000E+0,
839.00,0.00000000E+0,-4.18515320E+2,
840.00,-4.54677673E+2,0.00000000E+0,
841.00,-5.00363495E+2,-5.00016052E+2,
842.00,-5.45607666E+2,-5.47896912E+2,
843.00,-5.99489502E+2,-5.99945374E+2,
844.00,-6.60573608E+2,-6.60902649E+2,
845.00,-7.28314880E+2,-1.45037732E+3,
846.00,0.00000000E+0,0.00000000E+0,
847.00,-8.80769897E+2,-1.76763037E+3,
848.00,-9.76210510E+2,-1.95051111E+3,
849.00,0.00000000E+0,-2.14871143E+3,
850.00,-1.18649146E+3,-1.18385303E+3,
