0.01cr-1%li2co3
  QY = 61.19%
Labels,EmScan22,kongbai(Multi Scans),
Type,Emission Scan,Emission Scan,
Comment,,,
Start,425.00,425.00,
Stop,850.00,850.00,
Step,1.00,1.00,
Fixed/Offset,445.00,445.00,
Xaxis,Wavelength,Wavelength,
Yaxis,Counts,Counts,
Scan Corr. by File,True,True,
Corr. by Ref. Det.,True,True,
Fixed/Offset Corr. by File,False,False,
Repeats,1,1,
Dwell Time,0.10,0.10,
Lamp,Xenon,Xenon,
Temp,29.450,28.80,
Scan Polariser,None,None,
Scan Slit,0.19999765,0.19999765,
Fixed/Offset Polariser,None,None,
Fixed/Offset Slit,2.4000206,2.4000206,
Detector,Det 1,Det 1,

425.00,0.00000000E+0,-8.31457138E-1,
426.00,0.00000000E+0,-8.30165863E-1,
427.00,0.00000000E+0,8.26750040E-1,
428.00,0.00000000E+0,2.47580433E+0,
429.00,0.00000000E+0,0.00000000E+0,
430.00,0.00000000E+0,-8.27618062E-1,
431.00,0.00000000E+0,1.65370905E+0,
432.00,3.29830408E+0,8.29793990E-1,
433.00,8.29562068E-1,3.32079458E+0,
434.00,8.25550497E-1,0.00000000E+0,
435.00,-8.25997651E-1,-8.25352073E-1,
436.00,3.29384613E+0,4.97196388E+0,
437.00,0.00000000E+0,2.48296595E+0,
438.00,1.32884884E+1,1.25468054E+1,
439.00,2.00261211E+1,3.52820091E+1,
440.00,4.93181953E+1,8.40732269E+1,
441.00,1.02975479E+2,1.82647171E+2,
442.00,1.70309097E+2,3.55461853E+2,
443.00,7.01715210E+2,1.19094666E+3,
444.00,2.23309609E+4,3.79391914E+4,
445.00,5.32118281E+4,8.93943750E+4,
446.00,5.76208398E+4,9.57432813E+4,
447.00,2.77448535E+4,4.57212969E+4,
448.00,2.26196460E+3,3.68334790E+3,
449.00,2.27692825E+2,3.70568909E+2,
450.00,1.24619125E+2,2.45358688E+2,
451.00,8.71105347E+1,1.39446243E+2,
452.00,4.36536560E+1,1.11923355E+2,
453.00,3.26731567E+1,6.39994392E+1,
454.00,2.17826958E+1,2.17570839E+1,
455.00,1.27645283E+1,1.37466850E+1,
456.00,1.45453634E+1,1.75373306E+1,
457.00,7.66877031E+0,3.86643577E+0,
458.00,8.58778477E+0,1.24190493E+1,
459.00,1.03968039E+1,1.04492083E+1,
460.00,2.77776313E+0,1.49015913E+1,
461.00,6.44581270E+0,1.38036728E+1,
462.00,1.00168648E+1,1.72846069E+1,
463.00,1.08451910E+1,1.17218275E+1,
464.00,7.17392111E+0,1.69580097E+1,
465.00,8.01139927E+0,1.68682537E+1,
466.00,1.32567081E+1,1.32616491E+1,
467.00,8.76802254E+0,1.58464098E+1,
468.00,1.31467571E+1,1.49577456E+1,
469.00,1.57624779E+1,1.13648014E+1,
470.00,8.70700359E+0,2.08966045E+1,
471.00,1.55928774E+1,1.74467831E+1,
472.00,1.04150429E+1,2.00452442E+1,
473.00,8.70845509E+0,2.17285519E+1,
474.00,1.73859215E+1,1.48587132E+1,
475.00,8.75902271E+0,2.18823071E+1,
476.00,1.04910288E+1,1.31784067E+1,
477.00,1.13921928E+1,1.94840698E+1,
478.00,7.94754934E+0,1.49998331E+1,
479.00,1.67644482E+1,2.29587460E+1,
480.00,1.23412895E+1,1.77579460E+1,
481.00,1.24432993E+1,1.34222841E+1,
482.00,1.71392193E+1,2.15792866E+1,
483.00,1.80508671E+1,2.08002586E+1,
484.00,1.35716181E+1,2.91526146E+1,
485.00,1.09241190E+1,2.10313129E+1,
486.00,8.22730160E+0,2.66774673E+1,
487.00,1.10851316E+1,2.03998623E+1,
488.00,1.30700817E+1,1.97357616E+1,
489.00,1.21635180E+1,3.29708710E+1,
490.00,1.51454458E+1,1.89963436E+1,
491.00,2.30235004E+1,3.16423969E+1,
492.00,1.34541225E+1,2.99650688E+1,
493.00,1.16679125E+1,2.43088665E+1,
494.00,1.37524481E+1,2.15372868E+1,
495.00,2.36222229E+1,2.47082405E+1,
496.00,1.99222775E+1,3.37775459E+1,
497.00,1.69942265E+1,2.41118412E+1,
498.00,1.80870399E+1,2.32528057E+1,
499.00,1.72206059E+1,2.52902966E+1,
500.00,1.01880836E+1,2.66895542E+1,
501.00,7.19078112E+0,2.68488655E+1,
502.00,1.35470524E+1,2.58494568E+1,
503.00,2.18971748E+1,2.81455364E+1,
504.00,1.25788021E+1,1.79660206E+1,
505.00,2.01077709E+1,2.12187176E+1,
506.00,1.49034729E+1,2.56337566E+1,
507.00,1.50330667E+1,2.90592232E+1,
508.00,7.62243605E+0,2.28632698E+1,
509.00,1.19779148E+1,1.53819418E+1,
510.00,1.65194798E+1,2.10492916E+1,
511.00,1.43782644E+1,2.00620346E+1,
512.00,2.58491726E+1,2.69474010E+1,
513.00,1.81107750E+1,3.29764900E+1,
514.00,1.59385595E+1,3.06947899E+1,
515.00,1.03538809E+1,2.29966640E+1,
516.00,5.78666544E+0,2.21642666E+1,
517.00,1.17064743E+1,1.75923748E+1,
518.00,1.17334776E+1,1.17697897E+1,
519.00,1.06477642E+1,2.85646992E+1,
520.00,1.07451477E+1,2.86624107E+1,
521.00,1.08380060E+1,2.05907784E+1,
522.00,1.82183475E+1,2.56785145E+1,
523.00,1.34893742E+1,1.60582523E+1,
524.00,1.35792332E+1,1.73578796E+1,
525.00,1.49408302E+1,1.87188873E+1,
526.00,1.12822828E+1,1.88559189E+1,
527.00,3.79695344E+0,2.90966034E+1,
528.00,1.40138569E+1,2.29447594E+1,
529.00,1.40974112E+1,1.93973789E+1,
530.00,1.16457529E+1,1.43166180E+1,
531.00,1.04363127E+1,1.71121216E+1,
532.00,1.98206863E+1,1.72239685E+1,
533.00,7.98463011E+0,1.73417416E+1,
534.00,1.07170048E+1,2.28606129E+1,
535.00,9.48336601E+0,2.03722973E+1,
536.00,8.22969627E+0,3.01637077E+1,
537.00,1.51526556E+1,2.35225773E+1,
538.00,1.39625893E+1,2.64592628E+1,
539.00,1.54452190E+1,2.37804642E+1,
540.00,5.67364931E+0,1.56338043E+1,
541.00,1.57659855E+1,1.28760509E+1,
542.00,1.30258904E+1,1.72913685E+1,
543.00,1.01914167E+1,2.48729725E+1,
544.00,1.03117046E+1,1.76069336E+1,
545.00,1.33076019E+1,2.07388401E+1,
546.00,5.97516346E+0,2.39708290E+1,
547.00,1.05234413E+1,1.50998592E+1,
548.00,1.83093548E+1,2.28339672E+1,
549.00,1.99504528E+1,1.99326839E+1,
550.00,6.18354321E+0,1.39858809E+1,
551.00,1.24606028E+1,1.58084812E+1,
552.00,9.44261837E+0,1.57828856E+1,
553.00,1.10912476E+1,2.23819160E+1,
554.00,1.12421608E+1,1.61021671E+1,
555.00,8.10219002E+0,9.75030231E+0,
556.00,1.95920391E+1,1.63324432E+1,
557.00,1.64442272E+1,9.90377426E+0,
558.00,1.48734684E+1,2.33989677E+1,
559.00,8.38382912E+0,1.01353550E+1,
560.00,1.35339212E+1,2.22023811E+1,
561.00,6.85006714E+0,8.59659195E+0,
562.00,3.44425941E+0,1.21919174E+1,
563.00,1.74246860E+0,1.05528526E+1,
564.00,8.81648731E+0,1.77447593E+0,
565.00,8.90502357E+0,7.14992619E+0,
566.00,3.59947729E+0,9.03418636E+0,
567.00,9.08266926E+0,9.11704063E+0,
568.00,1.64672756E+1,1.28266230E+1,
569.00,1.29467945E+1,7.47166061E+0,
570.00,9.36887455E+0,1.50416622E+1,
571.00,1.89649403E+0,2.10190907E+1,
572.00,5.71718216E+0,7.67945671E+0,
573.00,1.15942268E+1,3.86984992E+0,
574.00,1.93908417E+0,1.17863846E+1,
575.00,3.95135069E+0,1.78373222E+1,
576.00,5.95628023E+0,1.19949188E+1,
577.00,6.00317144E+0,8.13036728E+0,
578.00,2.03546000E+0,1.42912760E+1,
579.00,0.00000000E+0,8.25390434E+0,
580.00,8.27165222E+0,6.26589870E+0,
581.00,1.04824820E+1,1.27052517E+1,
582.00,8.47196484E+0,8.52427197E+0,
583.00,1.92952671E+1,1.07819767E+1,
584.00,2.15664697E+0,1.09270363E+1,
585.00,1.08747921E+1,1.10059366E+1,
586.00,1.10218506E+1,2.22697759E+0,
587.00,1.10942535E+1,1.79947605E+1,
588.00,6.73403883E+0,1.35043488E+1,
589.00,4.53482771E+0,9.10214329E+0,
590.00,6.91299009E+0,1.38582315E+1,
591.00,9.32181072E+0,9.36912441E+0,
592.00,2.34435153E+0,0.00000000E+0,
593.00,2.37225580E+0,2.39458394E+0,
594.00,0.00000000E+0,1.69310017E+1,
595.00,2.42222762E+0,2.67279453E+1,
596.00,4.87331676E+0,9.80982208E+0,
597.00,2.45276141E+0,-4.96667910E+0,
598.00,7.50646114E+0,1.25124788E+1,
599.00,2.53736544E+0,7.63617706E+0,
600.00,7.68577719E+0,5.16596985E+0,
601.00,7.76280355E+0,5.19834900E+0,
602.00,5.21989059E+0,7.86745739E+0,
603.00,7.96474504E+0,5.29805088E+0,
604.00,-2.66446924E+0,5.36842680E+0,
605.00,8.07952785E+0,1.63024254E+1,
606.00,5.49850082E+0,2.75867653E+0,
607.00,2.77295303E+0,5.56790543E+0,
608.00,0.00000000E+0,2.54877777E+1,
609.00,1.99196491E+1,-2.84920025E+0,
610.00,0.00000000E+0,-2.88573313E+0,
611.00,2.92426252E+0,8.79519463E+0,
612.00,-2.96417236E+0,0.00000000E+0,
613.00,0.00000000E+0,2.99219656E+0,
614.00,0.00000000E+0,0.00000000E+0,
615.00,-3.06598163E+0,6.14768314E+0,
616.00,6.21670294E+0,-3.11339569E+0,
617.00,3.13341427E+0,0.00000000E+0,
618.00,-3.19245958E+0,1.59802217E+1,
619.00,6.46696091E+0,3.24826264E+0,
620.00,1.30752001E+1,9.84860611E+0,
621.00,0.00000000E+0,9.99554348E+0,
622.00,6.74630404E+0,1.01829138E+1,
623.00,0.00000000E+0,1.37185555E+1,
624.00,1.04150352E+1,6.99665976E+0,
625.00,3.52217722E+0,-7.10995293E+0,
626.00,-3.58176446E+0,3.58846307E+0,
627.00,7.28880453E+0,-3.64486647E+0,
628.00,0.00000000E+0,-3.70253372E+0,
629.00,7.44373798E+0,7.49518633E+0,
630.00,7.61255836E+0,-3.79987812E+0,
631.00,1.53859377E+1,3.85587788E+0,
632.00,3.91339540E+0,3.91783047E+0,
633.00,0.00000000E+0,1.99466286E+1,
634.00,-4.02443838E+0,8.13392258E+0,
635.00,1.63877621E+1,-4.11434650E+0,
636.00,0.00000000E+0,0.00000000E+0,
637.00,4.23012686E+0,8.54009914E+0,
638.00,0.00000000E+0,-8.70458412E+0,
639.00,8.70681000E+0,0.00000000E+0,
640.00,0.00000000E+0,4.47044230E+0,
641.00,1.80823078E+1,9.11584663E+0,
642.00,1.37752428E+1,0.00000000E+0,
643.00,-4.68134165E+0,0.00000000E+0,
644.00,0.00000000E+0,0.00000000E+0,
645.00,-4.81823492E+0,4.82845545E+0,
646.00,0.00000000E+0,9.85867405E+0,
647.00,-5.01578712E+0,-1.00919971E+1,
648.00,-5.09937143E+0,-5.15898466E+0,
649.00,1.03850117E+1,-5.25967598E+0,
650.00,3.17462196E+1,-5.33226824E+0,
651.00,0.00000000E+0,-5.40238619E+0,
652.00,0.00000000E+0,2.76311512E+1,
653.00,0.00000000E+0,1.12727489E+1,
654.00,-5.71603251E+0,5.73876715E+0,
655.00,2.33600464E+1,5.85592699E+0,
656.00,-5.92678881E+0,-5.97172499E+0,
657.00,1.21405067E+1,-6.08657694E+0,
658.00,0.00000000E+0,6.22919703E+0,
659.00,1.26406746E+1,-1.27009640E+1,
660.00,-6.49241209E+0,-1.30395861E+1,
661.00,3.31168556E+1,-6.69352627E+0,
662.00,0.00000000E+0,-6.86088943E+0,
663.00,0.00000000E+0,-7.02997398E+0,
664.00,0.00000000E+0,7.28480005E+0,
665.00,2.25206966E+1,-1.51100950E+1,
666.00,7.73076773E+0,0.00000000E+0,
667.00,3.18704662E+1,-1.59280510E+1,
668.00,2.41485291E+1,8.10572720E+0,
669.00,8.13958454E+0,0.00000000E+0,
670.00,4.07975769E+1,0.00000000E+0,
671.00,3.28812675E+1,-8.20519638E+0,
672.00,0.00000000E+0,-8.19811440E+0,
673.00,0.00000000E+0,-1.65436840E+1,
674.00,-8.25914955E+0,-1.65233040E+1,
675.00,2.47773762E+1,8.29272461E+0,
676.00,8.30144978E+0,-1.67053947E+1,
677.00,0.00000000E+0,8.38072681E+0,
678.00,3.35431290E+1,-8.44337368E+0,
679.00,1.68328400E+1,0.00000000E+0,
680.00,3.44200897E+1,-1.72530422E+1,
681.00,1.72364407E+1,-1.73574715E+1,
682.00,2.60982895E+1,-8.75555897E+0,
683.00,3.49269829E+1,-8.83845234E+0,
684.00,3.51952591E+1,0.00000000E+0,
685.00,1.77386074E+1,0.00000000E+0,
686.00,5.37718849E+1,8.95785522E+0,
687.00,3.59125443E+1,-1.81502018E+1,
688.00,6.36285820E+1,-9.12809277E+0,
689.00,3.66742096E+1,9.19760323E+0,
690.00,7.41109467E+1,-1.86196117E+1,
691.00,8.39131927E+1,0.00000000E+0,
692.00,8.48289642E+1,0.00000000E+0,
693.00,9.50303574E+1,-1.91848621E+1,
694.00,1.05897621E+2,-1.93893757E+1,
695.00,7.75768051E+1,-1.95850410E+1,
696.00,4.93174210E+1,-1.98847580E+1,
697.00,1.40434479E+2,-2.01386299E+1,
698.00,3.04966259E+1,-2.03424187E+1,
699.00,8.23467636E+1,-1.03388882E+1,
700.00,8.30352783E+1,-2.09333172E+1,
701.00,1.68338974E+2,-1.06330347E+1,
702.00,5.34926987E+1,-1.08143034E+1,
703.00,8.69555283E+1,-1.08983507E+1,
704.00,1.21195251E+2,0.00000000E+0,
705.00,1.67628540E+2,-2.25355434E+1,
706.00,1.36552612E+2,-2.28189163E+1,
707.00,1.50103546E+2,-2.31958294E+1,
708.00,1.87483032E+2,-2.35942917E+1,
709.00,1.07899078E+2,-1.19748039E+1,
710.00,1.32679596E+2,-1.21861477E+1,
711.00,1.23355659E+2,-2.48080044E+1,
712.00,1.00692482E+2,-1.25587416E+1,
713.00,1.90954071E+2,-1.27989140E+1,
714.00,6.46725845E+1,0.00000000E+0,
715.00,2.36533524E+2,-2.63780098E+1,
716.00,2.00304626E+2,-2.68927631E+1,
717.00,2.31999268E+2,-2.74124241E+1,
718.00,2.07565689E+2,1.39573441E+1,
719.00,1.69977631E+2,-2.84609756E+1,
720.00,2.16320175E+2,-1.44787092E+1,
721.00,1.61128189E+2,-2.93629246E+1,
722.00,2.70259705E+2,-1.50017900E+1,
723.00,1.22139420E+2,-1.53076830E+1,
724.00,2.65571014E+2,-1.55579996E+1,
725.00,1.42228088E+2,-1.58398485E+1,
726.00,3.22090759E+2,0.00000000E+0,
727.00,1.64645035E+2,-3.29551010E+1,
728.00,3.50713104E+2,-3.35674973E+1,
729.00,2.55828308E+2,-3.42815704E+1,
730.00,2.78119232E+2,-1.73826199E+1,
731.00,1.60028305E+2,-3.55938492E+1,
732.00,2.37317215E+2,1.82186260E+1,
733.00,1.48968307E+2,-3.72515945E+1,
734.00,3.20108307E+2,-1.90061779E+1,
735.00,1.72696487E+2,-1.93518410E+1,
736.00,2.93474060E+2,-3.94542732E+1,
737.00,1.79723755E+2,-4.02128754E+1,
738.00,2.64780548E+2,-2.04802227E+1,
739.00,5.22681213E+2,-4.19786949E+1,
740.00,2.98477356E+2,0.00000000E+0,
741.00,4.13287811E+2,-4.35690880E+1,
742.00,2.22535355E+2,-2.23048134E+1,
743.00,2.48629944E+2,-2.28622990E+1,
744.00,4.63749786E+2,-4.66925697E+1,
745.00,2.35924637E+2,-4.73518410E+1,
746.00,2.64015198E+2,-4.83096733E+1,
747.00,4.42222900E+2,0.00000000E+0,
748.00,2.26496460E+2,-2.53548317E+1,
749.00,3.08135895E+2,0.00000000E+0,
750.00,4.45593933E+2,5.29068565E+1,
751.00,4.81747742E+2,-5.39124146E+1,
752.00,4.94116089E+2,-5.53577499E+1,
753.00,1.95634750E+2,-5.62472382E+1,
754.00,2.86673492E+2,-2.86631508E+1,
755.00,3.51437286E+2,-5.89327087E+1,
756.00,2.39493973E+2,-6.02549324E+1,
757.00,3.07150391E+2,-6.15548553E+1,
758.00,3.76269684E+2,-3.12144909E+1,
759.00,3.84115387E+2,0.00000000E+0,
760.00,4.25830383E+2,-6.58889236E+1,
761.00,4.36045868E+2,-6.71115036E+1,
762.00,4.77459320E+2,-6.87590790E+1,
763.00,2.45614548E+2,-3.52416534E+1,
764.00,3.56923981E+2,0.00000000E+0,
765.00,3.27608582E+2,-7.33021927E+1,
766.00,1.86360596E+2,-7.52316132E+1,
767.00,3.45059509E+2,-7.66099777E+1,
768.00,2.73467987E+2,-7.81758118E+1,
769.00,3.57270599E+2,-7.95392227E+1,
770.00,4.46205322E+2,-8.17645645E+1,
771.00,2.91234924E+2,-8.36405792E+1,
772.00,3.37972321E+2,4.26711655E+1,
773.00,4.33428253E+2,-4.36128044E+1,
774.00,3.55508636E+2,-4.46893654E+1,
775.00,5.00168335E+2,-9.13895645E+1,
776.00,2.76863312E+2,-9.32745590E+1,
777.00,3.76683411E+2,0.00000000E+0,
778.00,1.45215469E+2,-9.75437698E+1,
779.00,3.45478790E+2,1.99272339E+2,
780.00,4.53059784E+2,0.00000000E+0,
781.00,4.13240265E+2,-1.03850197E+2,
782.00,3.68098541E+2,-5.31391258E+1,
783.00,2.16491455E+2,-5.44215431E+1,
784.00,3.31050140E+2,-5.55320778E+1,
785.00,5.62946655E+2,-1.12912857E+2,
786.00,3.46280304E+2,-5.78578300E+1,
787.00,1.76581604E+2,-5.88553619E+1,
788.00,3.59603027E+2,-1.21151611E+2,
789.00,3.07815369E+2,-6.17329178E+1,
790.00,3.76939484E+2,-6.31564980E+1,
791.00,1.92759308E+2,-1.29069321E+2,
792.00,1.96410873E+2,0.00000000E+0,
793.00,4.69590546E+2,-6.69138184E+1,
794.00,7.48138062E+2,-1.36878220E+2,
795.00,4.84739777E+2,-1.40243240E+2,
796.00,4.25272247E+2,-1.42808792E+2,
797.00,6.49806702E+2,-7.28033295E+1,
798.00,1.47671097E+2,-1.48162766E+2,
799.00,4.54713440E+2,-1.52180252E+2,
800.00,5.40425171E+2,-7.76212463E+1,
801.00,1.57404144E+2,-1.58206146E+2,
802.00,4.01404083E+2,-8.07094498E+1,
803.00,2.45831116E+2,-1.64012436E+2,
804.00,3.33298004E+2,-1.67786011E+2,
805.00,9.35346436E+2,-1.70375290E+2,
806.00,4.34549988E+2,-8.74945984E+1,
807.00,8.86098267E+2,-8.90616760E+1,
808.00,4.54803802E+2,0.00000000E+0,
809.00,9.28945236E+1,-1.85665237E+2,
810.00,2.84886444E+2,0.00000000E+0,
811.00,4.82936462E+2,-9.72780762E+1,
812.00,0.00000000E+0,-9.99388351E+1,
813.00,2.02925659E+2,-2.04432312E+2,
814.00,2.09002899E+2,-1.05005005E+2,
815.00,1.07241661E+2,-1.07968819E+2,
816.00,3.32225494E+2,-2.21852600E+2,
817.00,4.54712128E+2,-2.27838226E+2,
818.00,3.51942871E+2,-2.35820450E+2,
819.00,6.07743225E+2,-1.21192947E+2,
820.00,7.51930481E+2,1.25932518E+2,
821.00,6.51391541E+2,-2.62248505E+2,
822.00,1.35129333E+2,-2.71514374E+2,
823.00,-1.40922958E+2,0.00000000E+0,
824.00,4.42043213E+2,-1.48395996E+2,
825.00,3.11589264E+2,-3.10402649E+2,
826.00,1.64400879E+2,-3.28672974E+2,
827.00,1.73580292E+2,-3.45787842E+2,
828.00,0.00000000E+0,-1.84289078E+2,
829.00,7.77763245E+2,-3.92452637E+2,
830.00,4.16553131E+2,-2.09099091E+2,
831.00,4.44724670E+2,-4.49030945E+2,
832.00,0.00000000E+0,-4.80651031E+2,
833.00,2.55965897E+2,-5.14770874E+2,
834.00,0.00000000E+0,-5.55891296E+2,
835.00,0.00000000E+0,-6.00240906E+2,
836.00,-3.26672211E+2,-6.50900513E+2,
837.00,0.00000000E+0,-7.04525940E+2,
838.00,-3.84499664E+2,0.00000000E+0,
839.00,0.00000000E+0,-4.18515320E+2,
840.00,4.56530090E+2,0.00000000E+0,
841.00,0.00000000E+0,-5.00016052E+2,
842.00,0.00000000E+0,-5.47896912E+2,
843.00,0.00000000E+0,-5.99945374E+2,
844.00,0.00000000E+0,-6.60902649E+2,
845.00,7.23544006E+2,-1.45037732E+3,
846.00,-7.96547058E+2,0.00000000E+0,
847.00,1.75803906E+3,-1.76763037E+3,
848.00,-9.73712524E+2,-1.95051111E+3,
849.00,1.07475464E+3,-2.14871143E+3,
850.00,0.00000000E+0,-1.18385303E+3,
