0.01CR-58.97%
  QY = 58.97%
Labels,EmScan32,kongbai(Multi Scans),
Type,Emission Scan,Emission Scan,
Comment,,,
Start,425.00,425.00,
Stop,850.00,850.00,
Step,1.00,1.00,
Fixed/Offset,445.00,445.00,
Xaxis,Wavelength,Wavelength,
Yaxis,Counts,Counts,
Scan Corr. by File,True,True,
Corr. by Ref. Det.,True,True,
Fixed/Offset Corr. by File,False,False,
Repeats,1,1,
Dwell Time,0.10,0.10,
Lamp,Xenon,Xenon,
Temp,30.150,28.80,
Scan Polariser,None,None,
Scan Slit,0.19999765,0.19999765,
Fixed/Offset Polariser,None,None,
Fixed/Offset Slit,2.4000206,2.4000206,
Detector,Det 1,Det 1,

425.00,0.00000000E+0,-8.31457138E-1,
426.00,0.00000000E+0,-8.30165863E-1,
427.00,-1.64100099E+0,8.26750040E-1,
428.00,-8.25680792E-1,2.47580433E+0,
429.00,-8.22144270E-1,0.00000000E+0,
430.00,0.00000000E+0,-8.27618062E-1,
431.00,-8.27927530E-1,1.65370905E+0,
432.00,-8.24036121E-1,8.29793990E-1,
433.00,-1.65721822E+0,3.32079458E+0,
434.00,-1.65000415E+0,0.00000000E+0,
435.00,8.28248858E-1,-8.25352073E-1,
436.00,2.49643278E+0,4.97196388E+0,
437.00,1.65848899E+0,2.48296595E+0,
438.00,4.98371887E+0,1.25468054E+1,
439.00,2.76717529E+1,3.52820091E+1,
440.00,6.39714203E+1,8.40732269E+1,
441.00,1.14837166E+2,1.82647171E+2,
442.00,1.97284973E+2,3.55461853E+2,
443.00,7.37658813E+2,1.19094666E+3,
444.00,2.56473730E+4,3.79391914E+4,
445.00,6.17408477E+4,8.93943750E+4,
446.00,6.69343125E+4,9.57432813E+4,
447.00,3.27316621E+4,4.57212969E+4,
448.00,2.79231958E+3,3.68334790E+3,
449.00,2.46988983E+2,3.70568909E+2,
450.00,1.57146805E+2,2.45358688E+2,
451.00,9.49796448E+1,1.39446243E+2,
452.00,6.43795319E+1,1.11923355E+2,
453.00,3.86571579E+1,6.39994392E+1,
454.00,1.76915207E+1,2.17570839E+1,
455.00,1.47434549E+1,1.37466850E+1,
456.00,8.80522346E+0,1.75373306E+1,
457.00,2.89937210E+0,3.86643577E+0,
458.00,6.71099758E+0,1.24190493E+1,
459.00,4.70605183E+0,1.04492083E+1,
460.00,7.47171164E+0,1.49015913E+1,
461.00,7.34185028E+0,1.38036728E+1,
462.00,1.27638483E+1,1.72846069E+1,
463.00,9.00921059E+0,1.17218275E+1,
464.00,8.03643036E+0,1.69580097E+1,
465.00,4.43376255E+0,1.68682537E+1,
466.00,6.17586803E+0,1.32616491E+1,
467.00,6.16933441E+0,1.58464098E+1,
468.00,1.31790686E+1,1.49577456E+1,
469.00,1.21965399E+1,1.13648014E+1,
470.00,1.30259352E+1,2.08966045E+1,
471.00,9.60450459E+0,1.74467831E+1,
472.00,1.12862720E+1,2.00452442E+1,
473.00,1.39216595E+1,2.17285519E+1,
474.00,1.91688786E+1,1.48587132E+1,
475.00,1.12926159E+1,2.18823071E+1,
476.00,1.31316156E+1,1.31784067E+1,
477.00,1.40473423E+1,1.94840698E+1,
478.00,1.14903803E+1,1.49998331E+1,
479.00,2.12589207E+1,2.29587460E+1,
480.00,1.15219393E+1,1.77579460E+1,
481.00,1.51866140E+1,1.34222841E+1,
482.00,1.34219227E+1,2.15792866E+1,
483.00,8.10035992E+0,2.08002586E+1,
484.00,8.17209625E+0,2.91526146E+1,
485.00,2.00631981E+1,2.10313129E+1,
486.00,1.47572088E+1,2.66774673E+1,
487.00,1.38961887E+1,2.03998623E+1,
488.00,1.39786110E+1,1.97357616E+1,
489.00,1.40962687E+1,3.29708710E+1,
490.00,1.99506569E+1,1.89963436E+1,
491.00,1.04993429E+1,3.16423969E+1,
492.00,1.73155727E+1,2.99650688E+1,
493.00,2.34161949E+1,2.43088665E+1,
494.00,1.65983696E+1,2.15372868E+1,
495.00,1.17996836E+1,2.47082405E+1,
496.00,1.68947353E+1,3.37775459E+1,
497.00,1.60096226E+1,2.41118412E+1,
498.00,1.61267014E+1,2.32528057E+1,
499.00,1.62096901E+1,2.52902966E+1,
500.00,2.13847504E+1,2.66895542E+1,
501.00,1.43805780E+1,2.68488655E+1,
502.00,1.35333462E+1,2.58494568E+1,
503.00,1.46072474E+1,2.81455364E+1,
504.00,1.77918758E+1,1.79660206E+1,
505.00,2.22159176E+1,2.12187176E+1,
506.00,1.27381544E+1,2.56337566E+1,
507.00,2.37822590E+1,2.90592232E+1,
508.00,2.38775082E+1,2.28632698E+1,
509.00,1.31137981E+1,1.53819418E+1,
510.00,2.30756454E+1,2.10492916E+1,
511.00,2.00559368E+1,2.00620346E+1,
512.00,1.12343616E+1,2.69474010E+1,
513.00,1.57947254E+1,3.29764900E+1,
514.00,1.81292648E+1,3.06947899E+1,
515.00,2.40992279E+1,2.29966640E+1,
516.00,1.85147896E+1,2.21642666E+1,
517.00,5.82326174E+0,1.75923748E+1,
518.00,8.21327305E+0,1.17697897E+1,
519.00,1.78045025E+1,2.85646992E+1,
520.00,2.74670715E+1,2.86624107E+1,
521.00,9.61713886E+0,2.05907784E+1,
522.00,2.05928688E+1,2.56785145E+1,
523.00,2.80892029E+1,1.60582523E+1,
524.00,1.73277473E+1,1.73578796E+1,
525.00,1.49764318E+1,1.87188873E+1,
526.00,5.02859020E+0,1.88559189E+1,
527.00,1.64689274E+1,2.90966034E+1,
528.00,2.16178856E+1,2.29447594E+1,
529.00,5.15444660E+0,1.93973789E+1,
530.00,2.46137962E+1,1.43166180E+1,
531.00,2.22215652E+1,1.71121216E+1,
532.00,1.58452253E+1,1.72239685E+1,
533.00,1.46516685E+1,1.73417416E+1,
534.00,1.88677750E+1,2.28606129E+1,
535.00,1.48870010E+1,2.03722973E+1,
536.00,1.64219971E+1,3.01637077E+1,
537.00,1.24049025E+1,2.35225773E+1,
538.00,1.52533646E+1,2.64592628E+1,
539.00,9.80592251E+0,2.37804642E+1,
540.00,7.08754492E+0,1.56338043E+1,
541.00,1.85989246E+1,1.28760509E+1,
542.00,1.43956671E+1,1.72913685E+1,
543.00,1.01677971E+1,2.48729725E+1,
544.00,4.39128542E+0,1.76069336E+1,
545.00,5.89765072E+0,2.07388401E+1,
546.00,1.34420109E+1,2.39708290E+1,
547.00,9.03606796E+0,1.50998592E+1,
548.00,1.66842289E+1,2.28339672E+1,
549.00,4.60057020E+0,1.99326839E+1,
550.00,1.55293331E+1,1.39858809E+1,
551.00,7.80418062E+0,1.58084812E+1,
552.00,7.91331053E+0,1.57828856E+1,
553.00,1.58495846E+1,2.23819160E+1,
554.00,9.62031174E+0,1.61021671E+1,
555.00,1.45800886E+1,9.75030231E+0,
556.00,1.47382174E+1,1.63324432E+1,
557.00,1.15803308E+1,9.90377426E+0,
558.00,3.34503865E+0,2.33989677E+1,
559.00,1.17639542E+1,1.01353550E+1,
560.00,1.36376610E+1,2.22023811E+1,
561.00,5.15704489E+0,8.59659195E+0,
562.00,1.39010649E+1,1.21919174E+1,
563.00,8.74953270E+0,1.05528526E+1,
564.00,7.03902721E+0,1.77447593E+0,
565.00,8.91861153E+0,7.14992619E+0,
566.00,5.40396929E+0,9.03418636E+0,
567.00,1.64713898E+1,9.11704063E+0,
568.00,7.31878901E+0,1.28266230E+1,
569.00,3.71283770E+0,7.47166061E+0,
570.00,7.52658939E+0,1.50416622E+1,
571.00,1.89803672E+0,2.10190907E+1,
572.00,3.83220768E+0,7.67945671E+0,
573.00,3.88834953E+0,3.86984992E+0,
574.00,5.87487173E+0,1.17863846E+1,
575.00,1.97217965E+0,1.78373222E+1,
576.00,9.97073364E+0,1.19949188E+1,
577.00,4.03603029E+0,8.13036728E+0,
578.00,8.12150192E+0,1.42912760E+1,
579.00,6.17593956E+0,8.25390434E+0,
580.00,8.34247303E+0,6.26589870E+0,
581.00,1.26250772E+1,1.27052517E+1,
582.00,6.36900949E+0,8.52427197E+0,
583.00,-2.14484119E+0,1.07819767E+1,
584.00,0.00000000E+0,1.09270363E+1,
585.00,6.54855156E+0,1.10059366E+1,
586.00,4.43564510E+0,2.22697759E+0,
587.00,2.22740102E+0,1.79947605E+1,
588.00,6.75204229E+0,1.35043488E+1,
589.00,2.29486585E+0,9.10214329E+0,
590.00,4.61696672E+0,1.38582315E+1,
591.00,1.17183199E+1,9.36912441E+0,
592.00,7.08314657E+0,0.00000000E+0,
593.00,-4.78709412E+0,2.39458394E+0,
594.00,4.80752516E+0,1.69310017E+1,
595.00,-2.43582058E+0,2.67279453E+1,
596.00,4.90558290E+0,9.80982208E+0,
597.00,7.44082832E+0,-4.96667910E+0,
598.00,2.50447774E+0,1.25124788E+1,
599.00,-2.53092051E+0,7.63617706E+0,
600.00,-2.55488253E+0,5.16596985E+0,
601.00,5.17843914E+0,5.19834900E+0,
602.00,1.04651604E+1,7.86745739E+0,
603.00,1.32439613E+1,5.29805088E+0,
604.00,-5.37663698E+0,5.36842680E+0,
605.00,1.07877846E+1,1.63024254E+1,
606.00,2.74393129E+0,2.75867653E+0,
607.00,1.11055717E+1,5.56790543E+0,
608.00,2.80565715E+0,2.54877777E+1,
609.00,-2.84641528E+0,-2.84920025E+0,
610.00,0.00000000E+0,-2.88573313E+0,
611.00,0.00000000E+0,8.79519463E+0,
612.00,-2.95643020E+0,0.00000000E+0,
613.00,6.00005293E+0,2.99219656E+0,
614.00,0.00000000E+0,0.00000000E+0,
615.00,-6.13819361E+0,6.14768314E+0,
616.00,1.24549217E+1,-3.11339569E+0,
617.00,0.00000000E+0,0.00000000E+0,
618.00,9.60041237E+0,1.59802217E+1,
619.00,-6.51380539E+0,3.24826264E+0,
620.00,-6.60473394E+0,9.84860611E+0,
621.00,-3.34295154E+0,9.99554348E+0,
622.00,3.37806082E+0,1.01829138E+1,
623.00,-6.86948442E+0,1.37185555E+1,
624.00,-3.46566057E+0,6.99665976E+0,
625.00,-7.06813717E+0,-7.10995293E+0,
626.00,-3.58158946E+0,3.58846307E+0,
627.00,-3.63656044E+0,-3.64486647E+0,
628.00,0.00000000E+0,-3.70253372E+0,
629.00,-3.75723052E+0,7.49518633E+0,
630.00,0.00000000E+0,-3.79987812E+0,
631.00,0.00000000E+0,3.85587788E+0,
632.00,-7.81207609E+0,3.91783047E+0,
633.00,7.94899082E+0,1.99466286E+1,
634.00,4.06376553E+0,8.13392258E+0,
635.00,0.00000000E+0,-4.11434650E+0,
636.00,-8.35160446E+0,0.00000000E+0,
637.00,-4.25760508E+0,8.54009914E+0,
638.00,4.32005835E+0,-8.70458412E+0,
639.00,-4.40092373E+0,0.00000000E+0,
640.00,-8.90822887E+0,4.47044230E+0,
641.00,-4.52980089E+0,9.11584663E+0,
642.00,4.61402035E+0,0.00000000E+0,
643.00,-4.71140957E+0,0.00000000E+0,
644.00,-4.77360058E+0,0.00000000E+0,
645.00,-4.85172987E+0,4.82845545E+0,
646.00,4.94110250E+0,9.85867405E+0,
647.00,5.06029510E+0,-1.00919971E+1,
648.00,-5.13058710E+0,-5.15898466E+0,
649.00,0.00000000E+0,-5.25967598E+0,
650.00,0.00000000E+0,-5.33226824E+0,
651.00,5.40317774E+0,-5.40238619E+0,
652.00,-5.50922060E+0,2.76311512E+1,
653.00,-5.61412907E+0,1.12727489E+1,
654.00,1.72892990E+1,5.73876715E+0,
655.00,0.00000000E+0,5.85592699E+0,
656.00,1.79819317E+1,-5.97172499E+0,
657.00,2.43191967E+1,-6.08657694E+0,
658.00,6.22754955E+0,6.22919703E+0,
659.00,1.26952572E+1,-1.27009640E+1,
660.00,1.30331945E+1,-1.30395861E+1,
661.00,1.99574299E+1,-6.69352627E+0,
662.00,6.81637096E+0,-6.86088943E+0,
663.00,2.11121616E+1,-7.02997398E+0,
664.00,-7.29457521E+0,7.28480005E+0,
665.00,0.00000000E+0,-1.51100950E+1,
666.00,-7.79679871E+0,0.00000000E+0,
667.00,-7.93998480E+0,-1.59280510E+1,
668.00,-1.62079506E+1,8.10572720E+0,
669.00,3.24688072E+1,0.00000000E+0,
670.00,-1.63128242E+1,0.00000000E+0,
671.00,-1.64145679E+1,-8.20519638E+0,
672.00,0.00000000E+0,-8.19811440E+0,
673.00,1.64738293E+1,-1.65436840E+1,
674.00,0.00000000E+0,-1.65233040E+1,
675.00,8.31084824E+0,8.29272461E+0,
676.00,2.51036739E+1,-1.67053947E+1,
677.00,4.18371620E+1,8.38072681E+0,
678.00,-8.35150528E+0,-8.44337368E+0,
679.00,8.44752693E+0,0.00000000E+0,
680.00,2.57926331E+1,-1.72530422E+1,
681.00,1.73569622E+1,-1.73574715E+1,
682.00,1.74291763E+1,-8.75555897E+0,
683.00,1.75352554E+1,-8.83845234E+0,
684.00,6.17500954E+1,0.00000000E+0,
685.00,6.18177032E+1,0.00000000E+0,
686.00,1.78640957E+1,8.95785522E+0,
687.00,3.60286980E+1,-1.81502018E+1,
688.00,9.06497669E+0,-9.12809277E+0,
689.00,1.82731380E+1,9.19760323E+0,
690.00,1.84933376E+1,-1.86196117E+1,
691.00,2.81520290E+1,0.00000000E+0,
692.00,0.00000000E+0,0.00000000E+0,
693.00,6.71965103E+1,-1.91848621E+1,
694.00,6.77850037E+1,-1.93893757E+1,
695.00,1.07709290E+2,-1.95850410E+1,
696.00,8.93691483E+1,-1.98847580E+1,
697.00,4.01633873E+1,-2.01386299E+1,
698.00,8.13752441E+1,-2.03424187E+1,
699.00,8.26997528E+1,-1.03388882E+1,
700.00,2.09101696E+1,-2.09333172E+1,
701.00,4.24267731E+1,-1.06330347E+1,
702.00,3.21733360E+1,-1.08143034E+1,
703.00,5.47923279E+1,-1.08983507E+1,
704.00,7.75805283E+1,0.00000000E+0,
705.00,5.60704155E+1,-2.25355434E+1,
706.00,6.82103882E+1,-2.28189163E+1,
707.00,9.25628738E+1,-2.31958294E+1,
708.00,1.29420624E+2,-2.35942917E+1,
709.00,1.07170311E+2,-1.19748039E+1,
710.00,9.72630386E+1,-1.21861477E+1,
711.00,7.40358047E+1,-2.48080044E+1,
712.00,5.02280884E+1,-1.25587416E+1,
713.00,8.94328232E+1,-1.27989140E+1,
714.00,1.30028030E+2,0.00000000E+0,
715.00,1.31724106E+2,-2.63780098E+1,
716.00,1.20473000E+2,-2.68927631E+1,
717.00,1.50127426E+2,-2.74124241E+1,
718.00,1.66367462E+2,1.39573441E+1,
719.00,1.41815460E+2,-2.84609756E+1,
720.00,1.44728958E+2,-1.44787092E+1,
721.00,1.32769226E+2,-2.93629246E+1,
722.00,1.20089546E+2,-1.50017900E+1,
723.00,1.82619995E+2,-1.53076830E+1,
724.00,3.26871338E+2,-1.55579996E+1,
725.00,7.90002136E+1,-1.58398485E+1,
726.00,1.77282944E+2,0.00000000E+0,
727.00,2.15494263E+2,-3.29551010E+1,
728.00,2.33892944E+2,-3.35674973E+1,
729.00,1.19512390E+2,-3.42815704E+1,
730.00,1.21861267E+2,-1.73826199E+1,
731.00,8.85110016E+1,-3.55938492E+1,
732.00,1.45342560E+2,1.82186260E+1,
733.00,7.42070389E+1,-3.72515945E+1,
734.00,2.26459625E+2,-1.90061779E+1,
735.00,1.74161453E+2,-1.93518410E+1,
736.00,1.18097496E+2,-3.94542732E+1,
737.00,4.01731262E+1,-4.02128754E+1,
738.00,1.63788940E+2,-2.04802227E+1,
739.00,1.46559967E+2,-4.19786949E+1,
740.00,2.13630310E+2,0.00000000E+0,
741.00,2.61778076E+2,-4.35690880E+1,
742.00,2.00095871E+2,-2.23048134E+1,
743.00,1.13324539E+2,-2.28622990E+1,
744.00,2.79303467E+2,-4.66925697E+1,
745.00,3.08903870E+2,-4.73518410E+1,
746.00,9.66448135E+1,-4.83096733E+1,
747.00,1.72438171E+2,0.00000000E+0,
748.00,2.77988678E+2,-2.53548317E+1,
749.00,3.61130676E+2,0.00000000E+0,
750.00,2.89432556E+2,5.29068565E+1,
751.00,2.42931900E+2,-5.39124146E+1,
752.00,2.76226135E+2,-5.53577499E+1,
753.00,3.36811279E+2,-5.62472382E+1,
754.00,5.75103722E+1,-2.86631508E+1,
755.00,3.24429230E+2,-5.89327087E+1,
756.00,9.02734070E+1,-6.02549324E+1,
757.00,1.22623589E+2,-6.15548553E+1,
758.00,2.19856125E+2,-3.12144909E+1,
759.00,1.60357803E+2,0.00000000E+0,
760.00,2.62036713E+2,-6.58889236E+1,
761.00,3.69738220E+2,-6.71115036E+1,
762.00,2.05799423E+2,-6.87590790E+1,
763.00,1.75137238E+2,-3.52416534E+1,
764.00,2.14271393E+2,0.00000000E+0,
765.00,2.18388718E+2,-7.33021927E+1,
766.00,3.71713531E+2,-7.52316132E+1,
767.00,3.45178070E+2,-7.66099777E+1,
768.00,1.95032547E+2,-7.81758118E+1,
769.00,1.18791473E+2,-7.95392227E+1,
770.00,2.02433655E+2,-8.17645645E+1,
771.00,4.98576691E+2,-8.36405792E+1,
772.00,2.99394623E+2,4.26711655E+1,
773.00,2.16802902E+2,-4.36128044E+1,
774.00,4.43004189E+1,-4.46893654E+1,
775.00,2.72816406E+2,-9.13895645E+1,
776.00,3.72031586E+2,-9.32745590E+1,
777.00,2.36178848E+2,0.00000000E+0,
778.00,0.00000000E+0,-9.75437698E+1,
779.00,1.48319534E+2,1.99272339E+2,
780.00,4.04678955E+2,0.00000000E+0,
781.00,5.17550278E+1,-1.03850197E+2,
782.00,2.10852264E+2,-5.31391258E+1,
783.00,1.62723587E+2,-5.44215431E+1,
784.00,2.77567719E+2,-5.55320778E+1,
785.00,1.70209412E+2,-1.12912857E+2,
786.00,3.47334503E+2,-5.78578300E+1,
787.00,0.00000000E+0,-5.88553619E+1,
788.00,6.01219940E+1,-1.21151611E+2,
789.00,2.46276398E+2,-6.17329178E+1,
790.00,1.89724808E+2,-6.31564980E+1,
791.00,1.93851578E+2,-1.29069321E+2,
792.00,1.31437225E+2,0.00000000E+0,
793.00,2.00633560E+2,-6.69138184E+1,
794.00,1.36966797E+2,-1.36878220E+2,
795.00,3.47431396E+2,-1.40243240E+2,
796.00,2.13667465E+2,-1.42808792E+2,
797.00,-7.23225784E+1,-7.28033295E+1,
798.00,1.48033752E+2,-1.48162766E+2,
799.00,2.26816025E+2,-1.52180252E+2,
800.00,4.61816467E+2,-7.76212463E+1,
801.00,7.88715515E+1,-1.58206146E+2,
802.00,0.00000000E+0,-8.07094498E+1,
803.00,2.46122177E+2,-1.64012436E+2,
804.00,3.34701324E+2,-1.67786011E+2,
805.00,-8.52234344E+1,-1.70375290E+2,
806.00,1.73935364E+2,-8.74945984E+1,
807.00,3.55585480E+2,-8.90616760E+1,
808.00,3.62744934E+2,0.00000000E+0,
809.00,2.77047974E+2,-1.85665237E+2,
810.00,3.79628784E+2,0.00000000E+0,
811.00,9.75761948E+1,-9.72780762E+1,
812.00,1.99543442E+2,-9.99388351E+1,
813.00,2.03089981E+2,-2.04432312E+2,
814.00,2.09182693E+2,-1.05005005E+2,
815.00,0.00000000E+0,-1.07968819E+2,
816.00,1.10501854E+2,-2.21852600E+2,
817.00,0.00000000E+0,-2.27838226E+2,
818.00,0.00000000E+0,-2.35820450E+2,
819.00,1.20919312E+2,-1.21192947E+2,
820.00,0.00000000E+0,1.25932518E+2,
821.00,0.00000000E+0,-2.62248505E+2,
822.00,1.35059647E+2,-2.71514374E+2,
823.00,5.64532715E+2,0.00000000E+0,
824.00,1.48773056E+2,-1.48395996E+2,
825.00,-1.55869308E+2,-3.10402649E+2,
826.00,1.63882309E+2,-3.28672974E+2,
827.00,3.48160522E+2,-3.45787842E+2,
828.00,-3.68057556E+2,-1.84289078E+2,
829.00,3.91391724E+2,-3.92452637E+2,
830.00,4.16479980E+2,-2.09099091E+2,
831.00,-4.47294067E+2,-4.49030945E+2,
832.00,4.78852661E+2,-4.80651031E+2,
833.00,2.58457916E+2,-5.14770874E+2,
834.00,-5.56054504E+2,-5.55891296E+2,
835.00,-2.99141663E+2,-6.00240906E+2,
836.00,-3.25657013E+2,-6.50900513E+2,
837.00,-3.54795868E+2,-7.04525940E+2,
838.00,7.70107300E+2,0.00000000E+0,
839.00,0.00000000E+0,-4.18515320E+2,
840.00,4.55107239E+2,0.00000000E+0,
841.00,0.00000000E+0,-5.00016052E+2,
842.00,1.65051892E+3,-5.47896912E+2,
843.00,-6.00431213E+2,-5.99945374E+2,
844.00,-6.61723328E+2,-6.60902649E+2,
845.00,7.25287720E+2,-1.45037732E+3,
846.00,-1.59921838E+3,0.00000000E+0,
847.00,-1.76078357E+3,-1.76763037E+3,
848.00,1.95079749E+3,-1.95051111E+3,
849.00,2.15272754E+3,-2.14871143E+3,
850.00,0.00000000E+0,-1.18385303E+3,
