0.01cr-3%NH4F-55.11%
  QY = 55.11%
Labels,EmScan27,kongbai(Multi Scans),
Type,Emission Scan,Emission Scan,
Comment,,,
Start,425.00,425.00,
Stop,850.00,850.00,
Step,1.00,1.00,
Fixed/Offset,445.00,445.00,
Xaxis,Wavelength,Wavelength,
Yaxis,Counts,Counts,
Scan Corr. by File,True,True,
Corr. by Ref. Det.,True,True,
Fixed/Offset Corr. by File,False,False,
Repeats,1,1,
Dwell Time,0.10,0.10,
Lamp,Xenon,Xenon,
Temp,29.90,28.80,
Scan Polariser,None,None,
Scan Slit,0.19999765,0.19999765,
Fixed/Offset Polariser,None,None,
Fixed/Offset Slit,2.4000206,2.4000206,
Detector,Det 1,Det 1,

425.00,8.29430938E-1,-8.31457138E-1,
426.00,0.00000000E+0,-8.30165863E-1,
427.00,-8.28496158E-1,8.26750040E-1,
428.00,0.00000000E+0,2.47580433E+0,
429.00,8.22353184E-1,0.00000000E+0,
430.00,5.78002167E+0,-8.27618062E-1,
431.00,8.24748933E-1,1.65370905E+0,
432.00,0.00000000E+0,8.29793990E-1,
433.00,-8.25641990E-1,3.32079458E+0,
434.00,0.00000000E+0,0.00000000E+0,
435.00,-8.24820220E-1,-8.25352073E-1,
436.00,0.00000000E+0,4.97196388E+0,
437.00,8.30440342E-1,2.48296595E+0,
438.00,7.47682047E+0,1.25468054E+1,
439.00,2.18733540E+1,3.52820091E+1,
440.00,4.87217712E+1,8.40732269E+1,
441.00,9.76068878E+1,1.82647171E+2,
442.00,1.68596115E+2,3.55461853E+2,
443.00,7.03194580E+2,1.19094666E+3,
444.00,2.26154063E+4,3.79391914E+4,
445.00,5.38444688E+4,8.93943750E+4,
446.00,5.80404375E+4,9.57432813E+4,
447.00,2.80488418E+4,4.57212969E+4,
448.00,2.32280444E+3,3.68334790E+3,
449.00,2.55095428E+2,3.70568909E+2,
450.00,1.33443878E+2,2.45358688E+2,
451.00,1.01387512E+2,1.39446243E+2,
452.00,4.68162346E+1,1.11923355E+2,
453.00,2.37161922E+1,6.39994392E+1,
454.00,1.97117596E+1,2.17570839E+1,
455.00,1.17293663E+1,1.37466850E+1,
456.00,2.91865849E+0,1.75373306E+1,
457.00,7.69970989E+0,3.86643577E+0,
458.00,9.53003788E+0,1.24190493E+1,
459.00,6.57215786E+0,1.04492083E+1,
460.00,6.53729868E+0,1.49015913E+1,
461.00,5.54201555E+0,1.38036728E+1,
462.00,9.12248611E+0,1.72846069E+1,
463.00,4.52046967E+0,1.17218275E+1,
464.00,1.25049028E+1,1.69580097E+1,
465.00,1.06907845E+1,1.68682537E+1,
466.00,1.14963608E+1,1.32616491E+1,
467.00,1.23576088E+1,1.58464098E+1,
468.00,1.13803520E+1,1.49577456E+1,
469.00,1.22008333E+1,1.13648014E+1,
470.00,1.21720438E+1,2.08966045E+1,
471.00,9.56959248E+0,1.74467831E+1,
472.00,1.13750286E+1,2.00452442E+1,
473.00,1.55628214E+1,2.17285519E+1,
474.00,7.85296011E+0,1.48587132E+1,
475.00,1.31389227E+1,2.18823071E+1,
476.00,8.76143742E+0,1.31784067E+1,
477.00,2.02469006E+1,1.94840698E+1,
478.00,1.58890247E+1,1.49998331E+1,
479.00,2.03193855E+1,2.29587460E+1,
480.00,9.73793125E+0,1.77579460E+1,
481.00,1.15765858E+1,1.34222841E+1,
482.00,1.16860323E+1,2.15792866E+1,
483.00,9.93050575E+0,2.08002586E+1,
484.00,2.72435260E+0,2.91526146E+1,
485.00,1.36873493E+1,2.10313129E+1,
486.00,1.20087538E+1,2.66774673E+1,
487.00,1.38743048E+1,2.03998623E+1,
488.00,1.40427113E+1,1.97357616E+1,
489.00,1.98628750E+1,3.29708710E+1,
490.00,6.64195395E+0,1.89963436E+1,
491.00,7.62211037E+0,3.16423969E+1,
492.00,9.61412334E+0,2.99650688E+1,
493.00,1.74915771E+1,2.43088665E+1,
494.00,1.76954651E+1,2.15372868E+1,
495.00,1.76960697E+1,2.47082405E+1,
496.00,1.38417654E+1,3.37775459E+1,
497.00,1.79054813E+1,2.41118412E+1,
498.00,1.71470604E+1,2.32528057E+1,
499.00,1.72809258E+1,2.52902966E+1,
500.00,1.12960663E+1,2.66895542E+1,
501.00,2.37765903E+1,2.68488655E+1,
502.00,1.14451094E+1,2.58494568E+1,
503.00,1.25838375E+1,2.81455364E+1,
504.00,9.47019386E+0,1.79660206E+1,
505.00,1.26888638E+1,2.12187176E+1,
506.00,1.28523197E+1,2.56337566E+1,
507.00,8.59334087E+0,2.90592232E+1,
508.00,8.70307255E+0,2.28632698E+1,
509.00,1.86870670E+1,1.53819418E+1,
510.00,9.94969463E+0,2.10492916E+1,
511.00,1.44942236E+1,2.00620346E+1,
512.00,1.23297386E+1,2.69474010E+1,
513.00,1.93167725E+1,3.29764900E+1,
514.00,2.50737934E+1,3.06947899E+1,
515.00,1.49658852E+1,2.29966640E+1,
516.00,1.74915447E+1,2.21642666E+1,
517.00,1.63742657E+1,1.75923748E+1,
518.00,1.64026852E+1,1.17697897E+1,
519.00,1.30693073E+1,2.85646992E+1,
520.00,1.08216009E+1,2.86624107E+1,
521.00,1.20464697E+1,2.05907784E+1,
522.00,7.36486149E+0,2.56785145E+1,
523.00,1.72204285E+1,1.60582523E+1,
524.00,8.66854954E+0,1.73578796E+1,
525.00,1.24549551E+1,1.87188873E+1,
526.00,1.50612841E+1,1.88559189E+1,
527.00,2.17133350E+1,2.90966034E+1,
528.00,1.28143148E+1,2.29447594E+1,
529.00,1.02594566E+1,1.93973789E+1,
530.00,6.46860123E+0,1.43166180E+1,
531.00,7.87884045E+0,1.71121216E+1,
532.00,1.33055048E+1,1.72239685E+1,
533.00,1.47222652E+1,1.73417416E+1,
534.00,1.88088875E+1,2.28606129E+1,
535.00,1.90221634E+1,2.03722973E+1,
536.00,8.21735573E+0,3.01637077E+1,
537.00,1.93320580E+1,2.35225773E+1,
538.00,1.80774937E+1,2.64592628E+1,
539.00,1.68777561E+1,2.37804642E+1,
540.00,1.13815565E+1,1.56338043E+1,
541.00,1.86244831E+1,1.28760509E+1,
542.00,7.20086098E+0,1.72913685E+1,
543.00,1.74694576E+1,2.48729725E+1,
544.00,8.79674911E+0,1.76069336E+1,
545.00,1.33109875E+1,2.07388401E+1,
546.00,1.48623857E+1,2.39708290E+1,
547.00,1.51040077E+1,1.50998592E+1,
548.00,1.06345844E+1,2.28339672E+1,
549.00,1.07532949E+1,1.99326839E+1,
550.00,1.23759232E+1,1.39858809E+1,
551.00,1.55807714E+1,1.58084812E+1,
552.00,1.10194035E+1,1.57828856E+1,
553.00,1.58726466E+0,2.23819160E+1,
554.00,1.28581295E+1,1.61021671E+1,
555.00,1.45205584E+1,9.75030231E+0,
556.00,9.80310345E+0,1.63324432E+1,
557.00,6.57314539E+0,9.90377426E+0,
558.00,1.33458471E+1,2.33989677E+1,
559.00,1.01082659E+1,1.01353550E+1,
560.00,5.10270405E+0,2.22023811E+1,
561.00,1.88257351E+1,8.59659195E+0,
562.00,8.62533474E+0,1.21919174E+1,
563.00,5.26125765E+0,1.05528526E+1,
564.00,8.83564472E+0,1.77447593E+0,
565.00,1.78222313E+1,7.14992619E+0,
566.00,1.08108988E+1,9.03418636E+0,
567.00,3.63452244E+0,9.11704063E+0,
568.00,1.83678265E+1,1.28266230E+1,
569.00,5.57367420E+0,7.47166061E+0,
570.00,1.13072004E+1,1.50416622E+1,
571.00,3.78066063E+0,2.10190907E+1,
572.00,7.66546679E+0,7.67945671E+0,
573.00,0.00000000E+0,3.86984992E+0,
574.00,1.94810772E+0,1.17863846E+1,
575.00,7.91223145E+0,1.78373222E+1,
576.00,3.99341130E+0,1.19949188E+1,
577.00,1.61982365E+1,8.13036728E+0,
578.00,8.17325974E+0,1.42912760E+1,
579.00,8.25163651E+0,8.25390434E+0,
580.00,0.00000000E+0,6.26589870E+0,
581.00,6.31984568E+0,1.27052517E+1,
582.00,6.37811565E+0,8.52427197E+0,
583.00,1.07519598E+1,1.07819767E+1,
584.00,6.51643467E+0,1.09270363E+1,
585.00,6.55053234E+0,1.10059366E+1,
586.00,1.11089497E+1,2.22697759E+0,
587.00,8.97157097E+0,1.79947605E+1,
588.00,0.00000000E+0,1.35043488E+1,
589.00,9.13898277E+0,9.10214329E+0,
590.00,2.31667614E+0,1.38582315E+1,
591.00,4.64680815E+0,9.36912441E+0,
592.00,7.06962204E+0,0.00000000E+0,
593.00,9.54123116E+0,2.39458394E+0,
594.00,-2.41384411E+0,1.69310017E+1,
595.00,2.43219352E+0,2.67279453E+1,
596.00,0.00000000E+0,9.80982208E+0,
597.00,7.44381618E+0,-4.96667910E+0,
598.00,0.00000000E+0,1.25124788E+1,
599.00,7.64511585E+0,7.63617706E+0,
600.00,2.57656002E+0,5.16596985E+0,
601.00,5.20049143E+0,5.19834900E+0,
602.00,7.90388823E+0,7.86745739E+0,
603.00,-2.65751839E+0,5.29805088E+0,
604.00,5.37684774E+0,5.36842680E+0,
605.00,0.00000000E+0,1.63024254E+1,
606.00,1.09769058E+1,2.75867653E+0,
607.00,0.00000000E+0,5.56790543E+0,
608.00,2.83924174E+0,2.54877777E+1,
609.00,0.00000000E+0,-2.84920025E+0,
610.00,0.00000000E+0,-2.88573313E+0,
611.00,2.92200065E+0,8.79519463E+0,
612.00,2.97055268E+0,0.00000000E+0,
613.00,5.99347448E+0,2.99219656E+0,
614.00,3.03224707E+0,0.00000000E+0,
615.00,3.07920432E+0,6.14768314E+0,
616.00,3.10920095E+0,-3.11339569E+0,
617.00,0.00000000E+0,0.00000000E+0,
618.00,0.00000000E+0,1.59802217E+1,
619.00,0.00000000E+0,3.24826264E+0,
620.00,6.58321238E+0,9.84860611E+0,
621.00,0.00000000E+0,9.99554348E+0,
622.00,6.77916193E+0,1.01829138E+1,
623.00,3.43699670E+0,1.37185555E+1,
624.00,6.96325827E+0,6.99665976E+0,
625.00,3.54402208E+0,-7.10995293E+0,
626.00,0.00000000E+0,3.58846307E+0,
627.00,7.26587248E+0,-3.64486647E+0,
628.00,0.00000000E+0,-3.70253372E+0,
629.00,0.00000000E+0,7.49518633E+0,
630.00,0.00000000E+0,-3.79987812E+0,
631.00,0.00000000E+0,3.85587788E+0,
632.00,0.00000000E+0,3.91783047E+0,
633.00,-3.98390222E+0,1.99466286E+1,
634.00,4.04877472E+0,8.13392258E+0,
635.00,8.22941875E+0,-4.11434650E+0,
636.00,4.20003700E+0,0.00000000E+0,
637.00,-4.23984098E+0,8.54009914E+0,
638.00,8.61219120E+0,-8.70458412E+0,
639.00,4.36688900E+0,0.00000000E+0,
640.00,4.47979498E+0,4.47044230E+0,
641.00,4.52785587E+0,9.11584663E+0,
642.00,4.62324333E+0,0.00000000E+0,
643.00,0.00000000E+0,0.00000000E+0,
644.00,1.43265514E+1,0.00000000E+0,
645.00,9.75017262E+0,4.82845545E+0,
646.00,9.92443562E+0,9.85867405E+0,
647.00,0.00000000E+0,-1.00919971E+1,
648.00,0.00000000E+0,-5.15898466E+0,
649.00,0.00000000E+0,-5.25967598E+0,
650.00,5.30773258E+0,-5.33226824E+0,
651.00,0.00000000E+0,-5.40238619E+0,
652.00,0.00000000E+0,2.76311512E+1,
653.00,1.12491379E+1,1.12727489E+1,
654.00,0.00000000E+0,5.73876715E+0,
655.00,5.83607483E+0,5.85592699E+0,
656.00,0.00000000E+0,-5.97172499E+0,
657.00,6.09802580E+0,-6.08657694E+0,
658.00,6.20287895E+0,6.22919703E+0,
659.00,0.00000000E+0,-1.27009640E+1,
660.00,0.00000000E+0,-1.30395861E+1,
661.00,2.65448418E+1,-6.69352627E+0,
662.00,2.04640675E+1,-6.86088943E+0,
663.00,1.40478897E+1,-7.02997398E+0,
664.00,0.00000000E+0,7.28480005E+0,
665.00,0.00000000E+0,-1.51100950E+1,
666.00,-7.81052399E+0,0.00000000E+0,
667.00,7.95039225E+0,-1.59280510E+1,
668.00,-8.08159447E+0,8.10572720E+0,
669.00,3.26068001E+1,0.00000000E+0,
670.00,8.22201252E+0,0.00000000E+0,
671.00,-8.20881081E+0,-8.20519638E+0,
672.00,1.63584175E+1,-8.19811440E+0,
673.00,1.64793053E+1,-1.65436840E+1,
674.00,1.65832787E+1,-1.65233040E+1,
675.00,1.65749130E+1,8.29272461E+0,
676.00,5.00518341E+1,-1.67053947E+1,
677.00,3.37047234E+1,8.38072681E+0,
678.00,8.36298084E+0,-8.44337368E+0,
679.00,8.41485882E+0,0.00000000E+0,
680.00,3.45385666E+1,-1.72530422E+1,
681.00,2.60270214E+1,-1.73574715E+1,
682.00,2.59868050E+1,-8.75555897E+0,
683.00,3.49661636E+1,-8.83845234E+0,
684.00,3.52000656E+1,0.00000000E+0,
685.00,5.34019928E+1,0.00000000E+0,
686.00,8.01411209E+1,8.95785522E+0,
687.00,2.69438534E+1,-1.81502018E+1,
688.00,3.63020363E+1,-9.12809277E+0,
689.00,2.75323105E+1,9.19760323E+0,
690.00,9.19562912E+1,-1.86196117E+1,
691.00,9.31959763E+1,0.00000000E+0,
692.00,1.03510208E+2,0.00000000E+0,
693.00,3.83208084E+1,-1.91848621E+1,
694.00,5.80382919E+1,-1.93893757E+1,
695.00,5.84472427E+1,-1.95850410E+1,
696.00,1.08480377E+2,-1.98847580E+1,
697.00,4.02109833E+1,-2.01386299E+1,
698.00,6.10212822E+1,-2.03424187E+1,
699.00,8.26041336E+1,-1.03388882E+1,
700.00,1.25357971E+2,-2.09333172E+1,
701.00,1.26900085E+2,-1.06330347E+1,
702.00,8.58391495E+1,-1.08143034E+1,
703.00,6.57721329E+1,-1.08983507E+1,
704.00,5.54896736E+1,0.00000000E+0,
705.00,1.45976913E+2,-2.25355434E+1,
706.00,1.48106949E+2,-2.28189163E+1,
707.00,1.62040497E+2,-2.31958294E+1,
708.00,2.47725494E+2,-2.35942917E+1,
709.00,1.55958298E+2,-1.19748039E+1,
710.00,1.45883133E+2,-1.21861477E+1,
711.00,1.97016983E+2,-2.48080044E+1,
712.00,1.37689682E+2,-1.25587416E+1,
713.00,1.79011063E+2,-1.27989140E+1,
714.00,1.55285309E+2,0.00000000E+0,
715.00,1.97676788E+2,-2.63780098E+1,
716.00,2.14136703E+2,-2.68927631E+1,
717.00,2.04627441E+2,-2.74124241E+1,
718.00,1.39848663E+2,1.39573441E+1,
719.00,1.42109818E+2,-2.84609756E+1,
720.00,1.87033981E+2,-1.44787092E+1,
721.00,1.91118225E+2,-2.93629246E+1,
722.00,1.64396896E+2,-1.50017900E+1,
723.00,1.37591141E+2,-1.53076830E+1,
724.00,2.03759644E+2,-1.55579996E+1,
725.00,1.74937012E+2,-1.58398485E+1,
726.00,3.07656006E+2,0.00000000E+0,
727.00,2.64020538E+2,-3.29551010E+1,
728.00,2.52323715E+2,-3.35674973E+1,
729.00,3.25435730E+2,-3.42815704E+1,
730.00,2.96078827E+2,-1.73826199E+1,
731.00,1.07000336E+2,-3.55938492E+1,
732.00,2.17157486E+2,1.82186260E+1,
733.00,3.69905243E+2,-3.72515945E+1,
734.00,3.97530884E+2,-1.90061779E+1,
735.00,3.28877960E+2,-1.93518410E+1,
736.00,3.93878082E+2,-3.94542732E+1,
737.00,2.59975342E+2,-4.02128754E+1,
738.00,2.24939423E+2,-2.04802227E+1,
739.00,3.14442017E+2,-4.19786949E+1,
740.00,3.65422333E+2,0.00000000E+0,
741.00,2.62379456E+2,-4.35690880E+1,
742.00,1.78209610E+2,-2.23048134E+1,
743.00,2.27236542E+2,-2.28622990E+1,
744.00,2.78748383E+2,-4.66925697E+1,
745.00,4.02313751E+2,-4.73518410E+1,
746.00,5.08035095E+2,-4.83096733E+1,
747.00,3.22394592E+2,0.00000000E+0,
748.00,2.01469604E+2,-2.53548317E+1,
749.00,3.08800446E+2,0.00000000E+0,
750.00,3.93190247E+2,5.29068565E+1,
751.00,2.68523041E+2,-5.39124146E+1,
752.00,2.47113510E+2,-5.53577499E+1,
753.00,2.79750153E+2,-5.62472382E+1,
754.00,1.99865875E+2,-2.86631508E+1,
755.00,3.82923584E+2,-5.89327087E+1,
756.00,2.39234940E+2,-6.02549324E+1,
757.00,3.06555969E+2,-6.15548553E+1,
758.00,3.14138611E+2,-3.12144909E+1,
759.00,1.93000916E+2,0.00000000E+0,
760.00,3.60789520E+2,-6.58889236E+1,
761.00,3.68084869E+2,-6.71115036E+1,
762.00,3.79662720E+2,-6.87590790E+1,
763.00,3.51655914E+2,-3.52416534E+1,
764.00,4.28751923E+2,0.00000000E+0,
765.00,2.56638214E+2,-7.33021927E+1,
766.00,2.98543762E+2,-7.52316132E+1,
767.00,2.68569366E+2,-7.66099777E+1,
768.00,2.33602829E+2,-7.81758118E+1,
769.00,5.17398987E+2,-7.95392227E+1,
770.00,4.47094818E+2,-8.17645645E+1,
771.00,0.00000000E+0,-8.36405792E+1,
772.00,2.54704453E+2,4.26711655E+1,
773.00,3.93093689E+2,-4.36128044E+1,
774.00,1.33223267E+2,-4.46893654E+1,
775.00,1.81554245E+2,-9.13895645E+1,
776.00,2.78969086E+2,-9.32745590E+1,
777.00,3.31998016E+2,0.00000000E+0,
778.00,3.39442657E+2,-9.75437698E+1,
779.00,4.46142822E+2,1.99272339E+2,
780.00,2.53146896E+2,0.00000000E+0,
781.00,3.10254120E+2,-1.03850197E+2,
782.00,2.12077454E+2,-5.31391258E+1,
783.00,2.70188782E+2,-5.44215431E+1,
784.00,3.29872192E+2,-5.55320778E+1,
785.00,3.38851196E+2,-1.12912857E+2,
786.00,2.89323212E+2,-5.78578300E+1,
787.00,4.10569519E+2,-5.88553619E+1,
788.00,3.60756683E+2,-1.21151611E+2,
789.00,3.69744049E+2,-6.17329178E+1,
790.00,4.40554810E+2,-6.31564980E+1,
791.00,3.87935944E+2,-1.29069321E+2,
792.00,4.60612671E+2,0.00000000E+0,
793.00,1.33992722E+2,-6.69138184E+1,
794.00,4.76840149E+2,-1.36878220E+2,
795.00,4.17198425E+2,-1.40243240E+2,
796.00,1.41571030E+2,-1.42808792E+2,
797.00,2.90054199E+2,-7.28033295E+1,
798.00,2.22671524E+2,-1.48162766E+2,
799.00,3.02096130E+2,-1.52180252E+2,
800.00,2.31778580E+2,-7.76212463E+1,
801.00,3.14234314E+2,-1.58206146E+2,
802.00,8.02432098E+1,-8.07094498E+1,
803.00,8.19805527E+1,-1.64012436E+2,
804.00,5.01154022E+2,-1.67786011E+2,
805.00,2.55395782E+2,-1.70375290E+2,
806.00,3.47609467E+2,-8.74945984E+1,
807.00,3.56456024E+2,-8.90616760E+1,
808.00,1.81864517E+2,0.00000000E+0,
809.00,4.62576416E+2,-1.85665237E+2,
810.00,5.68167358E+2,0.00000000E+0,
811.00,7.72058228E+2,-9.72780762E+1,
812.00,7.89591858E+2,-9.99388351E+1,
813.00,5.07393280E+2,-2.04432312E+2,
814.00,4.19608215E+2,-1.05005005E+2,
815.00,2.14778488E+2,-1.07968819E+2,
816.00,1.10857864E+2,-2.21852600E+2,
817.00,1.14020508E+2,-2.27838226E+2,
818.00,4.72609589E+2,-2.35820450E+2,
819.00,7.32020203E+2,-1.21192947E+2,
820.00,2.50831573E+2,1.25932518E+2,
821.00,7.83742798E+2,-2.62248505E+2,
822.00,6.80550049E+2,-2.71514374E+2,
823.00,8.51623291E+2,0.00000000E+0,
824.00,-1.48093109E+2,-1.48395996E+2,
825.00,9.33198486E+2,-3.10402649E+2,
826.00,1.63947952E+2,-3.28672974E+2,
827.00,-1.72909119E+2,-3.45787842E+2,
828.00,0.00000000E+0,-1.84289078E+2,
829.00,3.90542542E+2,-3.92452637E+2,
830.00,6.25049316E+2,-2.09099091E+2,
831.00,2.23024612E+2,-4.49030945E+2,
832.00,0.00000000E+0,-4.80651031E+2,
833.00,-2.57119324E+2,-5.14770874E+2,
834.00,2.77438080E+2,-5.55891296E+2,
835.00,0.00000000E+0,-6.00240906E+2,
836.00,9.78022461E+2,-6.50900513E+2,
837.00,-3.53595734E+2,-7.04525940E+2,
838.00,3.84172546E+2,0.00000000E+0,
839.00,4.18691467E+2,-4.18515320E+2,
840.00,0.00000000E+0,0.00000000E+0,
841.00,-5.00481079E+2,-5.00016052E+2,
842.00,0.00000000E+0,-5.47896912E+2,
843.00,-6.02701050E+2,-5.99945374E+2,
844.00,-6.62870544E+2,-6.60902649E+2,
845.00,1.45898828E+3,-1.45037732E+3,
846.00,-8.00274536E+2,0.00000000E+0,
847.00,-8.83745972E+2,-1.76763037E+3,
848.00,-9.74893188E+2,-1.95051111E+3,
849.00,-1.07397803E+3,-2.14871143E+3,
850.00,-1.19001611E+3,-1.18385303E+3,
