0.01cr-3%LIF-46.29%
  QY = 46.29%
Labels,EmScan26,kongbai(Multi Scans),
Type,Emission Scan,Emission Scan,
Comment,,,
Start,425.00,425.00,
Stop,850.00,850.00,
Step,1.00,1.00,
Fixed/Offset,445.00,445.00,
Xaxis,Wavelength,Wavelength,
Yaxis,Counts,Counts,
Scan Corr. by File,True,True,
Corr. by Ref. Det.,True,True,
Fixed/Offset Corr. by File,False,False,
Repeats,1,1,
Dwell Time,0.10,0.10,
Lamp,Xenon,Xenon,
Temp,29.80,28.80,
Scan Polariser,None,None,
Scan Slit,0.19999765,0.19999765,
Fixed/Offset Polariser,None,None,
Fixed/Offset Slit,2.4000206,2.4000206,
Detector,Det 1,Det 1,

425.00,1.65562141E+0,-8.31457138E-1,
426.00,0.00000000E+0,-8.30165863E-1,
427.00,0.00000000E+0,8.26750040E-1,
428.00,8.21219623E-1,2.47580433E+0,
429.00,-8.21983576E-1,0.00000000E+0,
430.00,-8.20027530E-1,-8.27618062E-1,
431.00,-1.63933468E+0,1.65370905E+0,
432.00,0.00000000E+0,8.29793990E-1,
433.00,8.28576505E-1,3.32079458E+0,
434.00,8.24486494E-1,0.00000000E+0,
435.00,-8.29916775E-1,-8.25352073E-1,
436.00,-8.31456602E-1,4.97196388E+0,
437.00,4.95735312E+0,2.48296595E+0,
438.00,2.49427152E+0,1.25468054E+1,
439.00,2.09972916E+1,3.52820091E+1,
440.00,5.14566879E+1,8.40732269E+1,
441.00,1.02254433E+2,1.82647171E+2,
442.00,1.94076767E+2,3.55461853E+2,
443.00,6.43113342E+2,1.19094666E+3,
444.00,2.20263008E+4,3.79391914E+4,
445.00,5.27248711E+4,8.93943750E+4,
446.00,5.74987188E+4,9.57432813E+4,
447.00,2.77556211E+4,4.57212969E+4,
448.00,2.28381299E+3,3.68334790E+3,
449.00,2.28371338E+2,3.70568909E+2,
450.00,1.24645950E+2,2.45358688E+2,
451.00,9.29954529E+1,1.39446243E+2,
452.00,5.86083260E+1,1.11923355E+2,
453.00,2.48156624E+1,6.39994392E+1,
454.00,2.47754230E+1,2.17570839E+1,
455.00,6.90653753E+0,1.37466850E+1,
456.00,3.89985752E+0,1.75373306E+1,
457.00,9.67691243E-1,3.86643577E+0,
458.00,1.05221462E+1,1.24190493E+1,
459.00,6.59324121E+0,1.04492083E+1,
460.00,3.72926712E+0,1.49015913E+1,
461.00,6.40599585E+0,1.38036728E+1,
462.00,1.00077581E+1,1.72846069E+1,
463.00,8.12393475E+0,1.17218275E+1,
464.00,9.86472321E+0,1.69580097E+1,
465.00,6.21206570E+0,1.68682537E+1,
466.00,8.80130577E+0,1.32616491E+1,
467.00,6.14073753E+0,1.58464098E+1,
468.00,8.73939323E+0,1.49577456E+1,
469.00,5.25653553E+0,1.13648014E+1,
470.00,8.69976139E+0,2.08966045E+1,
471.00,5.24568176E+0,1.74467831E+1,
472.00,1.56376963E+1,2.00452442E+1,
473.00,9.59716892E+0,2.17285519E+1,
474.00,1.04063482E+1,1.48587132E+1,
475.00,1.21833391E+1,2.18823071E+1,
476.00,1.49706478E+1,1.31784067E+1,
477.00,1.14467058E+1,1.94840698E+1,
478.00,1.14516163E+1,1.49998331E+1,
479.00,1.59429417E+1,2.29587460E+1,
480.00,1.41710329E+1,1.77579460E+1,
481.00,1.51928596E+1,1.34222841E+1,
482.00,9.87240887E+0,2.15792866E+1,
483.00,9.88277626E+0,2.08002586E+1,
484.00,1.26602926E+1,2.91526146E+1,
485.00,1.54895935E+1,2.10313129E+1,
486.00,1.28520832E+1,2.66774673E+1,
487.00,1.94630527E+1,2.03998623E+1,
488.00,1.68489380E+1,1.97357616E+1,
489.00,1.22010288E+1,3.29708710E+1,
490.00,1.32779312E+1,1.89963436E+1,
491.00,1.44147377E+1,3.16423969E+1,
492.00,1.83960419E+1,2.99650688E+1,
493.00,1.74662418E+1,2.43088665E+1,
494.00,6.82908249E+0,2.15372868E+1,
495.00,1.08456316E+1,2.47082405E+1,
496.00,1.48909092E+1,3.37775459E+1,
497.00,8.96760178E+0,2.41118412E+1,
498.00,1.00846272E+1,2.32528057E+1,
499.00,8.10682678E+0,2.52902966E+1,
500.00,1.83467846E+1,2.66895542E+1,
501.00,7.22053242E+0,2.68488655E+1,
502.00,1.65923767E+1,2.58494568E+1,
503.00,1.67041187E+1,2.81455364E+1,
504.00,8.39364052E+0,1.79660206E+1,
505.00,1.27429581E+1,2.12187176E+1,
506.00,8.55671883E+0,2.56337566E+1,
507.00,1.39588671E+1,2.90592232E+1,
508.00,1.40802469E+1,2.28632698E+1,
509.00,4.39125967E+0,1.53819418E+1,
510.00,1.32678204E+1,2.10492916E+1,
511.00,3.32505131E+0,2.00620346E+1,
512.00,1.34866571E+1,2.69474010E+1,
513.00,4.51604557E+0,3.29764900E+1,
514.00,1.48131399E+1,3.06947899E+1,
515.00,1.14976549E+1,2.29966640E+1,
516.00,1.85367508E+1,2.21642666E+1,
517.00,1.98709469E+1,1.75923748E+1,
518.00,1.89159546E+1,1.17697897E+1,
519.00,2.12836857E+1,2.85646992E+1,
520.00,1.67380638E+1,2.86624107E+1,
521.00,1.32559128E+1,2.05907784E+1,
522.00,3.64399028E+0,2.56785145E+1,
523.00,4.90628481E+0,1.60582523E+1,
524.00,8.63457298E+0,1.73578796E+1,
525.00,9.91477299E+0,1.87188873E+1,
526.00,1.88126240E+1,1.88559189E+1,
527.00,1.77623692E+1,2.90966034E+1,
528.00,1.27863121E+1,2.29447594E+1,
529.00,1.41499243E+1,1.93973789E+1,
530.00,1.55146599E+1,1.43166180E+1,
531.00,1.97381554E+1,1.71121216E+1,
532.00,6.57361984E+0,1.72239685E+1,
533.00,2.26494694E+1,1.73417416E+1,
534.00,1.07347031E+1,2.28606129E+1,
535.00,1.08529892E+1,2.03722973E+1,
536.00,9.60065269E+0,3.01637077E+1,
537.00,1.78582859E+1,2.35225773E+1,
538.00,8.33897114E+0,2.64592628E+1,
539.00,9.81493473E+0,2.37804642E+1,
540.00,8.47457981E+0,1.56338043E+1,
541.00,1.13843393E+1,1.28760509E+1,
542.00,8.65101719E+0,1.72913685E+1,
543.00,5.80954409E+0,2.48729725E+1,
544.00,1.60776672E+1,1.76069336E+1,
545.00,1.03524837E+1,2.07388401E+1,
546.00,4.47191477E+0,2.39708290E+1,
547.00,1.21063738E+1,1.50998592E+1,
548.00,6.07619190E+0,2.28339672E+1,
549.00,4.60295868E+0,1.99326839E+1,
550.00,9.28985214E+0,1.39858809E+1,
551.00,1.08900566E+1,1.58084812E+1,
552.00,3.16190624E+0,1.57828856E+1,
553.00,3.18741584E+0,2.23819160E+1,
554.00,6.42988396E+0,1.61021671E+1,
555.00,8.11839962E+0,9.75030231E+0,
556.00,1.14197683E+1,1.63324432E+1,
557.00,1.65979786E+1,9.90377426E+0,
558.00,8.31397820E+0,2.33989677E+1,
559.00,1.85510712E+1,1.01353550E+1,
560.00,1.19272165E+1,2.22023811E+1,
561.00,1.19394531E+1,8.59659195E+0,
562.00,1.21661787E+1,1.21919174E+1,
563.00,8.76747227E+0,1.05528526E+1,
564.00,8.83115005E+0,1.77447593E+0,
565.00,3.57748795E+0,7.14992619E+0,
566.00,1.81161861E+1,9.03418636E+0,
567.00,1.27588530E+1,9.11704063E+0,
568.00,9.18122005E+0,1.28266230E+1,
569.00,1.11664848E+1,7.47166061E+0,
570.00,1.69039631E+1,1.50416622E+1,
571.00,9.44980717E+0,2.10190907E+1,
572.00,3.83232045E+0,7.67945671E+0,
573.00,-1.93331623E+0,3.86984992E+0,
574.00,5.85551977E+0,1.17863846E+1,
575.00,1.98137975E+0,1.78373222E+1,
576.00,2.00241280E+0,1.19949188E+1,
577.00,4.01295185E+0,8.13036728E+0,
578.00,6.08970070E+0,1.42912760E+1,
579.00,2.05530524E+0,8.25390434E+0,
580.00,6.22701788E+0,6.26589870E+0,
581.00,8.38655853E+0,1.27052517E+1,
582.00,4.24032593E+0,8.52427197E+0,
583.00,6.45117569E+0,1.07819767E+1,
584.00,1.51425142E+1,1.09270363E+1,
585.00,8.76594734E+0,1.10059366E+1,
586.00,2.20329595E+0,2.22697759E+0,
587.00,4.46372938E+0,1.79947605E+1,
588.00,0.00000000E+0,1.35043488E+1,
589.00,2.27620244E+0,9.10214329E+0,
590.00,2.30825734E+0,1.38582315E+1,
591.00,4.67362118E+0,9.36912441E+0,
592.00,2.36429644E+0,0.00000000E+0,
593.00,9.49800968E+0,2.39458394E+0,
594.00,2.41738200E+0,1.69310017E+1,
595.00,7.29936886E+0,2.67279453E+1,
596.00,7.36464024E+0,9.80982208E+0,
597.00,2.47315884E+0,-4.96667910E+0,
598.00,1.49985628E+1,1.25124788E+1,
599.00,5.06134701E+0,7.63617706E+0,
600.00,0.00000000E+0,5.16596985E+0,
601.00,7.78004837E+0,5.19834900E+0,
602.00,2.63183522E+0,7.86745739E+0,
603.00,7.92507935E+0,5.29805088E+0,
604.00,-5.34847927E+0,5.36842680E+0,
605.00,5.45347548E+0,1.63024254E+1,
606.00,0.00000000E+0,2.75867653E+0,
607.00,0.00000000E+0,5.56790543E+0,
608.00,-2.81749892E+0,2.54877777E+1,
609.00,5.68399620E+0,-2.84920025E+0,
610.00,-5.75861216E+0,-2.88573313E+0,
611.00,-2.92446327E+0,8.79519463E+0,
612.00,-2.95854282E+0,0.00000000E+0,
613.00,-2.99855709E+0,2.99219656E+0,
614.00,3.02946210E+0,0.00000000E+0,
615.00,-3.08098626E+0,6.14768314E+0,
616.00,3.13038039E+0,-3.11339569E+0,
617.00,3.16508102E+0,0.00000000E+0,
618.00,0.00000000E+0,1.59802217E+1,
619.00,6.46601629E+0,3.24826264E+0,
620.00,-3.29912806E+0,9.84860611E+0,
621.00,-3.34383678E+0,9.99554348E+0,
622.00,3.38978028E+0,1.01829138E+1,
623.00,0.00000000E+0,1.37185555E+1,
624.00,0.00000000E+0,6.99665976E+0,
625.00,1.06295633E+1,-7.10995293E+0,
626.00,-3.59381175E+0,3.58846307E+0,
627.00,3.63656044E+0,-3.64486647E+0,
628.00,1.11372223E+1,-3.70253372E+0,
629.00,0.00000000E+0,7.49518633E+0,
630.00,-3.81374979E+0,-3.79987812E+0,
631.00,7.73752975E+0,3.85587788E+0,
632.00,3.91381526E+0,3.91783047E+0,
633.00,-4.00686646E+0,1.99466286E+1,
634.00,4.06696129E+0,8.13392258E+0,
635.00,-8.18693733E+0,-4.11434650E+0,
636.00,0.00000000E+0,0.00000000E+0,
637.00,0.00000000E+0,8.54009914E+0,
638.00,-4.32828474E+0,-8.70458412E+0,
639.00,0.00000000E+0,0.00000000E+0,
640.00,-4.46221972E+0,4.47044230E+0,
641.00,4.53298712E+0,9.11584663E+0,
642.00,-4.62977648E+0,0.00000000E+0,
643.00,9.43505001E+0,0.00000000E+0,
644.00,-9.51683903E+0,0.00000000E+0,
645.00,1.94148941E+1,4.82845545E+0,
646.00,4.94996309E+0,9.85867405E+0,
647.00,-1.01035938E+1,-1.00919971E+1,
648.00,0.00000000E+0,-5.15898466E+0,
649.00,0.00000000E+0,-5.25967598E+0,
650.00,5.30529642E+0,-5.33226824E+0,
651.00,-5.41746140E+0,-5.40238619E+0,
652.00,1.10161810E+1,2.76311512E+1,
653.00,0.00000000E+0,1.12727489E+1,
654.00,-1.15201941E+1,5.73876715E+0,
655.00,0.00000000E+0,5.85592699E+0,
656.00,1.18714676E+1,-5.97172499E+0,
657.00,-6.07873058E+0,-6.08657694E+0,
658.00,-6.23524570E+0,6.22919703E+0,
659.00,1.27309523E+1,-1.27009640E+1,
660.00,6.52644968E+0,-1.30395861E+1,
661.00,-6.64540291E+0,-6.69352627E+0,
662.00,0.00000000E+0,-6.86088943E+0,
663.00,2.83761959E+1,-7.02997398E+0,
664.00,-7.25775290E+0,7.28480005E+0,
665.00,-7.52920341E+0,-1.51100950E+1,
666.00,0.00000000E+0,0.00000000E+0,
667.00,7.99835253E+0,-1.59280510E+1,
668.00,2.43272171E+1,8.10572720E+0,
669.00,0.00000000E+0,0.00000000E+0,
670.00,-8.20297813E+0,0.00000000E+0,
671.00,8.21282959E+0,-8.20519638E+0,
672.00,8.17849350E+0,-8.19811440E+0,
673.00,3.30150986E+1,-1.65436840E+1,
674.00,-1.64833469E+1,-1.65233040E+1,
675.00,2.48876648E+1,8.29272461E+0,
676.00,-8.33429337E+0,-1.67053947E+1,
677.00,2.50458908E+1,8.38072681E+0,
678.00,8.40977859E+0,-8.44337368E+0,
679.00,2.53776608E+1,0.00000000E+0,
680.00,8.61411476E+0,-1.72530422E+1,
681.00,1.73140030E+1,-1.73574715E+1,
682.00,1.74611416E+1,-8.75555897E+0,
683.00,1.75851517E+1,-8.83845234E+0,
684.00,3.53864555E+1,0.00000000E+0,
685.00,2.67151337E+1,0.00000000E+0,
686.00,4.47524605E+1,8.95785522E+0,
687.00,5.42045898E+1,-1.81502018E+1,
688.00,2.71989059E+1,-9.12809277E+0,
689.00,9.14913940E+0,9.19760323E+0,
690.00,2.78103943E+1,-1.86196117E+1,
691.00,4.68042564E+1,0.00000000E+0,
692.00,4.73071861E+1,0.00000000E+0,
693.00,2.87595024E+1,-1.91848621E+1,
694.00,8.70463638E+1,-1.93893757E+1,
695.00,5.89490547E+1,-1.95850410E+1,
696.00,1.18983917E+2,-1.98847580E+1,
697.00,3.01854382E+1,-2.01386299E+1,
698.00,1.22773773E+2,-2.03424187E+1,
699.00,9.28159790E+1,-1.03388882E+1,
700.00,1.36514618E+2,-2.09333172E+1,
701.00,6.37969551E+1,-1.06330347E+1,
702.00,1.19089828E+2,-1.08143034E+1,
703.00,3.28592453E+1,-1.08983507E+1,
704.00,1.21608521E+2,0.00000000E+0,
705.00,1.46336029E+2,-2.25355434E+1,
706.00,8.03063889E+1,-2.28189163E+1,
707.00,1.15920082E+2,-2.31958294E+1,
708.00,1.29492859E+2,-2.35942917E+1,
709.00,1.78441528E+2,-1.19748039E+1,
710.00,8.48659286E+1,-1.21861477E+1,
711.00,1.24671692E+2,-2.48080044E+1,
712.00,1.89048553E+2,-1.25587416E+1,
713.00,1.40453445E+2,-1.27989140E+1,
714.00,1.30392029E+2,0.00000000E+0,
715.00,1.45272003E+2,-2.63780098E+1,
716.00,1.74635544E+2,-2.68927631E+1,
717.00,2.06107803E+2,-2.74124241E+1,
718.00,2.09405273E+2,1.39573441E+1,
719.00,3.11006470E+2,-2.84609756E+1,
720.00,1.59229919E+2,-1.44787092E+1,
721.00,2.79920074E+2,-2.93629246E+1,
722.00,1.79995010E+2,-1.50017900E+1,
723.00,9.17364044E+1,-1.53076830E+1,
724.00,2.32302841E+2,-1.55579996E+1,
725.00,2.54528687E+2,-1.58398485E+1,
726.00,2.26585129E+2,0.00000000E+0,
727.00,2.30647339E+2,-3.29551010E+1,
728.00,2.18543472E+2,-3.35674973E+1,
729.00,1.87996002E+2,-3.42815704E+1,
730.00,2.62342529E+2,-1.73826199E+1,
731.00,2.50588577E+2,-3.55938492E+1,
732.00,3.10225037E+2,1.82186260E+1,
733.00,1.29598389E+2,-3.72515945E+1,
734.00,1.50922974E+2,-1.90061779E+1,
735.00,3.08880341E+2,-1.93518410E+1,
736.00,2.36093292E+2,-3.94542732E+1,
737.00,2.80893005E+2,-4.02128754E+1,
738.00,2.88323944E+2,-2.04802227E+1,
739.00,2.72094879E+2,-4.19786949E+1,
740.00,1.71120407E+2,0.00000000E+0,
741.00,3.05067139E+2,-4.35690880E+1,
742.00,4.01845215E+2,-2.23048134E+1,
743.00,5.00870819E+2,-2.28622990E+1,
744.00,3.71580811E+2,-4.66925697E+1,
745.00,3.78803619E+2,-4.73518410E+1,
746.00,3.87343201E+2,-4.83096733E+1,
747.00,3.46548157E+2,0.00000000E+0,
748.00,2.78749878E+2,-2.53548317E+1,
749.00,3.09256195E+2,0.00000000E+0,
750.00,3.71011292E+2,5.29068565E+1,
751.00,4.05128906E+2,-5.39124146E+1,
752.00,4.41701508E+2,-5.53577499E+1,
753.00,1.97469971E+2,-5.62472382E+1,
754.00,4.02300903E+2,-2.86631508E+1,
755.00,3.82495819E+2,-5.89327087E+1,
756.00,3.63198151E+2,-6.02549324E+1,
757.00,2.15389145E+2,-6.15548553E+1,
758.00,4.71632965E+2,-3.12144909E+1,
759.00,3.20922638E+2,0.00000000E+0,
760.00,1.97812271E+2,-6.58889236E+1,
761.00,2.68700653E+2,-6.71115036E+1,
762.00,2.05723007E+2,-6.87590790E+1,
763.00,4.57453339E+2,-3.52416534E+1,
764.00,3.56830017E+2,0.00000000E+0,
765.00,4.39378174E+2,-7.33021927E+1,
766.00,5.62935242E+2,-7.52316132E+1,
767.00,4.97642822E+2,-7.66099777E+1,
768.00,4.68917084E+2,-7.81758118E+1,
769.00,4.38497681E+2,-7.95392227E+1,
770.00,2.84506561E+2,-8.17645645E+1,
771.00,4.97681671E+2,-8.36405792E+1,
772.00,5.93342834E+2,4.26711655E+1,
773.00,3.05056244E+2,-4.36128044E+1,
774.00,4.00770050E+2,-4.46893654E+1,
775.00,4.55005722E+1,-9.13895645E+1,
776.00,3.73105560E+2,-9.32745590E+1,
777.00,6.17007996E+2,0.00000000E+0,
778.00,3.87892731E+2,-9.75437698E+1,
779.00,1.98553818E+2,1.99272339E+2,
780.00,5.06214630E+2,0.00000000E+0,
781.00,2.07441971E+2,-1.03850197E+2,
782.00,2.12152298E+2,-5.31391258E+1,
783.00,3.79855988E+2,-5.44215431E+1,
784.00,1.65822754E+2,-5.55320778E+1,
785.00,1.68673599E+2,-1.12912857E+2,
786.00,1.73520706E+2,-5.78578300E+1,
787.00,6.47231628E+2,-5.88553619E+1,
788.00,3.61850281E+2,-1.21151611E+2,
789.00,4.92326233E+2,-6.17329178E+1,
790.00,0.00000000E+0,-6.31564980E+1,
791.00,5.14654175E+2,-1.29069321E+2,
792.00,5.24930908E+2,0.00000000E+0,
793.00,2.66945313E+2,-6.69138184E+1,
794.00,7.48947632E+2,-1.36878220E+2,
795.00,4.16669800E+2,-1.40243240E+2,
796.00,3.57848114E+2,-1.42808792E+2,
797.00,3.63349487E+2,-7.28033295E+1,
798.00,0.00000000E+0,-1.48162766E+2,
799.00,1.51049545E+2,-1.52180252E+2,
800.00,3.08711700E+2,-7.76212463E+1,
801.00,0.00000000E+0,-1.58206146E+2,
802.00,0.00000000E+0,-8.07094498E+1,
803.00,7.39749146E+2,-1.64012436E+2,
804.00,1.67426056E+2,-1.67786011E+2,
805.00,4.27026917E+2,-1.70375290E+2,
806.00,3.47250458E+2,-8.74945984E+1,
807.00,7.15589050E+2,-8.90616760E+1,
808.00,1.82289429E+2,0.00000000E+0,
809.00,9.28608322E+1,-1.85665237E+2,
810.00,3.77445068E+2,0.00000000E+0,
811.00,9.67411118E+1,-9.72780762E+1,
812.00,9.96081085E+1,-9.99388351E+1,
813.00,-1.01786316E+2,-2.04432312E+2,
814.00,1.04653755E+2,-1.05005005E+2,
815.00,1.07408112E+2,-1.07968819E+2,
816.00,6.62216064E+2,-2.21852600E+2,
817.00,-1.14379639E+2,-2.27838226E+2,
818.00,-2.36193375E+2,-2.35820450E+2,
819.00,0.00000000E+0,-1.21192947E+2,
820.00,1.00513867E+3,1.25932518E+2,
821.00,5.22531006E+2,-2.62248505E+2,
822.00,-2.72548798E+2,-2.71514374E+2,
823.00,2.83654694E+2,0.00000000E+0,
824.00,0.00000000E+0,-1.48395996E+2,
825.00,-3.10984222E+2,-3.10402649E+2,
826.00,3.29327667E+2,-3.28672974E+2,
827.00,0.00000000E+0,-3.45787842E+2,
828.00,3.68552826E+2,-1.84289078E+2,
829.00,0.00000000E+0,-3.92452637E+2,
830.00,2.10296432E+2,-2.09099091E+2,
831.00,4.49044189E+2,-4.49030945E+2,
832.00,-2.39578476E+2,-4.80651031E+2,
833.00,-5.16849976E+2,-5.14770874E+2,
834.00,0.00000000E+0,-5.55891296E+2,
835.00,0.00000000E+0,-6.00240906E+2,
836.00,0.00000000E+0,-6.50900513E+2,
837.00,-3.52657990E+2,-7.04525940E+2,
838.00,-3.83838531E+2,0.00000000E+0,
839.00,-8.38277283E+2,-4.18515320E+2,
840.00,0.00000000E+0,0.00000000E+0,
841.00,-4.99527496E+2,-5.00016052E+2,
842.00,2.18916821E+3,-5.47896912E+2,
843.00,0.00000000E+0,-5.99945374E+2,
844.00,-1.32268359E+3,-6.60902649E+2,
845.00,-1.45299963E+3,-1.45037732E+3,
846.00,0.00000000E+0,0.00000000E+0,
847.00,8.82449585E+2,-1.76763037E+3,
848.00,-9.75713745E+2,-1.95051111E+3,
849.00,-2.15633594E+3,-2.14871143E+3,
850.00,-2.36351050E+3,-1.18385303E+3,
