0.01cr-100%MG-89.45
  QY = 89.45%
Labels,EmScan29,kongbai(Multi Scans),
Type,Emission Scan,Emission Scan,
Comment,,,
Start,425.00,425.00,
Stop,850.00,850.00,
Step,1.00,1.00,
Fixed/Offset,445.00,445.00,
Xaxis,Wavelength,Wavelength,
Yaxis,Counts,Counts,
Scan Corr. by File,True,True,
Corr. by Ref. Det.,True,True,
Fixed/Offset Corr. by File,False,False,
Repeats,1,1,
Dwell Time,0.10,0.10,
Lamp,Xenon,Xenon,
Temp,30.050,28.80,
Scan Polariser,None,None,
Scan Slit,0.19999765,0.19999765,
Fixed/Offset Polariser,None,None,
Fixed/Offset Slit,2.4000206,2.4000206,
Detector,Det 1,Det 1,

425.00,1.65405428E+0,-8.31457138E-1,
426.00,0.00000000E+0,-8.30165863E-1,
427.00,1.65228534E+0,8.26750040E-1,
428.00,-8.26288462E-1,2.47580433E+0,
429.00,-8.18345487E-1,0.00000000E+0,
430.00,-8.23809326E-1,-8.27618062E-1,
431.00,0.00000000E+0,1.65370905E+0,
432.00,-8.21723223E-1,8.29793990E-1,
433.00,1.66005421E+0,3.32079458E+0,
434.00,1.65169847E+0,0.00000000E+0,
435.00,2.47886539E+0,-8.25352073E-1,
436.00,8.27047050E-1,4.97196388E+0,
437.00,1.65088809E+0,2.48296595E+0,
438.00,9.15676498E+0,1.25468054E+1,
439.00,3.11219749E+1,3.52820091E+1,
440.00,6.83572998E+1,8.40732269E+1,
441.00,1.42937164E+2,1.82647171E+2,
442.00,2.38717682E+2,3.55461853E+2,
443.00,7.84687744E+2,1.19094666E+3,
444.00,2.67791270E+4,3.79391914E+4,
445.00,6.31426289E+4,8.93943750E+4,
446.00,6.94097813E+4,9.57432813E+4,
447.00,3.40963320E+4,4.57212969E+4,
448.00,2.92403882E+3,3.68334790E+3,
449.00,2.51331345E+2,3.70568909E+2,
450.00,1.57559555E+2,2.45358688E+2,
451.00,1.23022766E+2,1.39446243E+2,
452.00,7.15864563E+1,1.11923355E+2,
453.00,4.93678207E+1,6.39994392E+1,
454.00,1.48231907E+1,2.17570839E+1,
455.00,7.86309910E+0,1.37466850E+1,
456.00,7.80606413E+0,1.75373306E+1,
457.00,1.06525564E+1,3.86643577E+0,
458.00,6.65949821E+0,1.24190493E+1,
459.00,3.78288341E+0,1.04492083E+1,
460.00,6.53300285E+0,1.49015913E+1,
461.00,9.21416664E+0,1.38036728E+1,
462.00,9.08579254E+0,1.72846069E+1,
463.00,1.44411364E+1,1.17218275E+1,
464.00,6.26998138E+0,1.69580097E+1,
465.00,1.32657499E+1,1.68682537E+1,
466.00,1.32044077E+1,1.32616491E+1,
467.00,8.79389477E+0,1.58464098E+1,
468.00,9.65079784E+0,1.49577456E+1,
469.00,1.40544605E+1,1.13648014E+1,
470.00,1.57073727E+1,2.08966045E+1,
471.00,1.55622082E+1,1.74467831E+1,
472.00,6.98562956E+0,2.00452442E+1,
473.00,1.91123409E+1,2.17285519E+1,
474.00,1.04295149E+1,1.48587132E+1,
475.00,1.05126858E+1,2.18823071E+1,
476.00,2.09945660E+1,1.31784067E+1,
477.00,1.84977245E+1,1.94840698E+1,
478.00,2.30629005E+1,1.49998331E+1,
479.00,1.50289555E+1,2.29587460E+1,
480.00,1.32977905E+1,1.77579460E+1,
481.00,1.43135967E+1,1.34222841E+1,
482.00,2.24989376E+1,2.15792866E+1,
483.00,1.71117897E+1,2.08002586E+1,
484.00,1.89997082E+1,2.91526146E+1,
485.00,1.18768978E+1,2.10313129E+1,
486.00,1.74932537E+1,2.66774673E+1,
487.00,1.75887432E+1,2.03998623E+1,
488.00,1.58607187E+1,1.97357616E+1,
489.00,1.22381725E+1,3.29708710E+1,
490.00,1.89384613E+1,1.89963436E+1,
491.00,1.53598585E+1,3.16423969E+1,
492.00,1.54321957E+1,2.99650688E+1,
493.00,1.64492130E+1,2.43088665E+1,
494.00,2.05801029E+1,2.15372868E+1,
495.00,1.86633167E+1,2.47082405E+1,
496.00,2.07713623E+1,3.37775459E+1,
497.00,1.50620413E+1,2.41118412E+1,
498.00,1.71406708E+1,2.32528057E+1,
499.00,1.51672163E+1,2.52902966E+1,
500.00,2.45715256E+1,2.66895542E+1,
501.00,2.47573242E+1,2.68488655E+1,
502.00,1.97285404E+1,2.58494568E+1,
503.00,2.09352207E+1,2.81455364E+1,
504.00,1.58598518E+1,1.79660206E+1,
505.00,1.69942760E+1,2.12187176E+1,
506.00,2.04284306E+1,2.56337566E+1,
507.00,1.83108654E+1,2.90592232E+1,
508.00,1.95577564E+1,2.28632698E+1,
509.00,1.85956879E+1,1.53819418E+1,
510.00,2.65189934E+1,2.10492916E+1,
511.00,1.89647770E+1,2.00620346E+1,
512.00,1.34576044E+1,2.69474010E+1,
513.00,1.46761427E+1,3.29764900E+1,
514.00,1.13886976E+1,3.06947899E+1,
515.00,1.83636532E+1,2.29966640E+1,
516.00,2.42999477E+1,2.21642666E+1,
517.00,1.27459011E+1,1.75923748E+1,
518.00,1.87887878E+1,1.17697897E+1,
519.00,1.89182777E+1,2.85646992E+1,
520.00,1.55097065E+1,2.86624107E+1,
521.00,9.63067627E+0,2.05907784E+1,
522.00,1.46121292E+1,2.56785145E+1,
523.00,1.58867350E+1,1.60582523E+1,
524.00,1.23482599E+1,1.73578796E+1,
525.00,7.46201992E+0,1.87188873E+1,
526.00,2.26663914E+1,1.88559189E+1,
527.00,7.56372738E+0,2.90966034E+1,
528.00,1.52726345E+1,2.29447594E+1,
529.00,1.80132198E+1,1.93973789E+1,
530.00,9.05489349E+0,1.43166180E+1,
531.00,1.17550592E+1,1.71121216E+1,
532.00,1.71473732E+1,1.72239685E+1,
533.00,1.99051342E+1,1.73417416E+1,
534.00,1.06796026E+1,2.28606129E+1,
535.00,1.49281244E+1,2.03722973E+1,
536.00,1.63919792E+1,3.01637077E+1,
537.00,1.79717960E+1,2.35225773E+1,
538.00,1.39749441E+1,2.64592628E+1,
539.00,1.82398663E+1,2.37804642E+1,
540.00,7.09317446E+0,1.56338043E+1,
541.00,1.56989250E+1,1.28760509E+1,
542.00,1.29657345E+1,1.72913685E+1,
543.00,1.45038643E+1,2.48729725E+1,
544.00,1.61567764E+1,1.76069336E+1,
545.00,1.93353462E+1,2.07388401E+1,
546.00,1.64592571E+1,2.39708290E+1,
547.00,1.96591320E+1,1.50998592E+1,
548.00,9.15090084E+0,2.28339672E+1,
549.00,1.22947845E+1,1.99326839E+1,
550.00,1.23565722E+1,1.39858809E+1,
551.00,2.02623253E+1,1.58084812E+1,
552.00,6.29280424E+0,1.57828856E+1,
553.00,7.94610071E+0,2.23819160E+1,
554.00,8.03688145E+0,1.61021671E+1,
555.00,1.29567833E+1,9.75030231E+0,
556.00,2.28397598E+1,1.63324432E+1,
557.00,9.92376137E+0,9.90377426E+0,
558.00,5.02465630E+0,2.33989677E+1,
559.00,1.18485394E+1,1.01353550E+1,
560.00,1.69760971E+1,2.22023811E+1,
561.00,6.85200834E+0,8.59659195E+0,
562.00,1.03667707E+1,1.21919174E+1,
563.00,8.73251915E+0,1.05528526E+1,
564.00,8.81976032E+0,1.77447593E+0,
565.00,1.78984985E+1,7.14992619E+0,
566.00,9.03312302E+0,9.03418636E+0,
567.00,3.63814855E+0,9.11704063E+0,
568.00,7.35058022E+0,1.28266230E+1,
569.00,3.73675013E+0,7.47166061E+0,
570.00,1.87357330E+1,1.50416622E+1,
571.00,1.70706196E+1,2.10190907E+1,
572.00,1.52957268E+1,7.67945671E+0,
573.00,5.81017828E+0,3.86984992E+0,
574.00,9.80818844E+0,1.17863846E+1,
575.00,3.94875979E+0,1.78373222E+1,
576.00,7.96217871E+0,1.19949188E+1,
577.00,1.40754976E+1,8.13036728E+0,
578.00,1.22707348E+1,1.42912760E+1,
579.00,1.23324356E+1,8.25390434E+0,
580.00,6.21402311E+0,6.26589870E+0,
581.00,1.47155590E+1,1.27052517E+1,
582.00,2.13982677E+0,8.52427197E+0,
583.00,4.31622696E+0,1.07819767E+1,
584.00,1.30225277E+1,1.09270363E+1,
585.00,4.39079952E+0,1.10059366E+1,
586.00,1.32987156E+1,2.22697759E+0,
587.00,2.22790098E+0,1.79947605E+1,
588.00,2.25428796E+0,1.35043488E+1,
589.00,9.13048267E+0,9.10214329E+0,
590.00,1.38119335E+1,1.38582315E+1,
591.00,7.03646326E+0,9.36912441E+0,
592.00,7.06775379E+0,0.00000000E+0,
593.00,9.48375034E+0,2.39458394E+0,
594.00,4.81652308E+0,1.69310017E+1,
595.00,1.21838846E+1,2.67279453E+1,
596.00,4.92930079E+0,9.80982208E+0,
597.00,1.24148712E+1,-4.96667910E+0,
598.00,1.50452576E+1,1.25124788E+1,
599.00,5.06902170E+0,7.63617706E+0,
600.00,7.69134092E+0,5.16596985E+0,
601.00,7.77586317E+0,5.19834900E+0,
602.00,0.00000000E+0,7.86745739E+0,
603.00,7.97615147E+0,5.29805088E+0,
604.00,5.35924578E+0,5.36842680E+0,
605.00,-2.72711301E+0,1.63024254E+1,
606.00,-2.74717951E+0,2.75867653E+0,
607.00,1.39521484E+1,5.56790543E+0,
608.00,0.00000000E+0,2.54877777E+1,
609.00,0.00000000E+0,-2.84920025E+0,
610.00,1.15231905E+1,-2.88573313E+0,
611.00,2.92848110E+0,8.79519463E+0,
612.00,0.00000000E+0,0.00000000E+0,
613.00,3.00129128E+0,2.99219656E+0,
614.00,6.07417774E+0,0.00000000E+0,
615.00,6.13555622E+0,6.14768314E+0,
616.00,6.25326204E+0,-3.11339569E+0,
617.00,9.47101116E+0,0.00000000E+0,
618.00,0.00000000E+0,1.59802217E+1,
619.00,3.25227404E+0,3.24826264E+0,
620.00,0.00000000E+0,9.84860611E+0,
621.00,1.34054470E+1,9.99554348E+0,
622.00,1.01400261E+1,1.01829138E+1,
623.00,-3.43938875E+0,1.37185555E+1,
624.00,3.48091388E+0,6.99665976E+0,
625.00,3.54256201E+0,-7.10995293E+0,
626.00,3.57624197E+0,3.58846307E+0,
627.00,3.63670254E+0,-3.64486647E+0,
628.00,7.41212368E+0,-3.70253372E+0,
629.00,7.47221708E+0,7.49518633E+0,
630.00,0.00000000E+0,-3.79987812E+0,
631.00,0.00000000E+0,3.85587788E+0,
632.00,0.00000000E+0,3.91783047E+0,
633.00,7.98224735E+0,1.99466286E+1,
634.00,4.05953979E+0,8.13392258E+0,
635.00,-4.12808657E+0,-4.11434650E+0,
636.00,4.19999552E+0,0.00000000E+0,
637.00,4.24348974E+0,8.54009914E+0,
638.00,-4.29745102E+0,-8.70458412E+0,
639.00,0.00000000E+0,0.00000000E+0,
640.00,0.00000000E+0,4.47044230E+0,
641.00,9.05801010E+0,9.11584663E+0,
642.00,0.00000000E+0,0.00000000E+0,
643.00,1.88254852E+1,0.00000000E+0,
644.00,-4.76828051E+0,0.00000000E+0,
645.00,-4.84292269E+0,4.82845545E+0,
646.00,1.47966738E+1,9.85867405E+0,
647.00,-5.04570150E+0,-1.00919971E+1,
648.00,5.10657930E+0,-5.15898466E+0,
649.00,5.21392298E+0,-5.25967598E+0,
650.00,0.00000000E+0,-5.33226824E+0,
651.00,5.42665339E+0,-5.40238619E+0,
652.00,-5.52114344E+0,2.76311512E+1,
653.00,1.12510099E+1,1.12727489E+1,
654.00,2.29292355E+1,5.73876715E+0,
655.00,5.85529613E+0,5.85592699E+0,
656.00,5.95626307E+0,-5.97172499E+0,
657.00,1.83093243E+1,-6.08657694E+0,
658.00,3.11679764E+1,6.22919703E+0,
659.00,0.00000000E+0,-1.27009640E+1,
660.00,6.49609232E+0,-1.30395861E+1,
661.00,0.00000000E+0,-6.69352627E+0,
662.00,2.73700161E+1,-6.86088943E+0,
663.00,1.41875391E+1,-7.02997398E+0,
664.00,2.91360645E+1,7.28480005E+0,
665.00,1.50952911E+1,-1.51100950E+1,
666.00,7.78357887E+0,0.00000000E+0,
667.00,2.39185600E+1,-1.59280510E+1,
668.00,3.22849579E+1,8.10572720E+0,
669.00,2.44838715E+1,0.00000000E+0,
670.00,7.32940292E+1,0.00000000E+0,
671.00,3.27762070E+1,-8.20519638E+0,
672.00,1.63686123E+1,-8.19811440E+0,
673.00,3.29924812E+1,-1.65436840E+1,
674.00,1.65342941E+1,-1.65233040E+1,
675.00,8.27233791E+0,8.29272461E+0,
676.00,7.50792236E+1,-1.67053947E+1,
677.00,4.18302002E+1,8.38072681E+0,
678.00,5.05146179E+1,-8.44337368E+0,
679.00,5.90718842E+1,0.00000000E+0,
680.00,1.11720078E+2,-1.72530422E+1,
681.00,6.07571144E+1,-1.73574715E+1,
682.00,6.95363159E+1,-8.75555897E+0,
683.00,8.76531219E+1,-8.83845234E+0,
684.00,6.17784843E+1,0.00000000E+0,
685.00,8.91833649E+1,0.00000000E+0,
686.00,1.24968132E+2,8.95785522E+0,
687.00,8.12129669E+1,-1.81502018E+1,
688.00,1.00038643E+2,-9.12809277E+0,
689.00,5.52685623E+1,9.19760323E+0,
690.00,6.48191605E+1,-1.86196117E+1,
691.00,6.53142319E+1,0.00000000E+0,
692.00,4.73141365E+1,0.00000000E+0,
693.00,1.43784821E+2,-1.91848621E+1,
694.00,1.45262115E+2,-1.93893757E+1,
695.00,1.46542023E+2,-1.95850410E+1,
696.00,8.90079498E+1,-1.98847580E+1,
697.00,9.03729248E+1,-2.01386299E+1,
698.00,1.32583618E+2,-2.03424187E+1,
699.00,1.23700172E+2,-1.03388882E+1,
700.00,1.45535156E+2,-2.09333172E+1,
701.00,1.37231277E+2,-1.06330347E+1,
702.00,1.18144249E+2,-1.08143034E+1,
703.00,1.19619850E+2,-1.08983507E+1,
704.00,8.91841049E+1,0.00000000E+0,
705.00,1.79859085E+2,-2.25355434E+1,
706.00,9.16146240E+1,-2.28189163E+1,
707.00,1.38289963E+2,-2.31958294E+1,
708.00,1.63593201E+2,-2.35942917E+1,
709.00,2.38460724E+2,-1.19748039E+1,
710.00,1.82318222E+2,-1.21861477E+1,
711.00,2.72526794E+2,-2.48080044E+1,
712.00,2.26994141E+2,-1.25587416E+1,
713.00,2.05168823E+2,-1.27989140E+1,
714.00,2.34401718E+2,0.00000000E+0,
715.00,2.12480820E+2,-2.63780098E+1,
716.00,2.43016617E+2,-2.68927631E+1,
717.00,1.78430603E+2,-2.74124241E+1,
718.00,2.37498062E+2,1.39573441E+1,
719.00,3.26657501E+2,-2.84609756E+1,
720.00,2.30301025E+2,-1.44787092E+1,
721.00,1.77063828E+2,-2.93629246E+1,
722.00,1.94319473E+2,-1.50017900E+1,
723.00,2.89108917E+2,-1.53076830E+1,
724.00,3.76112335E+2,-1.55579996E+1,
725.00,2.85988586E+2,-1.58398485E+1,
726.00,3.55543579E+2,0.00000000E+0,
727.00,2.81329468E+2,-3.29551010E+1,
728.00,2.35246216E+2,-3.35674973E+1,
729.00,2.92709808E+2,-3.42815704E+1,
730.00,2.78774048E+2,-1.73826199E+1,
731.00,3.01427246E+2,-3.55938492E+1,
732.00,3.10331757E+2,1.82186260E+1,
733.00,3.69851105E+2,-3.72515945E+1,
734.00,3.39550171E+2,-1.90061779E+1,
735.00,3.28217529E+2,-1.93518410E+1,
736.00,4.73451324E+2,-3.94542732E+1,
737.00,2.40730133E+2,-4.02128754E+1,
738.00,4.08845123E+2,-2.04802227E+1,
739.00,3.14963867E+2,-4.19786949E+1,
740.00,4.46812134E+2,0.00000000E+0,
741.00,3.92944244E+2,-4.35690880E+1,
742.00,2.66951019E+2,-2.23048134E+1,
743.00,3.40391998E+2,-2.28622990E+1,
744.00,2.08815948E+2,-4.66925697E+1,
745.00,2.13567459E+2,-4.73518410E+1,
746.00,4.85423218E+2,-4.83096733E+1,
747.00,4.95233704E+2,0.00000000E+0,
748.00,3.27611786E+2,-2.53548317E+1,
749.00,4.13477142E+2,0.00000000E+0,
750.00,2.63754425E+2,5.29068565E+1,
751.00,3.75880859E+2,-5.39124146E+1,
752.00,3.28589752E+2,-5.53577499E+1,
753.00,2.24977951E+2,-5.62472382E+1,
754.00,3.17036377E+2,-2.86631508E+1,
755.00,2.64506744E+2,-5.89327087E+1,
756.00,2.10481094E+2,-6.02549324E+1,
757.00,4.59071167E+2,-6.15548553E+1,
758.00,4.69781250E+2,-3.12144909E+1,
759.00,3.55967041E+2,0.00000000E+0,
760.00,4.26029816E+2,-6.58889236E+1,
761.00,3.35256195E+2,-6.71115036E+1,
762.00,5.13344543E+2,-6.87590790E+1,
763.00,2.79746643E+2,-3.52416534E+1,
764.00,3.23115814E+2,0.00000000E+0,
765.00,3.29575562E+2,-7.33021927E+1,
766.00,3.36416809E+2,-7.52316132E+1,
767.00,3.07011780E+2,-7.66099777E+1,
768.00,2.74349121E+2,-7.81758118E+1,
769.00,4.36187927E+2,-7.95392227E+1,
770.00,3.65494141E+2,-8.17645645E+1,
771.00,1.66258865E+2,-8.36405792E+1,
772.00,1.70460464E+2,4.26711655E+1,
773.00,4.36158020E+2,-4.36128044E+1,
774.00,1.77776917E+2,-4.46893654E+1,
775.00,2.27723618E+2,-9.13895645E+1,
776.00,4.66496490E+2,-9.32745590E+1,
777.00,3.79029907E+2,0.00000000E+0,
778.00,2.91678497E+2,-9.75437698E+1,
779.00,6.41816040E+2,1.99272339E+2,
780.00,5.07201294E+2,0.00000000E+0,
781.00,3.09498291E+2,-1.03850197E+2,
782.00,7.40428345E+2,-5.31391258E+1,
783.00,3.79703278E+2,-5.44215431E+1,
784.00,2.76606476E+2,-5.55320778E+1,
785.00,3.38602936E+2,-1.12912857E+2,
786.00,4.04227173E+2,-5.78578300E+1,
787.00,1.76543610E+2,-5.88553619E+1,
788.00,5.42775452E+2,-1.21151611E+2,
789.00,4.30015259E+2,-6.17329178E+1,
790.00,6.91880493E+2,-6.31564980E+1,
791.00,3.87893921E+2,-1.29069321E+2,
792.00,4.59071991E+2,0.00000000E+0,
793.00,4.69121460E+2,-6.69138184E+1,
794.00,6.80470154E+2,-1.36878220E+2,
795.00,2.10133209E+2,-1.40243240E+2,
796.00,2.12908081E+2,-1.42808792E+2,
797.00,2.90338135E+2,-7.28033295E+1,
798.00,2.22630035E+2,-1.48162766E+2,
799.00,1.51769165E+2,-1.52180252E+2,
800.00,3.86820251E+2,-7.76212463E+1,
801.00,1.57894577E+2,-1.58206146E+2,
802.00,1.60314346E+2,-8.07094498E+1,
803.00,2.45658234E+2,-1.64012436E+2,
804.00,5.00635315E+2,-1.67786011E+2,
805.00,2.55832840E+2,-1.70375290E+2,
806.00,5.21719482E+2,-8.74945984E+1,
807.00,5.31778137E+2,-8.90616760E+1,
808.00,3.63330505E+2,0.00000000E+0,
809.00,3.70799896E+2,-1.85665237E+2,
810.00,3.79242035E+2,0.00000000E+0,
811.00,-9.64630890E+1,-9.72780762E+1,
812.00,-9.91941299E+1,-9.99388351E+1,
813.00,3.05406708E+2,-2.04432312E+2,
814.00,2.09062119E+2,-1.05005005E+2,
815.00,0.00000000E+0,-1.07968819E+2,
816.00,2.21950455E+2,-2.21852600E+2,
817.00,4.57330078E+2,-2.27838226E+2,
818.00,-1.17858215E+2,-2.35820450E+2,
819.00,2.43390137E+2,-1.21192947E+2,
820.00,0.00000000E+0,1.25932518E+2,
821.00,3.92347504E+2,-2.62248505E+2,
822.00,0.00000000E+0,-2.71514374E+2,
823.00,1.41631683E+2,0.00000000E+0,
824.00,5.95004639E+2,-1.48395996E+2,
825.00,7.80315979E+2,-3.10402649E+2,
826.00,1.64121124E+2,-3.28672974E+2,
827.00,1.73496964E+2,-3.45787842E+2,
828.00,0.00000000E+0,-1.84289078E+2,
829.00,5.87738098E+2,-3.92452637E+2,
830.00,4.18867279E+2,-2.09099091E+2,
831.00,0.00000000E+0,-4.49030945E+2,
832.00,0.00000000E+0,-4.80651031E+2,
833.00,5.14048157E+2,-5.14770874E+2,
834.00,1.10737317E+3,-5.55891296E+2,
835.00,6.01674805E+2,-6.00240906E+2,
836.00,3.24202759E+2,-6.50900513E+2,
837.00,3.53789429E+2,-7.04525940E+2,
838.00,-3.82403870E+2,0.00000000E+0,
839.00,0.00000000E+0,-4.18515320E+2,
840.00,1.37272852E+3,0.00000000E+0,
841.00,0.00000000E+0,-5.00016052E+2,
842.00,0.00000000E+0,-5.47896912E+2,
843.00,-6.02182068E+2,-5.99945374E+2,
844.00,-6.62390442E+2,-6.60902649E+2,
845.00,1.44868140E+3,-1.45037732E+3,
846.00,8.01333618E+2,0.00000000E+0,
847.00,0.00000000E+0,-1.76763037E+3,
848.00,-9.76660034E+2,-1.95051111E+3,
849.00,0.00000000E+0,-2.14871143E+3,
850.00,-1.18370288E+3,-1.18385303E+3,
