Labels,0,
Type,Emission Scan,
Comment,,
Start,600.00,
Stop,1200.00,
Step,1.00,
Fixed/Offset,455.00,
Xaxis,Wavelength,
Yaxis,Counts,
Scan Corr. by File,True,
Corr. by Ref. Det.,True,
Fixed/Offset Corr. by File,False,
Repeats,1,
Dwell Time,0.10,
Lamp,Xenon,
Temp,0.00,
Scan Polariser,None,
Scan Slit,2.4999220,
Fixed/Offset Polariser,None,
Fixed/Offset Slit,2.4999950,
Detector,Det2,

600.00,-6.34539246E+2,
601.00,-7.34525635E+2,
602.00,-1.21042595E+2,
603.00,5.56903259E+2,
604.00,-2.12041367E+2,
605.00,1.65241821E+2,
606.00,-4.89405731E+2,
607.00,-3.75559052E+2,
608.00,3.18027130E+2,
609.00,-1.09177747E+3,
610.00,4.17819000E+2,
611.00,8.69056931E+1,
612.00,-5.74793518E+2,
613.00,-1.89190460E+2,
614.00,-6.18278503E+2,
615.00,-3.78074341E+2,
616.00,-7.85801514E+2,
617.00,-8.62615784E+2,
618.00,-1.99544617E+2,
619.00,-6.26242249E+2,
620.00,-7.29803345E+2,
621.00,-5.24488892E+2,
622.00,-6.75040710E+2,
623.00,-4.54879494E+1,
624.00,-1.61615326E+2,
625.00,-2.74888672E+2,
626.00,-8.17327637E+2,
627.00,-1.04993420E+3,
628.00,-1.40443954E+2,
629.00,-4.73150055E+2,
630.00,-5.40684021E+2,
631.00,-5.38951416E+2,
632.00,-5.60059082E+2,
633.00,-2.41544662E+2,
634.00,-1.40356735E+2,
635.00,-6.16566223E+2,
636.00,-4.23980377E+2,
637.00,-6.03199707E+2,
638.00,-3.78969421E+2,
639.00,9.77234650E+1,
640.00,-5.95731262E+2,
641.00,3.48444672E+1,
642.00,-5.32440002E+2,
643.00,-2.10013351E+2,
644.00,-3.52194061E+2,
645.00,-9.42545837E+2,
646.00,-4.29218964E+2,
647.00,-6.36506470E+2,
648.00,-3.79540833E+2,
649.00,-1.81036224E+2,
650.00,-8.87659546E+2,
651.00,-6.57007324E+2,
652.00,-1.22654114E+2,
653.00,-1.15353111E+2,
654.00,-1.91596851E+1,
655.00,-1.49908966E+2,
656.00,-2.93353577E+2,
657.00,-5.72017578E+2,
658.00,-4.39941437E+2,
659.00,-2.02371994E+2,
660.00,-2.83663147E+2,
661.00,2.42161636E+2,
662.00,8.29072418E+1,
663.00,1.65995026E+2,
664.00,1.90346741E+2,
665.00,2.94071564E+2,
666.00,3.73387543E+2,
667.00,2.83629089E+2,
668.00,2.12635818E+2,
669.00,3.49623840E+2,
670.00,7.54075928E+2,
671.00,8.10667664E+2,
672.00,1.00787170E+3,
673.00,7.38413391E+2,
674.00,9.56187927E+2,
675.00,7.06158325E+2,
676.00,1.33418384E+3,
677.00,1.29678870E+3,
678.00,1.72823157E+3,
679.00,1.60436511E+3,
680.00,1.89460168E+3,
681.00,1.83487939E+3,
682.00,2.50426489E+3,
683.00,2.10030469E+3,
684.00,2.98452319E+3,
685.00,2.65600195E+3,
686.00,3.76417651E+3,
687.00,3.20742749E+3,
688.00,3.87450415E+3,
689.00,3.99088159E+3,
690.00,4.25949902E+3,
691.00,4.25892822E+3,
692.00,5.54741309E+3,
693.00,6.77378564E+3,
694.00,6.38969678E+3,
695.00,6.82414941E+3,
696.00,8.42210840E+3,
697.00,8.70744629E+3,
698.00,9.33207715E+3,
699.00,1.02431875E+4,
700.00,1.03385674E+4,
701.00,1.18626904E+4,
702.00,1.17313535E+4,
703.00,1.21495322E+4,
704.00,1.43105010E+4,
705.00,1.44821885E+4,
706.00,1.50767988E+4,
707.00,1.57117549E+4,
708.00,1.57177568E+4,
709.00,1.67434844E+4,
710.00,1.77770605E+4,
711.00,1.85896582E+4,
712.00,1.93336855E+4,
713.00,2.14009316E+4,
714.00,2.34864277E+4,
715.00,2.44944355E+4,
716.00,2.37701738E+4,
717.00,2.57313125E+4,
718.00,2.69134551E+4,
719.00,2.73835527E+4,
720.00,2.84300918E+4,
721.00,3.15447871E+4,
722.00,3.19926367E+4,
723.00,3.37602422E+4,
724.00,3.57889805E+4,
725.00,3.74253047E+4,
726.00,3.85115859E+4,
727.00,3.89908711E+4,
728.00,4.10569102E+4,
729.00,4.30015938E+4,
730.00,4.55246367E+4,
731.00,4.71835703E+4,
732.00,4.96728750E+4,
733.00,5.02459688E+4,
734.00,5.25067070E+4,
735.00,5.37777656E+4,
736.00,5.68573516E+4,
737.00,5.87533398E+4,
738.00,5.98980820E+4,
739.00,6.25417070E+4,
740.00,6.43158398E+4,
741.00,6.65394297E+4,
742.00,7.06679766E+4,
743.00,7.04343047E+4,
744.00,7.42379453E+4,
745.00,7.58831797E+4,
746.00,7.81991484E+4,
747.00,8.10518828E+4,
748.00,8.29114141E+4,
749.00,8.38481250E+4,
750.00,8.73975781E+4,
751.00,8.97120703E+4,
752.00,9.35298984E+4,
753.00,9.48768047E+4,
754.00,9.79689688E+4,
755.00,1.02104703E+5,
756.00,1.04668227E+5,
757.00,1.07542047E+5,
758.00,1.08053063E+5,
759.00,1.12182148E+5,
760.00,1.13821484E+5,
761.00,1.16970148E+5,
762.00,1.17725648E+5,
763.00,1.22252391E+5,
764.00,1.25804852E+5,
765.00,1.26614180E+5,
766.00,1.31061570E+5,
767.00,1.33236734E+5,
768.00,1.34583844E+5,
769.00,1.37369313E+5,
770.00,1.41638984E+5,
771.00,1.45138609E+5,
772.00,1.47312922E+5,
773.00,1.49082172E+5,
774.00,1.50100719E+5,
775.00,1.54363953E+5,
776.00,1.56979828E+5,
777.00,1.58193734E+5,
778.00,1.58861281E+5,
779.00,1.63423422E+5,
780.00,1.65202172E+5,
781.00,1.68170969E+5,
782.00,1.70552266E+5,
783.00,1.72694422E+5,
784.00,1.76095891E+5,
785.00,1.75347438E+5,
786.00,1.77853344E+5,
787.00,1.77913188E+5,
788.00,1.81803031E+5,
789.00,1.85258938E+5,
790.00,1.86975891E+5,
791.00,1.88896172E+5,
792.00,1.89735781E+5,
793.00,1.91194641E+5,
794.00,1.93090641E+5,
795.00,1.94202031E+5,
796.00,1.94681406E+5,
797.00,1.97004422E+5,
798.00,1.97107656E+5,
799.00,2.03956063E+5,
800.00,2.01385609E+5,
801.00,2.02493672E+5,
802.00,2.04364031E+5,
803.00,2.07399500E+5,
804.00,2.05732484E+5,
805.00,2.07731453E+5,
806.00,2.07699063E+5,
807.00,2.11032688E+5,
808.00,2.09870469E+5,
809.00,2.13431000E+5,
810.00,2.12651734E+5,
811.00,2.13885625E+5,
812.00,2.14632500E+5,
813.00,2.15888953E+5,
814.00,2.13723563E+5,
815.00,2.13199859E+5,
816.00,2.13959969E+5,
817.00,2.14783438E+5,
818.00,2.16922828E+5,
819.00,2.18326141E+5,
820.00,2.18147250E+5,
821.00,2.17044219E+5,
822.00,2.18447734E+5,
823.00,2.18433344E+5,
824.00,2.17229422E+5,
825.00,2.17179875E+5,
826.00,2.17894297E+5,
827.00,2.18769078E+5,
828.00,2.18136703E+5,
829.00,2.17332391E+5,
830.00,2.17717766E+5,
831.00,2.16745938E+5,
832.00,2.15612125E+5,
833.00,2.14906547E+5,
834.00,2.14783141E+5,
835.00,2.14584188E+5,
836.00,2.14608047E+5,
837.00,2.11181984E+5,
838.00,2.12939938E+5,
839.00,2.11476453E+5,
840.00,2.11900891E+5,
841.00,2.10241234E+5,
842.00,2.09552078E+5,
843.00,2.09645781E+5,
844.00,2.08866766E+5,
845.00,2.09202688E+5,
846.00,2.06904188E+5,
847.00,2.08621297E+5,
848.00,2.06407000E+5,
849.00,2.04875688E+5,
850.00,2.04774156E+5,
851.00,2.02434828E+5,
852.00,2.01437750E+5,
853.00,2.00328078E+5,
854.00,1.99709406E+5,
855.00,1.99991188E+5,
856.00,1.99403828E+5,
857.00,1.99225250E+5,
858.00,1.95116750E+5,
859.00,1.93156250E+5,
860.00,1.94087891E+5,
861.00,1.93214438E+5,
862.00,1.91424250E+5,
863.00,1.88214063E+5,
864.00,1.87568672E+5,
865.00,1.85543109E+5,
866.00,1.84535313E+5,
867.00,1.84342250E+5,
868.00,1.81653844E+5,
869.00,1.80751969E+5,
870.00,1.81094031E+5,
871.00,1.79857422E+5,
872.00,1.78604375E+5,
873.00,1.76830469E+5,
874.00,1.75703703E+5,
875.00,1.74026844E+5,
876.00,1.73055516E+5,
877.00,1.71862734E+5,
878.00,1.68951375E+5,
879.00,1.68668875E+5,
880.00,1.65794203E+5,
881.00,1.64280781E+5,
882.00,1.64412875E+5,
883.00,1.61411609E+5,
884.00,1.60947031E+5,
885.00,1.59180344E+5,
886.00,1.58929016E+5,
887.00,1.57347656E+5,
888.00,1.55880047E+5,
889.00,1.53189453E+5,
890.00,1.52098828E+5,
891.00,1.51506906E+5,
892.00,1.50216469E+5,
893.00,1.47684891E+5,
894.00,1.45770109E+5,
895.00,1.44727313E+5,
896.00,1.42738563E+5,
897.00,1.43099578E+5,
898.00,1.41090281E+5,
899.00,1.39650266E+5,
900.00,1.37547141E+5,
901.00,1.36317047E+5,
902.00,1.35379016E+5,
903.00,1.34900438E+5,
904.00,1.32561625E+5,
905.00,1.31749578E+5,
906.00,1.30913844E+5,
907.00,1.28911047E+5,
908.00,1.27817063E+5,
909.00,1.26288383E+5,
910.00,1.25953695E+5,
911.00,1.24470445E+5,
912.00,1.22133758E+5,
913.00,1.21940539E+5,
914.00,1.20238359E+5,
915.00,1.18969656E+5,
916.00,1.17170695E+5,
917.00,1.16215641E+5,
918.00,1.14395141E+5,
919.00,1.13682211E+5,
920.00,1.12148602E+5,
921.00,1.11004602E+5,
922.00,1.09400125E+5,
923.00,1.08281945E+5,
924.00,1.06799867E+5,
925.00,1.05298063E+5,
926.00,1.04069047E+5,
927.00,1.04018898E+5,
928.00,1.02420148E+5,
929.00,1.00330711E+5,
930.00,9.90523594E+4,
931.00,9.78235703E+4,
932.00,9.65222500E+4,
933.00,9.61291328E+4,
934.00,9.45460078E+4,
935.00,9.42192891E+4,
936.00,9.28310859E+4,
937.00,9.10675938E+4,
938.00,9.07783203E+4,
939.00,8.96040938E+4,
940.00,8.75397344E+4,
941.00,8.68679766E+4,
942.00,8.56438750E+4,
943.00,8.51064531E+4,
944.00,8.33574766E+4,
945.00,8.24096406E+4,
946.00,8.11657031E+4,
947.00,7.96289766E+4,
948.00,7.86652813E+4,
949.00,7.84966875E+4,
950.00,7.65813203E+4,
951.00,7.57894531E+4,
952.00,7.55095078E+4,
953.00,7.43759609E+4,
954.00,7.37018672E+4,
955.00,7.15757734E+4,
956.00,7.07680625E+4,
957.00,7.03876016E+4,
958.00,6.83888125E+4,
959.00,6.87295703E+4,
960.00,6.83054453E+4,
961.00,6.74414922E+4,
962.00,6.62475469E+4,
963.00,6.45906484E+4,
964.00,6.43315703E+4,
965.00,6.23775508E+4,
966.00,6.19176914E+4,
967.00,6.10605391E+4,
968.00,6.03447070E+4,
969.00,5.95176016E+4,
970.00,5.85387422E+4,
971.00,5.70410625E+4,
972.00,5.65961094E+4,
973.00,5.64054453E+4,
974.00,5.52659414E+4,
975.00,5.40209141E+4,
976.00,5.33968789E+4,
977.00,5.30751641E+4,
978.00,5.21313633E+4,
979.00,5.12755508E+4,
980.00,5.10082188E+4,
981.00,5.03050586E+4,
982.00,4.88891797E+4,
983.00,4.83692422E+4,
984.00,4.78961680E+4,
985.00,4.73842266E+4,
986.00,4.63121016E+4,
987.00,4.59291289E+4,
988.00,4.54278398E+4,
989.00,4.47143164E+4,
990.00,4.36156445E+4,
991.00,4.33630703E+4,
992.00,4.24014258E+4,
993.00,4.17372891E+4,
994.00,4.13768086E+4,
995.00,4.09008438E+4,
996.00,4.01049102E+4,
997.00,3.95997031E+4,
998.00,3.91817383E+4,
999.00,3.85607461E+4,
1000.00,3.78521211E+4,
1001.000,3.72715234E+4,
1002.000,3.67933242E+4,
1003.000,3.64276680E+4,
1004.000,3.54420938E+4,
1005.000,3.51717344E+4,
1006.000,3.45089766E+4,
1007.000,3.43623398E+4,
1008.000,3.32481133E+4,
1009.000,3.30529609E+4,
1010.00,3.26047285E+4,
1011.000,3.21128457E+4,
1012.000,3.13888086E+4,
1013.000,3.10088828E+4,
1014.000,3.08492188E+4,
1015.000,3.02362207E+4,
1016.000,2.96800977E+4,
1017.000,2.89982109E+4,
1018.000,2.86879785E+4,
1019.000,2.86421055E+4,
1020.00,2.80118867E+4,
1021.000,2.75295391E+4,
1022.000,2.70447090E+4,
1023.000,2.68221738E+4,
1024.000,2.67256855E+4,
1025.000,2.60781641E+4,
1026.000,2.54160039E+4,
1027.000,2.48857227E+4,
1028.000,2.49078145E+4,
1029.000,2.42963125E+4,
1030.00,2.38463691E+4,
1031.000,2.37870039E+4,
1032.000,2.31302324E+4,
1033.000,2.29508887E+4,
1034.000,2.24480664E+4,
1035.000,2.24586211E+4,
1036.000,2.19246406E+4,
1037.000,2.18976133E+4,
1038.000,2.11215762E+4,
1039.000,2.11849609E+4,
1040.00,2.07148730E+4,
1041.000,2.03790645E+4,
1042.000,1.99403301E+4,
1043.000,1.96476758E+4,
1044.000,1.95061211E+4,
1045.000,1.89983516E+4,
1046.000,1.87281152E+4,
1047.000,1.84133867E+4,
1048.000,1.85934063E+4,
1049.000,1.78939551E+4,
1050.00,1.75974590E+4,
1051.000,1.72390176E+4,
1052.000,1.71947363E+4,
1053.000,1.67533516E+4,
1054.000,1.68270234E+4,
1055.000,1.61371152E+4,
1056.000,1.60472988E+4,
1057.000,1.58228467E+4,
1058.000,1.53399434E+4,
1059.000,1.51102305E+4,
1060.00,1.49041035E+4,
1061.000,1.45603857E+4,
1062.000,1.44987568E+4,
1063.000,1.46931182E+4,
1064.000,1.42110273E+4,
1065.000,1.40857129E+4,
1066.000,1.38138906E+4,
1067.000,1.35073613E+4,
1068.000,1.30912842E+4,
1069.000,1.31027510E+4,
1070.00,1.30991611E+4,
1071.000,1.26086455E+4,
1072.000,1.24724502E+4,
1073.000,1.21358223E+4,
1074.000,1.21086592E+4,
1075.000,1.18431240E+4,
1076.000,1.18045557E+4,
1077.000,1.15484980E+4,
1078.000,1.12822930E+4,
1079.000,1.11042676E+4,
1080.00,1.08546875E+4,
1081.000,1.09691416E+4,
1082.000,1.07296602E+4,
1083.000,1.03749668E+4,
1084.000,1.02259102E+4,
1085.000,1.02758086E+4,
1086.000,9.96347852E+3,
1087.000,9.77260352E+3,
1088.000,9.54243066E+3,
1089.000,9.41242871E+3,
1090.00,9.30897070E+3,
1091.000,9.13143066E+3,
1092.000,9.25917480E+3,
1093.000,8.94132227E+3,
1094.000,8.97397852E+3,
1095.000,8.72404590E+3,
1096.000,8.45174316E+3,
1097.000,8.20226270E+3,
1098.000,8.06378223E+3,
1099.000,8.13328857E+3,
1100.00,7.88084131E+3,
1101.000,7.80588184E+3,
1102.000,7.72648145E+3,
1103.000,7.44557520E+3,
1104.000,7.60725342E+3,
1105.000,7.35575732E+3,
1106.000,7.24724219E+3,
1107.000,7.08744531E+3,
1108.000,6.95846436E+3,
1109.000,6.91112598E+3,
1110.00,6.61972803E+3,
1111.000,6.67635352E+3,
1112.000,6.50358545E+3,
1113.000,6.53908301E+3,
1114.000,6.25523193E+3,
1115.000,6.24977539E+3,
1116.000,6.31220117E+3,
1117.000,6.02760693E+3,
1118.000,6.04938916E+3,
1119.000,5.86903369E+3,
1120.00,5.67031006E+3,
1121.000,5.72009473E+3,
1122.000,5.50084766E+3,
1123.000,5.46991455E+3,
1124.000,5.51494824E+3,
1125.000,5.29305371E+3,
1126.000,5.12346289E+3,
1127.000,5.19285205E+3,
1128.000,5.09837354E+3,
1129.000,5.07205078E+3,
1130.00,5.05582568E+3,
1131.000,4.80332275E+3,
1132.000,4.75381543E+3,
1133.000,4.64424561E+3,
1134.000,4.59843213E+3,
1135.000,4.43206934E+3,
1136.000,4.37919043E+3,
1137.000,7.77226025E+3,
1138.000,4.25905518E+3,
1139.000,4.14523633E+3,
1140.00,4.13822559E+3,
1141.000,4.03496484E+3,
1142.000,4.01485254E+3,
1143.000,3.93133838E+3,
1144.000,3.87822681E+3,
1145.000,3.87446509E+3,
1146.000,3.70695703E+3,
1147.000,3.72630664E+3,
1148.000,3.61617163E+3,
1149.000,3.49920337E+3,
1150.00,3.61844946E+3,
1151.000,3.43402930E+3,
1152.000,3.43715381E+3,
1153.000,3.34161914E+3,
1154.000,3.23221802E+3,
1155.000,3.29210498E+3,
1156.000,3.20008667E+3,
1157.000,3.13114990E+3,
1158.000,3.09560083E+3,
1159.000,2.89804956E+3,
1160.00,3.03522192E+3,
1161.000,2.97699658E+3,
1162.000,2.80817261E+3,
1163.000,2.96253418E+3,
1164.000,2.71186646E+3,
1165.000,2.69828125E+3,
1166.000,2.68999048E+3,
1167.000,2.55121680E+3,
1168.000,2.77029077E+3,
1169.000,2.50826294E+3,
1170.00,2.40716309E+3,
1171.000,2.44115674E+3,
1172.000,2.44395630E+3,
1173.000,2.37184448E+3,
1174.000,2.26165576E+3,
1175.000,2.27678906E+3,
1176.000,2.13843677E+3,
1177.000,2.17600195E+3,
1178.000,2.25881787E+3,
1179.000,2.17991479E+3,
1180.00,2.09341870E+3,
1181.000,2.01321985E+3,
1182.000,2.10008716E+3,
1183.000,1.97157361E+3,
1184.000,1.96760938E+3,
1185.000,1.95675720E+3,
1186.000,1.90119263E+3,
1187.000,1.70900500E+3,
1188.000,1.83196667E+3,
1189.000,1.76122253E+3,
1190.00,1.81015808E+3,
1191.000,1.76339258E+3,
1192.000,1.65133057E+3,
1193.000,1.69538928E+3,
1194.000,1.58906653E+3,
1195.000,1.63208411E+3,
1196.000,1.67122351E+3,
1197.000,1.54992798E+3,
1198.000,1.46560132E+3,
1199.000,1.48800854E+3,
1200.00,1.55544885E+3,
