Labels,0,
Type,Excitation Scan,
Comment,,
Start,230.00,
Stop,750.00,
Step,1.00,
Fixed/Offset,830.00,
Xaxis,Wavelength,
Yaxis,Counts,
Scan Corr. by File,False,
Corr. by Ref. Det.,True,
Fixed/Offset Corr. by File,True,
Repeats,1,
Dwell Time,0.10,
Lamp,Xenon,
Temp,0.00,
Scan Polariser,None,
Scan Slit,2.4999950,
Fixed/Offset Polariser,None,
Fixed/Offset Slit,2.4999220,
Detector,Det2,

230.00,5.03069250E+5,
231.00,8.11412563E+5,
232.00,6.02943984E+4,
233.00,4.07756063E+5,
234.00,6.82906063E+5,
235.00,-5.38458594E+4,
236.00,3.67232875E+5,
237.00,2.20024531E+5,
238.00,3.26637063E+5,
239.00,4.11318906E+5,
240.00,3.71509969E+5,
241.00,2.50919203E+5,
242.00,3.03794438E+5,
243.00,2.40158438E+5,
244.00,2.43348891E+5,
245.00,3.44841969E+5,
246.00,2.54666844E+5,
247.00,3.40361188E+5,
248.00,3.33870219E+5,
249.00,3.24377406E+5,
250.00,3.11883031E+5,
251.00,3.48228063E+5,
252.00,3.47615469E+5,
253.00,3.34947469E+5,
254.00,3.69030375E+5,
255.00,3.34557313E+5,
256.00,3.90349094E+5,
257.00,3.82921781E+5,
258.00,3.70495125E+5,
259.00,3.77014750E+5,
260.00,3.85500781E+5,
261.00,3.88347500E+5,
262.00,3.81955125E+5,
263.00,3.84030750E+5,
264.00,3.87093969E+5,
265.00,3.73441906E+5,
266.00,3.74889531E+5,
267.00,3.84505563E+5,
268.00,3.84468844E+5,
269.00,3.63021781E+5,
270.00,3.88369156E+5,
271.00,3.94793781E+5,
272.00,3.82695813E+5,
273.00,3.89103375E+5,
274.00,3.88126875E+5,
275.00,3.91631500E+5,
276.00,3.85992844E+5,
277.00,3.89589344E+5,
278.00,3.85445563E+5,
279.00,3.81246688E+5,
280.00,3.87068375E+5,
281.00,3.75557594E+5,
282.00,3.67716281E+5,
283.00,3.78261063E+5,
284.00,3.74489406E+5,
285.00,3.78316094E+5,
286.00,3.89532156E+5,
287.00,3.81073156E+5,
288.00,3.89144094E+5,
289.00,3.83271563E+5,
290.00,3.81267625E+5,
291.00,3.84034813E+5,
292.00,3.89517469E+5,
293.00,3.80210563E+5,
294.00,3.76576125E+5,
295.00,3.78029344E+5,
296.00,3.72051438E+5,
297.00,3.73895750E+5,
298.00,3.72307531E+5,
299.00,3.65174156E+5,
300.00,3.73339406E+5,
301.00,3.66590281E+5,
302.00,3.62614750E+5,
303.00,3.57875344E+5,
304.00,3.52456781E+5,
305.00,3.46737469E+5,
306.00,3.45466344E+5,
307.00,3.42171781E+5,
308.00,3.34689813E+5,
309.00,3.27323063E+5,
310.00,3.25733125E+5,
311.00,3.19208344E+5,
312.00,3.12555906E+5,
313.00,3.04098031E+5,
314.00,2.94338563E+5,
315.00,2.89522844E+5,
316.00,2.81965063E+5,
317.00,2.80211313E+5,
318.00,2.70914438E+5,
319.00,2.69048594E+5,
320.00,2.59953531E+5,
321.00,2.51170391E+5,
322.00,2.47490203E+5,
323.00,2.40211891E+5,
324.00,2.37686641E+5,
325.00,2.27785203E+5,
326.00,2.22114234E+5,
327.00,2.15757141E+5,
328.00,2.10420156E+5,
329.00,2.06155516E+5,
330.00,1.94970563E+5,
331.00,1.93133094E+5,
332.00,1.86402203E+5,
333.00,1.79470359E+5,
334.00,1.75622594E+5,
335.00,1.70441469E+5,
336.00,1.65432516E+5,
337.00,1.58347859E+5,
338.00,1.53555766E+5,
339.00,1.45587719E+5,
340.00,1.42086031E+5,
341.00,1.37234266E+5,
342.00,1.30079633E+5,
343.00,1.26135711E+5,
344.00,1.20079781E+5,
345.00,1.16658070E+5,
346.00,1.13344828E+5,
347.00,1.05701727E+5,
348.00,1.03292109E+5,
349.00,9.65021953E+4,
350.00,9.28128984E+4,
351.00,8.79698516E+4,
352.00,8.40412188E+4,
353.00,8.03186484E+4,
354.00,7.61450469E+4,
355.00,7.31353750E+4,
356.00,6.95581250E+4,
357.00,6.62089219E+4,
358.00,6.23916953E+4,
359.00,5.99358984E+4,
360.00,5.55701563E+4,
361.00,5.23774180E+4,
362.00,5.09483594E+4,
363.00,4.82740938E+4,
364.00,4.57114570E+4,
365.00,4.24011953E+4,
366.00,4.10456016E+4,
367.00,3.90150547E+4,
368.00,3.77396211E+4,
369.00,3.55190039E+4,
370.00,3.40197852E+4,
371.00,3.26086133E+4,
372.00,3.10157695E+4,
373.00,3.01867832E+4,
374.00,2.89520137E+4,
375.00,2.83287344E+4,
376.00,2.74841543E+4,
377.00,2.65207402E+4,
378.00,2.64141367E+4,
379.00,2.57247324E+4,
380.00,2.58899336E+4,
381.00,2.59072988E+4,
382.00,2.66705801E+4,
383.00,2.71023164E+4,
384.00,2.82590625E+4,
385.00,2.85316387E+4,
386.00,2.99691504E+4,
387.00,3.11437129E+4,
388.00,3.27187227E+4,
389.00,3.45583633E+4,
390.00,3.73939961E+4,
391.00,3.89853984E+4,
392.00,4.23451250E+4,
393.00,4.41884844E+4,
394.00,4.70160273E+4,
395.00,5.11624102E+4,
396.00,5.50080938E+4,
397.00,5.96104805E+4,
398.00,6.24078789E+4,
399.00,6.58384688E+4,
400.00,7.11828359E+4,
401.00,7.46499141E+4,
402.00,7.87824609E+4,
403.00,8.34304688E+4,
404.00,8.99593281E+4,
405.00,9.50588516E+4,
406.00,9.96930781E+4,
407.00,1.05627125E+5,
408.00,1.10618570E+5,
409.00,1.14463414E+5,
410.00,1.19011859E+5,
411.00,1.26261836E+5,
412.00,1.30096602E+5,
413.00,1.35641719E+5,
414.00,1.41467016E+5,
415.00,1.46957484E+5,
416.00,1.52358203E+5,
417.00,1.56348453E+5,
418.00,1.62331063E+5,
419.00,1.68683938E+5,
420.00,1.72864313E+5,
421.00,1.76245125E+5,
422.00,1.81596656E+5,
423.00,1.89070766E+5,
424.00,1.95343656E+5,
425.00,1.99201734E+5,
426.00,2.04458000E+5,
427.00,2.09201281E+5,
428.00,2.14233266E+5,
429.00,2.16244516E+5,
430.00,2.20134688E+5,
431.00,2.27408016E+5,
432.00,2.30696969E+5,
433.00,2.34260250E+5,
434.00,2.36881781E+5,
435.00,2.40404344E+5,
436.00,2.46188359E+5,
437.00,2.47947250E+5,
438.00,2.49258172E+5,
439.00,2.53966594E+5,
440.00,2.56803375E+5,
441.00,2.58674141E+5,
442.00,2.63600250E+5,
443.00,2.63468000E+5,
444.00,2.66848625E+5,
445.00,2.66347344E+5,
446.00,2.71060188E+5,
447.00,2.71596625E+5,
448.00,2.73606906E+5,
449.00,2.73748625E+5,
450.00,2.73289844E+5,
451.00,2.74300563E+5,
452.00,2.75078563E+5,
453.00,2.76874625E+5,
454.00,2.75546781E+5,
455.00,2.75382000E+5,
456.00,2.77278250E+5,
457.00,2.75716063E+5,
458.00,2.78465000E+5,
459.00,2.73298125E+5,
460.00,2.74333125E+5,
461.00,2.73220750E+5,
462.00,2.71368031E+5,
463.00,2.71362688E+5,
464.00,2.68313469E+5,
465.00,2.67075719E+5,
466.00,2.67692688E+5,
467.00,2.66088156E+5,
468.00,2.63234406E+5,
469.00,2.62116109E+5,
470.00,2.64526219E+5,
471.00,2.59734500E+5,
472.00,2.59640844E+5,
473.00,2.55767906E+5,
474.00,2.52753484E+5,
475.00,2.52310422E+5,
476.00,2.52756141E+5,
477.00,2.48611188E+5,
478.00,2.46873250E+5,
479.00,2.44463156E+5,
480.00,2.40073313E+5,
481.00,2.38397594E+5,
482.00,2.34974297E+5,
483.00,2.33942219E+5,
484.00,2.32891125E+5,
485.00,2.30985438E+5,
486.00,2.29945859E+5,
487.00,2.25751609E+5,
488.00,2.23012578E+5,
489.00,2.20637578E+5,
490.00,2.16748203E+5,
491.00,2.13015984E+5,
492.00,2.11996969E+5,
493.00,2.09731063E+5,
494.00,2.05505469E+5,
495.00,2.00982016E+5,
496.00,1.97448078E+5,
497.00,1.93474672E+5,
498.00,1.90722875E+5,
499.00,1.87772453E+5,
500.00,1.82865719E+5,
501.00,1.79919625E+5,
502.00,1.77715938E+5,
503.00,1.74469406E+5,
504.00,1.68134125E+5,
505.00,1.65529234E+5,
506.00,1.61182719E+5,
507.00,1.58838625E+5,
508.00,1.52306188E+5,
509.00,1.51152750E+5,
510.00,1.47077016E+5,
511.00,1.44013234E+5,
512.00,1.40388281E+5,
513.00,1.37252203E+5,
514.00,1.33343797E+5,
515.00,1.30746523E+5,
516.00,1.26949695E+5,
517.00,1.23606406E+5,
518.00,1.20676125E+5,
519.00,1.15346125E+5,
520.00,1.13258992E+5,
521.00,1.09722422E+5,
522.00,1.06934359E+5,
523.00,1.04462938E+5,
524.00,1.00508977E+5,
525.00,9.90120547E+4,
526.00,9.50182734E+4,
527.00,9.17813828E+4,
528.00,8.89474766E+4,
529.00,8.75412500E+4,
530.00,8.37957578E+4,
531.00,8.19631563E+4,
532.00,8.01930938E+4,
533.00,7.82329922E+4,
534.00,7.55280703E+4,
535.00,7.28303203E+4,
536.00,7.11558828E+4,
537.00,6.92287109E+4,
538.00,6.77914922E+4,
539.00,6.59345625E+4,
540.00,6.30944766E+4,
541.00,6.28292969E+4,
542.00,6.07578555E+4,
543.00,5.86709375E+4,
544.00,5.74931016E+4,
545.00,5.68296875E+4,
546.00,5.52204102E+4,
547.00,5.56131445E+4,
548.00,5.50916758E+4,
549.00,5.38753281E+4,
550.00,5.30586523E+4,
551.00,5.23610234E+4,
552.00,5.34372734E+4,
553.00,5.15167109E+4,
554.00,5.20962422E+4,
555.00,5.05348320E+4,
556.00,5.14014180E+4,
557.00,5.26461055E+4,
558.00,5.28191406E+4,
559.00,5.18030547E+4,
560.00,5.25788867E+4,
561.00,5.33782500E+4,
562.00,5.28935781E+4,
563.00,5.30855391E+4,
564.00,5.53541875E+4,
565.00,5.53812773E+4,
566.00,5.67241445E+4,
567.00,5.77689883E+4,
568.00,5.72148203E+4,
569.00,5.83062266E+4,
570.00,5.98040391E+4,
571.00,6.15300391E+4,
572.00,6.33768789E+4,
573.00,6.51442227E+4,
574.00,6.72292500E+4,
575.00,6.80336797E+4,
576.00,6.88343750E+4,
577.00,7.11427109E+4,
578.00,7.38931016E+4,
579.00,7.36576953E+4,
580.00,7.57197813E+4,
581.00,7.79052422E+4,
582.00,7.89370000E+4,
583.00,8.02261563E+4,
584.00,8.20467344E+4,
585.00,8.32748672E+4,
586.00,8.45214375E+4,
587.00,9.03572656E+4,
588.00,9.09813906E+4,
589.00,9.08858203E+4,
590.00,9.41243281E+4,
591.00,9.60663281E+4,
592.00,9.70402734E+4,
593.00,1.01077477E+5,
594.00,1.02778945E+5,
595.00,1.05303484E+5,
596.00,1.06232211E+5,
597.00,1.09283172E+5,
598.00,1.11348789E+5,
599.00,1.12833383E+5,
600.00,1.11279258E+5,
601.00,1.19216469E+5,
602.00,1.16835797E+5,
603.00,1.20648219E+5,
604.00,1.19794570E+5,
605.00,1.24523461E+5,
606.00,1.23771148E+5,
607.00,1.26296742E+5,
608.00,1.27049531E+5,
609.00,1.28847109E+5,
610.00,1.30395820E+5,
611.00,1.34069391E+5,
612.00,1.36478188E+5,
613.00,1.35738844E+5,
614.00,1.37756578E+5,
615.00,1.39760719E+5,
616.00,1.43534578E+5,
617.00,1.41958781E+5,
618.00,1.46484016E+5,
619.00,1.48164125E+5,
620.00,1.50586656E+5,
621.00,1.47527516E+5,
622.00,1.49893922E+5,
623.00,1.51607938E+5,
624.00,1.53129828E+5,
625.00,1.57418359E+5,
626.00,1.57256156E+5,
627.00,1.57341281E+5,
628.00,1.60449203E+5,
629.00,1.57072578E+5,
630.00,1.64078906E+5,
631.00,1.60371625E+5,
632.00,1.65159859E+5,
633.00,1.65821047E+5,
634.00,1.62123969E+5,
635.00,1.62814781E+5,
636.00,1.64705828E+5,
637.00,1.68736375E+5,
638.00,1.65910328E+5,
639.00,1.68515547E+5,
640.00,1.67015844E+5,
641.00,1.68385750E+5,
642.00,1.71805578E+5,
643.00,1.69888875E+5,
644.00,1.67148641E+5,
645.00,1.68930641E+5,
646.00,1.68850063E+5,
647.00,1.70839813E+5,
648.00,1.72888813E+5,
649.00,1.69647828E+5,
650.00,1.68161109E+5,
651.00,1.70568859E+5,
652.00,1.68639938E+5,
653.00,1.71629516E+5,
654.00,1.70756281E+5,
655.00,1.68881938E+5,
656.00,1.64081516E+5,
657.00,1.65285938E+5,
658.00,1.68263250E+5,
659.00,1.68202781E+5,
660.00,1.69594375E+5,
661.00,1.69335266E+5,
662.00,1.63434016E+5,
663.00,1.69748203E+5,
664.00,1.69641359E+5,
665.00,1.64332250E+5,
666.00,1.67377031E+5,
667.00,1.72074750E+5,
668.00,1.62122922E+5,
669.00,1.61899984E+5,
670.00,1.67908625E+5,
671.00,1.61839234E+5,
672.00,1.63105641E+5,
673.00,1.62350719E+5,
674.00,1.62495594E+5,
675.00,1.61572844E+5,
676.00,1.59790375E+5,
677.00,1.56122766E+5,
678.00,1.61161000E+5,
679.00,1.59313578E+5,
680.00,1.59670516E+5,
681.00,1.62112797E+5,
682.00,1.59778172E+5,
683.00,1.56374875E+5,
684.00,1.55770984E+5,
685.00,1.54084406E+5,
686.00,1.55306156E+5,
687.00,1.52261438E+5,
688.00,1.50446625E+5,
689.00,1.44912609E+5,
690.00,1.43838672E+5,
691.00,1.40367563E+5,
692.00,1.42942594E+5,
693.00,1.44600875E+5,
694.00,1.41667781E+5,
695.00,1.45166016E+5,
696.00,1.43462188E+5,
697.00,1.45516391E+5,
698.00,1.46676734E+5,
699.00,1.49718234E+5,
700.00,1.47864578E+5,
701.00,1.48193625E+5,
702.00,1.42845641E+5,
703.00,1.44525063E+5,
704.00,1.45312406E+5,
705.00,1.46307406E+5,
706.00,1.40725984E+5,
707.00,1.43455359E+5,
708.00,1.34340188E+5,
709.00,1.35213406E+5,
710.00,1.30754320E+5,
711.00,1.28891383E+5,
712.00,1.31299063E+5,
713.00,1.26875617E+5,
714.00,1.24059102E+5,
715.00,1.21988805E+5,
716.00,1.24107781E+5,
717.00,1.23045172E+5,
718.00,1.18495656E+5,
719.00,1.20461492E+5,
720.00,1.16241375E+5,
721.00,1.14801102E+5,
722.00,1.11485859E+5,
723.00,1.09746781E+5,
724.00,1.08117719E+5,
725.00,1.07526141E+5,
726.00,1.05172648E+5,
727.00,1.01258297E+5,
728.00,1.02073039E+5,
729.00,9.82058281E+4,
730.00,9.36528828E+4,
731.00,8.96885156E+4,
732.00,8.97051875E+4,
733.00,8.66998281E+4,
734.00,8.92495625E+4,
735.00,8.51600781E+4,
736.00,8.46940625E+4,
737.00,7.70440156E+4,
738.00,7.86856016E+4,
739.00,7.79597734E+4,
740.00,7.10241484E+4,
741.00,7.34327578E+4,
742.00,7.05900469E+4,
743.00,7.42350547E+4,
744.00,6.82594141E+4,
745.00,6.68000859E+4,
746.00,6.63311406E+4,
747.00,6.53907617E+4,
748.00,6.14136602E+4,
749.00,6.00423789E+4,
750.00,5.69699688E+4,
