Labels,0,
Type,Emission Scan,
Comment,,
Start,600.00,
Stop,1200.00,
Step,1.00,
Fixed/Offset,455.00,
Xaxis,Wavelength,
Yaxis,Counts,
Scan Corr. by File,True,
Corr. by Ref. Det.,True,
Fixed/Offset Corr. by File,False,
Repeats,1,
Dwell Time,0.10,
Lamp,Xenon,
Temp,0.00,
Scan Polariser,None,
Scan Slit,2.4999220,
Fixed/Offset Polariser,None,
Fixed/Offset Slit,2.4999950,
Detector,Det2,

600.00,8.95803894E+2,
601.00,1.98394577E+2,
602.00,-1.12356903E+2,
603.00,-2.38460480E+2,
604.00,-5.12217445E+1,
605.00,1.14616211E+2,
606.00,2.66989532E+2,
607.00,1.73922348E+2,
608.00,-3.47523041E+1,
609.00,4.20687286E+2,
610.00,-3.81838928E+2,
611.00,-1.08465881E+3,
612.00,3.93695869E+1,
613.00,1.36520706E+2,
614.00,-2.62530792E+2,
615.00,3.91124847E+2,
616.00,-2.97759460E+2,
617.00,-1.77401535E+2,
618.00,-4.59962982E+2,
619.00,1.78682251E+2,
620.00,-3.24795807E+2,
621.00,-5.02998199E+2,
622.00,-2.99125275E+2,
623.00,-9.09840927E+1,
624.00,-1.61274048E+2,
625.00,-7.03778320E+2,
626.00,-4.22924683E+2,
627.00,5.85423012E+1,
628.00,-2.44744583E+2,
629.00,-3.19517883E+2,
630.00,-6.12360046E+2,
631.00,-4.40113617E+2,
632.00,1.82207413E+1,
633.00,-6.91541199E+2,
634.00,-2.64959137E+2,
635.00,3.48214844E+2,
636.00,-3.17078491E+2,
637.00,-1.62844513E+2,
638.00,-2.09980087E+2,
639.00,-2.27415802E+2,
640.00,-1.75383881E+2,
641.00,-4.12909973E+2,
642.00,-3.73124146E+2,
643.00,-2.94692047E+2,
644.00,-3.51341095E+2,
645.00,-5.18187134E+2,
646.00,-4.96852692E+2,
647.00,-2.77984619E+2,
648.00,-4.92007385E+2,
649.00,-2.15403305E+2,
650.00,-7.28570862E+2,
651.00,-1.07935638E+2,
652.00,-4.46732239E+2,
653.00,-3.48123749E+2,
654.00,2.30446949E+1,
655.00,-2.00531128E+2,
656.00,-7.38559875E+2,
657.00,-4.03434418E+2,
658.00,-3.87234924E+2,
659.00,-2.09983902E+2,
660.00,-6.28612671E+2,
661.00,-7.46026184E+2,
662.00,-3.13767395E+1,
663.00,-1.22307022E+2,
664.00,-4.60679962E+2,
665.00,-4.89203674E+2,
666.00,-3.61553680E+2,
667.00,-1.87612885E+2,
668.00,-5.38773621E+2,
669.00,-3.12444916E+2,
670.00,-5.26986877E+2,
671.00,-4.26751282E+2,
672.00,-3.63782471E+2,
673.00,-6.28659363E+2,
674.00,-2.17089386E+2,
675.00,1.44192978E+2,
676.00,-2.18844391E+2,
677.00,-4.24784546E+2,
678.00,-5.20842896E+2,
679.00,3.36726074E+1,
680.00,-3.53323822E+2,
681.00,-2.29875748E+2,
682.00,-4.39121857E+2,
683.00,-4.21339325E+2,
684.00,-4.00328796E+2,
685.00,-3.68981842E+2,
686.00,-3.46123383E+2,
687.00,2.97710205E+2,
688.00,-6.11359367E+1,
689.00,3.31952324E+1,
690.00,-1.99541336E+2,
691.00,2.39573013E+2,
692.00,2.99452789E+2,
693.00,2.49782623E+2,
694.00,4.13340942E+2,
695.00,2.43586258E+2,
696.00,6.87815613E+2,
697.00,8.93856140E+2,
698.00,1.12187146E+3,
699.00,3.21928345E+2,
700.00,7.50679321E+2,
701.00,9.26752808E+2,
702.00,1.93244861E+3,
703.00,1.06120288E+3,
704.00,1.76655530E+3,
705.00,1.03893909E+3,
706.00,1.85743274E+3,
707.00,1.69793860E+3,
708.00,2.77830054E+3,
709.00,2.18831030E+3,
710.00,2.53872852E+3,
711.00,2.09125293E+3,
712.00,3.22649341E+3,
713.00,3.11204224E+3,
714.00,3.42973022E+3,
715.00,4.11684717E+3,
716.00,3.60740576E+3,
717.00,4.37410889E+3,
718.00,3.99385156E+3,
719.00,4.30911621E+3,
720.00,4.68857129E+3,
721.00,5.81406787E+3,
722.00,5.61193555E+3,
723.00,5.56916211E+3,
724.00,6.60549707E+3,
725.00,6.79012500E+3,
726.00,6.87391895E+3,
727.00,7.66247900E+3,
728.00,9.13045996E+3,
729.00,9.13402637E+3,
730.00,9.22958301E+3,
731.00,9.90337305E+3,
732.00,1.10816699E+4,
733.00,1.07384072E+4,
734.00,1.21999297E+4,
735.00,1.17577012E+4,
736.00,1.29255166E+4,
737.00,1.38926836E+4,
738.00,1.41403838E+4,
739.00,1.43933066E+4,
740.00,1.59906289E+4,
741.00,1.56448711E+4,
742.00,1.71535293E+4,
743.00,1.85527188E+4,
744.00,1.92849570E+4,
745.00,1.96060781E+4,
746.00,2.04241641E+4,
747.00,2.20065703E+4,
748.00,2.26899746E+4,
749.00,2.35968145E+4,
750.00,2.54997500E+4,
751.00,2.52853281E+4,
752.00,2.67209727E+4,
753.00,2.85477656E+4,
754.00,2.93275645E+4,
755.00,3.12117109E+4,
756.00,3.16505625E+4,
757.00,3.32763984E+4,
758.00,3.45812383E+4,
759.00,3.52125781E+4,
760.00,3.63365117E+4,
761.00,3.80916289E+4,
762.00,3.99317813E+4,
763.00,4.19918203E+4,
764.00,4.28590117E+4,
765.00,4.38319688E+4,
766.00,4.50860313E+4,
767.00,4.74976797E+4,
768.00,4.85095313E+4,
769.00,4.99647617E+4,
770.00,5.13600938E+4,
771.00,5.34740195E+4,
772.00,5.42768281E+4,
773.00,5.73366680E+4,
774.00,5.70977930E+4,
775.00,6.07727852E+4,
776.00,6.26036055E+4,
777.00,6.48166875E+4,
778.00,6.45106797E+4,
779.00,6.71512188E+4,
780.00,6.87236250E+4,
781.00,6.98953203E+4,
782.00,7.21912969E+4,
783.00,7.30635078E+4,
784.00,7.70300625E+4,
785.00,7.85795469E+4,
786.00,8.07118906E+4,
787.00,8.10670234E+4,
788.00,8.16055781E+4,
789.00,8.58291953E+4,
790.00,8.71942969E+4,
791.00,9.13636094E+4,
792.00,9.12348359E+4,
793.00,9.38724609E+4,
794.00,9.44784297E+4,
795.00,9.50542734E+4,
796.00,9.75706094E+4,
797.00,1.01079141E+5,
798.00,1.01873563E+5,
799.00,1.04457789E+5,
800.00,1.06205938E+5,
801.00,1.07593703E+5,
802.00,1.09315945E+5,
803.00,1.10853000E+5,
804.00,1.11789828E+5,
805.00,1.15194867E+5,
806.00,1.16975391E+5,
807.00,1.19847523E+5,
808.00,1.21550078E+5,
809.00,1.22574367E+5,
810.00,1.24260344E+5,
811.00,1.27370797E+5,
812.00,1.28635461E+5,
813.00,1.29728164E+5,
814.00,1.30727531E+5,
815.00,1.32778516E+5,
816.00,1.32540969E+5,
817.00,1.33929609E+5,
818.00,1.37861938E+5,
819.00,1.39808188E+5,
820.00,1.39037188E+5,
821.00,1.41366625E+5,
822.00,1.41992141E+5,
823.00,1.44343281E+5,
824.00,1.45455109E+5,
825.00,1.45557641E+5,
826.00,1.47800641E+5,
827.00,1.48185922E+5,
828.00,1.47599875E+5,
829.00,1.49346031E+5,
830.00,1.52720406E+5,
831.00,1.52932563E+5,
832.00,1.54756359E+5,
833.00,1.56284031E+5,
834.00,1.54784766E+5,
835.00,1.57058844E+5,
836.00,1.58869031E+5,
837.00,1.58889578E+5,
838.00,1.58202375E+5,
839.00,1.62478063E+5,
840.00,1.62141141E+5,
841.00,1.62352766E+5,
842.00,1.63526844E+5,
843.00,1.63286547E+5,
844.00,1.61558828E+5,
845.00,1.64871188E+5,
846.00,1.64652219E+5,
847.00,1.65052250E+5,
848.00,1.65892609E+5,
849.00,1.68626375E+5,
850.00,1.67456328E+5,
851.00,1.66399703E+5,
852.00,1.68400578E+5,
853.00,1.68434063E+5,
854.00,1.69268984E+5,
855.00,1.68135797E+5,
856.00,1.69229328E+5,
857.00,1.68537500E+5,
858.00,1.68416063E+5,
859.00,1.69828875E+5,
860.00,1.66371922E+5,
861.00,1.67963047E+5,
862.00,1.67155609E+5,
863.00,1.68749313E+5,
864.00,1.70050094E+5,
865.00,1.68619109E+5,
866.00,1.68021531E+5,
867.00,1.68987125E+5,
868.00,1.67771766E+5,
869.00,1.67346141E+5,
870.00,1.69308656E+5,
871.00,1.69364734E+5,
872.00,1.66352406E+5,
873.00,1.65316000E+5,
874.00,1.64537531E+5,
875.00,1.64972328E+5,
876.00,1.64131438E+5,
877.00,1.64373469E+5,
878.00,1.64644094E+5,
879.00,1.63227750E+5,
880.00,1.63648406E+5,
881.00,1.62247594E+5,
882.00,1.59674531E+5,
883.00,1.59551359E+5,
884.00,1.58825828E+5,
885.00,1.59307047E+5,
886.00,1.59451734E+5,
887.00,1.57611344E+5,
888.00,1.58565203E+5,
889.00,1.58195844E+5,
890.00,1.55141672E+5,
891.00,1.56306906E+5,
892.00,1.54616484E+5,
893.00,1.52868203E+5,
894.00,1.54286766E+5,
895.00,1.51453563E+5,
896.00,1.50584266E+5,
897.00,1.50076344E+5,
898.00,1.49911797E+5,
899.00,1.50018719E+5,
900.00,1.47871016E+5,
901.00,1.46495750E+5,
902.00,1.46960859E+5,
903.00,1.45894688E+5,
904.00,1.44238031E+5,
905.00,1.44611781E+5,
906.00,1.43871453E+5,
907.00,1.43628797E+5,
908.00,1.42622188E+5,
909.00,1.40917141E+5,
910.00,1.39867531E+5,
911.00,1.38586078E+5,
912.00,1.38208781E+5,
913.00,1.37677016E+5,
914.00,1.36725063E+5,
915.00,1.36757703E+5,
916.00,1.33848000E+5,
917.00,1.34208703E+5,
918.00,1.32763734E+5,
919.00,1.32399984E+5,
920.00,1.31623094E+5,
921.00,1.30431617E+5,
922.00,1.29391156E+5,
923.00,1.28240406E+5,
924.00,1.26770305E+5,
925.00,1.24971953E+5,
926.00,1.25513016E+5,
927.00,1.23682758E+5,
928.00,1.22565742E+5,
929.00,1.21821648E+5,
930.00,1.21169359E+5,
931.00,1.20228938E+5,
932.00,1.19706711E+5,
933.00,1.18225047E+5,
934.00,1.16780773E+5,
935.00,1.15415031E+5,
936.00,1.15160977E+5,
937.00,1.13340328E+5,
938.00,1.13265836E+5,
939.00,1.11794711E+5,
940.00,1.10051094E+5,
941.00,1.09978313E+5,
942.00,1.08660641E+5,
943.00,1.07849563E+5,
944.00,1.05927461E+5,
945.00,1.05774625E+5,
946.00,1.04740461E+5,
947.00,1.04198172E+5,
948.00,1.02931633E+5,
949.00,1.01615211E+5,
950.00,1.00528664E+5,
951.00,9.94412344E+4,
952.00,9.81301328E+4,
953.00,9.82080938E+4,
954.00,9.67730938E+4,
955.00,9.59304844E+4,
956.00,9.48116719E+4,
957.00,9.40853047E+4,
958.00,9.23555938E+4,
959.00,9.20674766E+4,
960.00,9.08446484E+4,
961.00,9.03246328E+4,
962.00,8.92077109E+4,
963.00,8.81187656E+4,
964.00,8.63497578E+4,
965.00,8.52904609E+4,
966.00,8.50977891E+4,
967.00,8.45201250E+4,
968.00,8.24101641E+4,
969.00,8.23427500E+4,
970.00,8.06426875E+4,
971.00,7.98497734E+4,
972.00,7.93350156E+4,
973.00,7.83481875E+4,
974.00,7.71789922E+4,
975.00,7.59875938E+4,
976.00,7.58452578E+4,
977.00,7.46791641E+4,
978.00,7.39474609E+4,
979.00,7.31298906E+4,
980.00,7.21178672E+4,
981.00,7.18189141E+4,
982.00,7.06312969E+4,
983.00,6.97115781E+4,
984.00,6.93580469E+4,
985.00,6.84235156E+4,
986.00,6.74181484E+4,
987.00,6.66106875E+4,
988.00,6.57374219E+4,
989.00,6.48860703E+4,
990.00,6.39488633E+4,
991.00,6.31629023E+4,
992.00,6.26730273E+4,
993.00,6.13191367E+4,
994.00,6.13147188E+4,
995.00,6.06979570E+4,
996.00,6.04176758E+4,
997.00,5.91006016E+4,
998.00,5.82211953E+4,
999.00,5.77231523E+4,
1000.00,5.69209805E+4,
1001.000,5.62352188E+4,
1002.000,5.55321992E+4,
1003.000,5.50685156E+4,
1004.000,5.37740234E+4,
1005.000,5.33017109E+4,
1006.000,5.26488867E+4,
1007.000,5.21217109E+4,
1008.000,5.14819336E+4,
1009.000,5.07780938E+4,
1010.00,5.03478047E+4,
1011.000,4.94749336E+4,
1012.000,4.93033711E+4,
1013.000,4.82029336E+4,
1014.000,4.78241094E+4,
1015.000,4.69836523E+4,
1016.000,4.63849141E+4,
1017.000,4.62093281E+4,
1018.000,4.53744609E+4,
1019.000,4.50204180E+4,
1020.00,4.45508633E+4,
1021.000,4.34908281E+4,
1022.000,4.29391055E+4,
1023.000,4.22436836E+4,
1024.000,4.22823984E+4,
1025.000,4.12607656E+4,
1026.000,4.08853984E+4,
1027.000,4.05329961E+4,
1028.000,4.01761133E+4,
1029.000,3.91203477E+4,
1030.00,3.87303320E+4,
1031.000,3.82505820E+4,
1032.000,3.80120703E+4,
1033.000,3.73830664E+4,
1034.000,3.67362695E+4,
1035.000,3.66115664E+4,
1036.000,3.58861094E+4,
1037.000,3.55340586E+4,
1038.000,3.49068203E+4,
1039.000,3.48630469E+4,
1040.00,3.40890039E+4,
1041.000,3.35908984E+4,
1042.000,3.32085742E+4,
1043.000,3.24462227E+4,
1044.000,3.20866211E+4,
1045.000,3.17899219E+4,
1046.000,3.12944453E+4,
1047.000,3.07413555E+4,
1048.000,3.05204941E+4,
1049.000,2.98830234E+4,
1050.00,2.94199023E+4,
1051.000,2.92483633E+4,
1052.000,2.87837168E+4,
1053.000,2.83429863E+4,
1054.000,2.79504043E+4,
1055.000,2.74917285E+4,
1056.000,2.70847773E+4,
1057.000,2.68450293E+4,
1058.000,2.62955566E+4,
1059.000,2.59785156E+4,
1060.00,2.56975098E+4,
1061.000,2.54519727E+4,
1062.000,2.50259297E+4,
1063.000,2.49374004E+4,
1064.000,2.45435840E+4,
1065.000,2.42257637E+4,
1066.000,2.38980234E+4,
1067.000,2.32283906E+4,
1068.000,2.31977773E+4,
1069.000,2.26454453E+4,
1070.00,2.24519805E+4,
1071.000,2.24077207E+4,
1072.000,2.17878496E+4,
1073.000,2.17963984E+4,
1074.000,2.10637813E+4,
1075.000,2.12296758E+4,
1076.000,2.06874238E+4,
1077.000,2.02476875E+4,
1078.000,2.00323320E+4,
1079.000,1.97907930E+4,
1080.00,1.96550781E+4,
1081.000,1.92880820E+4,
1082.000,1.90823145E+4,
1083.000,1.86181445E+4,
1084.000,1.84522578E+4,
1085.000,1.82469102E+4,
1086.000,1.78168691E+4,
1087.000,1.75225000E+4,
1088.000,1.73838027E+4,
1089.000,1.72199570E+4,
1090.00,1.67681055E+4,
1091.000,1.65376484E+4,
1092.000,1.66853145E+4,
1093.000,1.61761006E+4,
1094.000,1.61270840E+4,
1095.000,1.58085283E+4,
1096.000,1.56557139E+4,
1097.000,1.52271016E+4,
1098.000,1.51244082E+4,
1099.000,1.48736465E+4,
1100.00,1.43850781E+4,
1101.000,1.45586250E+4,
1102.000,1.43506387E+4,
1103.000,1.40580293E+4,
1104.000,1.39039893E+4,
1105.000,1.35500488E+4,
1106.000,1.31784736E+4,
1107.000,1.32052861E+4,
1108.000,1.32567549E+4,
1109.000,1.30671260E+4,
1110.00,1.24197100E+4,
1111.000,1.24473350E+4,
1112.000,1.22556777E+4,
1113.000,1.21753477E+4,
1114.000,1.19028320E+4,
1115.000,1.16800127E+4,
1116.000,1.12987939E+4,
1117.000,1.15409922E+4,
1118.000,1.12127246E+4,
1119.000,1.08557500E+4,
1120.00,1.07643916E+4,
1121.000,1.08167803E+4,
1122.000,1.05135264E+4,
1123.000,1.03315938E+4,
1124.000,1.02059932E+4,
1125.000,1.00080928E+4,
1126.000,1.00000117E+4,
1127.000,9.85990918E+3,
1128.000,9.67629590E+3,
1129.000,9.36085547E+3,
1130.00,9.37814258E+3,
1131.000,9.09214258E+3,
1132.000,9.07894238E+3,
1133.000,8.91256641E+3,
1134.000,8.69925879E+3,
1135.000,8.68295605E+3,
1136.000,8.45224805E+3,
1137.000,8.43445703E+3,
1138.000,8.12464355E+3,
1139.000,8.00932080E+3,
1140.00,8.17491162E+3,
1141.000,7.85116406E+3,
1142.000,7.63192871E+3,
1143.000,7.73307910E+3,
1144.000,7.71587988E+3,
1145.000,7.65293555E+3,
1146.000,7.42294922E+3,
1147.000,7.21533838E+3,
1148.000,7.20153418E+3,
1149.000,7.09424707E+3,
1150.00,7.15359717E+3,
1151.000,6.71433008E+3,
1152.000,6.77140869E+3,
1153.000,6.48876123E+3,
1154.000,6.51648242E+3,
1155.000,6.51519580E+3,
1156.000,6.54914453E+3,
1157.000,6.29385107E+3,
1158.000,6.07355078E+3,
1159.000,6.01467236E+3,
1160.00,5.99147363E+3,
1161.000,5.93591699E+3,
1162.000,5.84279834E+3,
1163.000,5.81203369E+3,
1164.000,5.54988867E+3,
1165.000,5.59135303E+3,
1166.000,5.55964307E+3,
1167.000,5.36778076E+3,
1168.000,5.28643750E+3,
1169.000,5.18126318E+3,
1170.00,5.02500293E+3,
1171.000,5.12764941E+3,
1172.000,4.98285840E+3,
1173.000,4.96690723E+3,
1174.000,4.83918945E+3,
1175.000,4.80003955E+3,
1176.000,4.67294922E+3,
1177.000,4.58525293E+3,
1178.000,4.54671582E+3,
1179.000,4.41983740E+3,
1180.00,4.47866113E+3,
1181.000,4.42769189E+3,
1182.000,4.31679980E+3,
1183.000,4.14785938E+3,
1184.000,4.18001709E+3,
1185.000,4.00019141E+3,
1186.000,4.09971875E+3,
1187.000,4.05912769E+3,
1188.000,4.02252612E+3,
1189.000,3.86757471E+3,
1190.00,3.86348462E+3,
1191.000,3.77092847E+3,
1192.000,3.72018457E+3,
1193.000,3.62231738E+3,
1194.000,3.63851538E+3,
1195.000,3.51753149E+3,
1196.000,3.55882373E+3,
1197.000,3.49651538E+3,
1198.000,3.36321729E+3,
1199.000,3.37288208E+3,
1200.00,3.31909961E+3,
