Labels,0,
Type,Emission Scan,
Comment,,
Start,425.00,
Stop,830.00,
Step,0.500,
Fixed/Offset,445.00,
Xaxis,Wavelength,
Yaxis,Counts,
Scan Corr. by File,True,
Corr. by Ref. Det.,True,
Fixed/Offset Corr. by File,False,
Repeats,1,
Dwell Time,0.20,
Lamp,Xenon,
Temp,0.00,
Scan Polariser,None,
Scan Slit,0.22002183,
Fixed/Offset Polariser,None,
Fixed/Offset Slit,2.2000229,
Detector,Det 1,

425.00,-1.98269427E+0,
425.500,-1.48202848E+0,
426.00,-9.92789507E-1,
426.500,-1.47592688E+0,
427.00,-9.90085185E-1,
427.500,-1.48332775E+0,
428.00,4.92758662E-1,
428.500,-4.92664844E-1,
429.00,-1.47432125E+0,
429.500,4.93662924E-1,
430.00,0.00000000E+0,
430.500,-1.96934009E+0,
431.00,-1.97564363E+0,
431.500,0.00000000E+0,
432.00,-9.87667620E-1,
432.500,-1.47682333E+0,
433.00,-9.86544788E-1,
433.500,-4.93695676E-1,
434.00,-1.48752367E+0,
434.500,-9.87660110E-1,
435.00,4.95839030E-1,
435.500,-9.88187075E-1,
436.00,-4.92365390E-1,
436.500,-9.88210738E-1,
437.00,-4.97256368E-1,
437.500,3.47455072E+0,
438.00,7.46902609E+0,
438.500,1.39395189E+1,
439.00,3.25143814E+1,
439.500,5.31256828E+1,
440.00,9.76755371E+1,
440.500,1.34709930E+2,
441.00,1.94096786E+2,
441.500,2.40879608E+2,
442.00,3.27622559E+2,
442.500,4.35908142E+2,
443.00,7.26886475E+2,
443.500,6.14673486E+3,
444.00,2.81528633E+4,
444.500,5.57428281E+4,
445.00,8.17563203E+4,
445.500,1.00139016E+5,
446.00,9.05423516E+4,
446.500,6.49652188E+4,
447.00,3.83888789E+4,
447.500,1.39448945E+4,
448.00,1.47869568E+3,
448.500,5.39285461E+2,
449.00,3.42988678E+2,
449.500,2.86744263E+2,
450.00,2.24110794E+2,
450.500,1.85325485E+2,
451.00,1.48673080E+2,
451.500,1.30941116E+2,
452.00,8.78481293E+1,
452.500,5.42961540E+1,
453.00,5.50638123E+1,
453.500,3.19013367E+1,
454.00,1.65149498E+1,
454.500,1.23269978E+1,
455.00,9.94225502E+0,
455.500,7.02437735E+0,
456.00,6.41466379E+0,
456.500,6.36902237E+0,
457.00,6.93650150E+0,
457.500,6.84960318E+0,
458.00,1.25307512E+1,
458.500,6.24105692E+0,
459.00,1.12453537E+1,
459.500,6.70261765E+0,
460.00,1.33722477E+1,
460.500,8.30298233E+0,
461.00,7.18244886E+0,
461.500,9.86495590E+0,
462.00,9.25938988E+0,
462.500,1.13626165E+1,
463.00,1.18733788E+1,
463.500,8.06537819E+0,
464.00,9.65337753E+0,
464.500,1.59123688E+1,
465.00,1.16809664E+1,
465.500,9.55074787E+0,
466.00,1.21713514E+1,
466.500,1.10253019E+1,
467.00,1.15772305E+1,
467.500,9.44328308E+0,
468.00,1.55979643E+1,
468.500,2.09586124E+1,
469.00,1.35388336E+1,
469.500,1.30709238E+1,
470.00,1.66764545E+1,
470.500,1.51144915E+1,
471.00,1.29589920E+1,
471.500,1.19636431E+1,
472.00,1.24890661E+1,
472.500,1.71811275E+1,
473.00,1.81758289E+1,
473.500,1.56453123E+1,
474.00,1.24747591E+1,
474.500,1.41412420E+1,
475.00,1.35822659E+1,
475.500,1.62751694E+1,
476.00,2.47013550E+1,
476.500,1.57431479E+1,
477.00,1.47648687E+1,
477.500,2.52915344E+1,
478.00,1.21760015E+1,
478.500,2.00403194E+1,
479.00,1.80741901E+1,
479.500,1.22161531E+1,
480.00,1.53961639E+1,
480.500,2.18618832E+1,
481.00,1.87050915E+1,
481.500,1.33967762E+1,
482.00,1.71626453E+1,
482.500,1.55771179E+1,
483.00,1.40515194E+1,
483.500,1.46299715E+1,
484.00,1.02825623E+1,
484.500,2.11837425E+1,
485.00,1.80950298E+1,
485.500,1.59060478E+1,
486.00,1.47973566E+1,
486.500,1.54236565E+1,
487.00,2.22114449E+1,
487.500,2.50098877E+1,
488.00,1.84462852E+1,
488.500,2.40709610E+1,
489.00,2.25049896E+1,
489.500,1.69254208E+1,
490.00,1.81709156E+1,
490.500,1.87549381E+1,
491.00,1.66370811E+1,
491.500,1.37933159E+1,
492.00,2.48451672E+1,
492.500,2.14475689E+1,
493.00,1.79893322E+1,
493.500,1.63199425E+1,
494.00,2.04139233E+1,
494.500,1.64831924E+1,
495.00,1.70897007E+1,
495.500,2.18965263E+1,
496.00,1.84499035E+1,
496.500,1.72133160E+1,
497.00,2.74571571E+1,
497.500,2.04419022E+1,
498.00,1.32704706E+1,
498.500,1.81297073E+1,
499.00,2.73982162E+1,
499.500,1.95627708E+1,
500.00,2.32488842E+1,
500.500,2.50971432E+1,
501.00,2.33923016E+1,
501.500,1.91885281E+1,
502.00,1.42646132E+1,
502.500,1.98788910E+1,
503.00,2.12346230E+1,
503.500,1.50522127E+1,
504.00,2.19853439E+1,
504.500,2.34983082E+1,
505.00,2.14449978E+1,
505.500,2.10209160E+1,
506.00,2.43270435E+1,
506.500,2.82093754E+1,
507.00,1.92628193E+1,
507.500,1.94200516E+1,
508.00,1.95518246E+1,
508.500,2.09578533E+1,
509.00,1.76419525E+1,
509.500,1.57855282E+1,
510.00,1.98678226E+1,
510.500,1.92215729E+1,
511.00,1.99731750E+1,
511.500,2.40715218E+1,
512.00,1.48090200E+1,
512.500,1.54609737E+1,
513.00,1.41868801E+1,
513.500,2.24174900E+1,
514.00,1.97157669E+1,
514.500,2.32286243E+1,
515.00,1.99173641E+1,
515.500,2.05969563E+1,
516.00,1.38469095E+1,
516.500,1.94894905E+1,
517.00,1.11753330E+1,
517.500,2.66940536E+1,
518.00,1.83452778E+1,
518.500,2.26305523E+1,
519.00,1.92044468E+1,
519.500,1.85379009E+1,
520.00,2.00402985E+1,
520.500,1.50892229E+1,
521.00,2.23475475E+1,
521.500,2.53230915E+1,
522.00,1.52029066E+1,
522.500,2.11629486E+1,
523.00,1.46984596E+1,
523.500,2.35343933E+1,
524.00,1.84144993E+1,
524.500,2.22005901E+1,
525.00,1.70993862E+1,
525.500,1.64947109E+1,
526.00,1.42913942E+1,
526.500,1.42738514E+1,
527.00,2.11544113E+1,
527.500,1.36735249E+1,
528.00,2.60108700E+1,
528.500,2.08266239E+1,
529.00,2.08287945E+1,
529.500,1.78550301E+1,
530.00,1.62837925E+1,
530.500,1.72102699E+1,
531.00,2.04120483E+1,
531.500,1.10608625E+1,
532.00,2.05009480E+1,
532.500,1.98531857E+1,
533.00,1.51287870E+1,
533.500,1.91737747E+1,
534.00,1.52414579E+1,
534.500,2.10445557E+1,
535.00,1.70732956E+1,
535.500,1.14614334E+1,
536.00,2.38015461E+1,
536.500,2.22022209E+1,
537.00,1.73841705E+1,
537.500,1.32307987E+1,
538.00,1.16470938E+1,
538.500,1.25502386E+1,
539.00,1.34240456E+1,
539.500,9.27874947E+0,
540.00,2.03875599E+1,
540.500,1.19309826E+1,
541.00,1.27929878E+1,
541.500,1.71055050E+1,
542.00,9.39946461E+0,
542.500,2.15895100E+1,
543.00,1.20908260E+1,
543.500,5.18638420E+0,
544.00,1.47712526E+1,
544.500,9.57746410E+0,
545.00,6.12410116E+0,
545.500,1.58480873E+1,
546.00,1.58838015E+1,
546.500,1.15032148E+1,
547.00,1.06667013E+1,
547.500,1.25371122E+1,
548.00,9.90014172E+0,
548.500,1.70954304E+1,
549.00,1.81409931E+1,
549.500,2.09731884E+1,
550.00,2.10999432E+1,
550.500,1.28470201E+1,
551.00,7.40757418E+0,
551.500,8.39226151E+0,
552.00,1.02874651E+1,
552.500,1.40687513E+1,
553.00,1.88439445E+1,
553.500,9.45063019E+0,
554.00,1.33312359E+1,
554.500,1.24879780E+1,
555.00,1.44388676E+1,
555.500,9.70531559E+0,
556.00,8.73669338E+0,
556.500,1.56361141E+1,
557.00,2.95374656E+0,
557.500,9.89828205E+0,
558.00,7.95301056E+0,
558.500,1.30180826E+1,
559.00,1.40300684E+1,
559.500,7.04597425E+0,
560.00,7.08817291E+0,
560.500,1.32137823E+1,
561.00,1.12726402E+1,
561.500,1.02520161E+1,
562.00,9.28847504E+0,
562.500,1.14324932E+1,
563.00,7.27458477E+0,
563.500,9.43689728E+0,
564.00,9.53046322E+0,
564.500,1.79725933E+1,
565.00,1.38534374E+1,
565.500,6.41567135E+0,
566.00,7.51628304E+0,
566.500,0.00000000E+0,
567.00,1.08503904E+1,
567.500,1.30843983E+1,
568.00,1.53519907E+1,
568.500,1.09837236E+1,
569.00,8.84312916E+0,
569.500,7.76294184E+0,
570.00,6.68336678E+0,
570.500,1.57915821E+1,
571.00,4.50759840E+0,
571.500,0.00000000E+0,
572.00,0.00000000E+0,
572.500,1.14823437E+0,
573.00,1.03622675E+1,
573.500,6.95432377E+0,
574.00,9.30859852E+0,
574.500,1.17148809E+1,
575.00,9.42469120E+0,
575.500,7.07290649E+0,
576.00,1.19167387E+0,
576.500,1.19295835E+0,
577.00,7.22114754E+0,
577.500,2.41165042E+0,
578.00,6.05092001E+0,
578.500,8.54951000E+0,
579.00,6.12330198E+0,
579.500,7.39891100E+0,
580.00,7.45342636E+0,
580.500,3.72446609E+0,
581.00,2.51532912E+0,
581.500,-1.26549029E+0,
582.00,1.39020042E+1,
582.500,3.82966948E+0,
583.00,3.84164071E+0,
583.500,7.72513008E+0,
584.00,1.03355064E+1,
584.500,1.29763069E+1,
585.00,1.04524784E+1,
585.500,5.23632956E+0,
586.00,5.27285147E+0,
586.500,5.31619358E+0,
587.00,6.68228149E+0,
587.500,8.03576279E+0,
588.00,1.20952339E+1,
588.500,0.00000000E+0,
589.00,1.90452385E+1,
589.500,4.10423040E+0,
590.00,8.29440308E+0,
590.500,8.28551483E+0,
591.00,2.77922297E+0,
591.500,5.59960413E+0,
592.00,4.22654343E+0,
592.500,1.12928019E+1,
593.00,0.00000000E+0,
593.500,5.69048786E+0,
594.00,4.29094601E+0,
594.500,-1.43942475E+0,
595.00,1.30311575E+1,
595.500,-1.46253622E+0,
596.00,5.86207056E+0,
596.500,2.95290947E+0,
597.00,1.17972136E+1,
597.500,-1.48673511E+0,
598.00,7.45465136E+0,
598.500,4.50908518E+0,
599.00,1.51672399E+0,
599.500,6.09078312E+0,
600.00,-3.05557013E+0,
600.500,7.71657467E+0,
601.00,-1.54588902E+0,
601.500,-1.56013775E+0,
602.00,1.56135349E+1,
602.500,1.56859553E+0,
603.00,1.58383977E+0,
603.500,6.38603020E+0,
604.00,3.21586823E+0,
604.500,4.82500744E+0,
605.00,6.46870899E+0,
605.500,1.63749635E+0,
606.00,6.55483150E+0,
606.500,1.64688563E+0,
607.00,-1.66042531E+0,
607.500,6.67078972E+0,
608.00,0.00000000E+0,
608.500,6.76104403E+0,
609.00,0.00000000E+0,
609.500,1.70910954E+0,
610.00,1.53845072E+1,
610.500,3.46298432E+0,
611.00,3.49591947E+0,
611.500,-5.28592634E+0,
612.00,1.23681517E+1,
612.500,1.78350091E+0,
613.00,0.00000000E+0,
613.500,-1.79710567E+0,
614.00,1.81360149E+0,
614.500,7.29146099E+0,
615.00,7.38440180E+0,
615.500,3.69550800E+0,
616.00,1.85425329E+0,
616.500,3.74254036E+0,
617.00,7.54852819E+0,
617.500,5.69017267E+0,
618.00,0.00000000E+0,
618.500,5.77647638E+0,
619.00,3.87688994E+0,
619.500,1.94753480E+0,
620.00,5.87786531E+0,
620.500,0.00000000E+0,
621.00,0.00000000E+0,
621.500,-8.04065990E+0,
622.00,0.00000000E+0,
622.500,-2.02742243E+0,
623.00,-8.20985126E+0,
623.500,-2.06538010E+0,
624.00,8.31935120E+0,
624.500,2.09627771E+0,
625.00,6.34052515E+0,
625.500,0.00000000E+0,
626.00,8.53465939E+0,
626.500,2.15429544E+0,
627.00,0.00000000E+0,
627.500,6.56270838E+0,
628.00,-2.19561529E+0,
628.500,2.22075367E+0,
629.00,6.72447062E+0,
629.500,4.49438095E+0,
630.00,0.00000000E+0,
630.500,0.00000000E+0,
631.00,0.00000000E+0,
631.500,2.32022882E+0,
632.00,1.40998936E+1,
632.500,1.18565817E+1,
633.00,-7.12704134E+0,
633.500,1.44006586E+1,
634.00,-4.85734129E+0,
634.500,2.43841290E+0,
635.00,-2.45730186E+0,
635.500,-2.48263431E+0,
636.00,5.00275326E+0,
636.500,-7.54191542E+0,
637.00,0.00000000E+0,
637.500,7.68462038E+0,
638.00,-7.72294807E+0,
638.500,-5.20412064E+0,
639.00,-2.61328125E+0,
639.500,5.29865265E+0,
640.00,5.34568930E+0,
640.500,-2.69194436E+0,
641.00,1.08737297E+1,
641.500,8.18354416E+0,
642.00,0.00000000E+0,
642.500,8.31073761E+0,
643.00,2.78787899E+0,
643.500,0.00000000E+0,
644.00,5.71332455E+0,
644.500,5.75687456E+0,
645.00,2.89480305E+0,
645.500,-1.17034073E+1,
646.00,5.88826609E+0,
646.500,1.18736057E+1,
647.00,-5.99440575E+0,
647.500,-3.02694631E+0,
648.00,0.00000000E+0,
648.500,2.77786922E+1,
649.00,-3.12467074E+0,
649.500,0.00000000E+0,
650.00,0.00000000E+0,
650.500,-3.20346236E+0,
651.00,-9.69714165E+0,
651.500,1.62646313E+1,
652.00,-3.28936529E+0,
652.500,-6.65344334E+0,
653.00,-3.35941958E+0,
653.500,1.69945335E+1,
654.00,6.85359478E+0,
654.500,-6.93592548E+0,
655.00,3.49802256E+0,
655.500,1.41879787E+1,
656.00,7.12579393E+0,
656.500,7.20916128E+0,
657.00,7.29152870E+0,
657.500,2.20291367E+1,
658.00,7.43412685E+0,
658.500,1.87694645E+1,
659.00,-1.13709202E+1,
659.500,1.91384983E+1,
660.00,1.16517248E+1,
660.500,1.58029528E+1,
661.00,1.19371786E+1,
661.500,-8.06279469E+0,
662.00,2.45383148E+1,
662.500,-8.29191685E+0,
663.00,3.36289368E+1,
663.500,1.28574934E+1,
664.00,-4.35392189E+0,
664.500,4.43183279E+0,
665.00,8.97863579E+0,
665.500,1.37173767E+1,
666.00,1.85490036E+1,
666.500,1.40940418E+1,
667.00,4.74119377E+0,
667.500,3.82465935E+1,
668.00,2.41999435E+1,
668.500,3.38918533E+1,
669.00,2.42650528E+1,
669.500,1.46207533E+1,
670.00,-9.77695656E+0,
670.500,7.84927292E+1,
671.00,4.92881775E+0,
671.500,4.90892448E+1,
672.00,4.40894852E+1,
672.500,3.44593582E+1,
673.00,3.95463104E+1,
673.500,4.93546677E+1,
674.00,1.48339424E+1,
674.500,2.48541126E+1,
675.00,2.98442936E+1,
675.500,9.92709255E+0,
676.00,3.98691292E+1,
676.500,3.49483414E+1,
677.00,6.47849808E+1,
677.500,4.02004547E+1,
678.00,2.50901661E+1,
678.500,8.55680389E+1,
679.00,4.54608421E+1,
679.500,5.58644066E+1,
680.00,3.08501873E+1,
680.500,6.19228592E+1,
681.00,5.70198593E+1,
681.500,7.27274780E+1,
682.00,9.35734329E+1,
682.500,6.79507980E+1,
683.00,3.67075958E+1,
683.500,8.94239960E+1,
684.00,7.34941711E+1,
684.500,4.76502876E+1,
685.00,9.57682800E+1,
685.500,4.79551964E+1,
686.00,5.90145721E+1,
686.500,1.07284317E+2,
687.00,8.11045074E+1,
687.500,7.56694717E+1,
688.00,5.45265236E+1,
688.500,1.19949951E+2,
689.00,9.32922592E+1,
689.500,3.85505028E+1,
690.00,9.98415909E+1,
690.500,8.88484879E+1,
691.00,1.28239334E+2,
691.500,1.52153915E+2,
692.00,7.88294983E+1,
692.500,2.03893433E+2,
693.00,1.88600052E+2,
693.500,1.61120819E+2,
694.00,1.85358521E+2,
694.500,1.86323547E+2,
695.00,5.85863571E+1,
695.500,1.06132645E+2,
696.00,1.24453911E+2,
696.500,1.91506714E+2,
697.00,1.80398178E+2,
697.500,9.10266037E+1,
698.00,8.51509933E+1,
698.500,1.46754349E+2,
699.00,8.61547546E+1,
699.500,2.05448288E+2,
700.00,1.31153412E+2,
700.500,1.63760223E+2,
701.00,1.58211792E+2,
701.500,8.30840759E+1,
702.00,1.67270660E+2,
702.500,1.29554230E+2,
703.00,1.03957123E+2,
703.500,1.70624252E+2,
704.00,1.32138641E+2,
704.500,1.93859009E+2,
705.00,1.47590393E+2,
705.500,2.58688568E+2,
706.00,2.25499832E+2,
706.500,2.81860321E+2,
707.00,1.73058289E+2,
707.500,1.60489136E+2,
708.00,2.11929367E+2,
708.500,2.20681686E+2,
709.00,1.92066055E+2,
709.500,1.86635620E+2,
710.00,2.76401581E+2,
710.500,3.01549896E+2,
711.00,1.55175079E+2,
711.500,2.01567444E+2,
712.00,2.17056595E+2,
712.500,2.80001190E+2,
713.00,2.96985382E+2,
713.500,2.91601685E+2,
714.00,3.27022980E+2,
714.500,2.51013229E+2,
715.00,3.63343048E+2,
715.500,3.02507690E+2,
716.00,2.81149139E+2,
716.500,1.94194962E+2,
717.00,3.44894043E+2,
717.500,2.64633850E+2,
718.00,1.83903854E+2,
718.500,2.61283264E+2,
719.00,2.46243607E+2,
719.500,3.34612823E+2,
720.00,2.50857483E+2,
720.500,2.86630066E+2,
721.00,3.18582428E+2,
721.500,2.66529388E+2,
722.00,2.68081940E+2,
722.500,2.53042130E+2,
723.00,2.18970734E+2,
723.500,2.96163666E+2,
724.00,3.35516296E+2,
724.500,2.72755737E+2,
725.00,2.66723083E+2,
725.500,3.35737854E+2,
726.00,3.78254883E+2,
726.500,3.50467224E+2,
727.00,2.65565430E+2,
727.500,2.89266907E+2,
728.00,2.90399841E+2,
728.500,1.92778122E+2,
729.00,2.45800339E+2,
729.500,3.71417511E+2,
730.00,2.80462402E+2,
730.500,4.21207428E+2,
731.00,3.39855133E+2,
731.500,1.82847916E+2,
732.00,3.90610138E+2,
732.500,4.05855347E+2,
733.00,3.43303497E+2,
733.500,3.35816101E+2,
734.00,3.73129333E+2,
734.500,2.75276306E+2,
735.00,2.07065643E+2,
735.500,4.67727875E+2,
736.00,3.53493103E+2,
736.500,4.15619812E+2,
737.00,2.04459564E+2,
737.500,2.54271759E+2,
738.00,3.55102081E+2,
738.500,3.33388580E+2,
739.00,3.13168365E+2,
739.500,2.64914795E+2,
740.00,3.95209015E+2,
740.500,3.47444946E+2,
741.00,3.93133820E+2,
741.500,3.02050323E+2,
742.00,4.91287048E+2,
742.500,3.87806366E+2,
743.00,4.20368073E+2,
743.500,2.87562744E+2,
744.00,2.90123749E+2,
744.500,3.50332275E+2,
745.00,5.07428040E+2,
745.500,3.56280151E+2,
746.00,3.17794128E+2,
746.500,2.62766357E+2,
747.00,2.65617737E+2,
747.500,4.32051941E+2,
748.00,3.61860352E+2,
748.500,3.66165924E+2,
749.00,2.31111801E+2,
749.500,2.97801056E+2,
750.00,3.94796509E+2,
750.500,3.03145355E+2,
751.00,2.57712189E+2,
751.500,3.26614471E+2,
752.00,2.96170197E+2,
752.500,2.66303375E+2,
753.00,4.17953705E+2,
753.500,3.73070770E+2,
754.00,2.07015442E+2,
754.500,3.81539063E+2,
755.00,2.98615082E+2,
755.500,3.19903015E+2,
756.00,3.22553558E+2,
756.500,2.18184921E+2,
757.00,2.37734360E+2,
757.500,3.71755005E+2,
758.00,3.76674805E+2,
758.500,1.89641968E+2,
759.00,4.01069214E+2,
759.500,2.73382019E+2,
760.00,2.94352081E+2,
760.500,4.17730743E+2,
761.00,2.41734619E+2,
761.500,2.02082687E+2,
762.00,2.25736877E+2,
762.500,4.78593872E+2,
763.00,6.07685425E+2,
763.500,4.24813171E+2,
764.00,5.35488342E+2,
764.500,3.67755646E+2,
765.00,4.80403687E+2,
765.500,2.87170258E+2,
766.00,2.22537735E+2,
766.500,1.12594658E+2,
767.00,1.82554535E+2,
767.500,3.70085693E+2,
768.00,4.90287506E+2,
768.500,2.35796005E+2,
769.00,1.43228500E+2,
769.500,1.44088455E+2,
770.00,3.40394714E+2,
770.500,3.44141968E+2,
771.00,2.98667267E+2,
771.500,3.28650177E+2,
772.00,4.08309418E+2,
772.500,4.37615417E+2,
773.00,5.74505676E+2,
773.500,3.42387970E+2,
774.00,1.06518875E+2,
774.500,3.75108429E+2,
775.00,2.17366943E+2,
775.500,1.65635727E+2,
776.00,3.32659332E+2,
776.500,2.81317200E+2,
777.00,3.97347473E+2,
777.500,4.58668976E+2,
778.00,2.31627716E+2,
778.500,2.33926620E+2,
779.00,3.55351013E+2,
779.500,1.79290924E+2,
780.00,1.80935806E+2,
780.500,2.14786987E+2,
781.00,1.85346771E+2,
781.500,2.19035599E+2,
782.00,1.26724945E+2,
782.500,3.51237427E+2,
783.00,2.58518127E+2,
783.500,3.27088196E+2,
784.00,3.97370270E+2,
784.500,2.67774750E+2,
785.00,1.35277283E+2,
785.500,2.73568237E+2,
786.00,2.07629547E+2,
786.500,2.43541595E+2,
787.00,2.47310577E+2,
787.500,1.06567276E+2,
788.00,1.08086617E+2,
788.500,1.82214706E+2,
789.00,1.47560669E+2,
789.500,2.97233704E+2,
790.00,7.50813751E+1,
790.500,4.56989380E+2,
791.00,1.53874512E+2,
791.500,3.88023682E+1,
792.00,1.56558243E+2,
792.500,3.57657013E+2,
793.00,2.40637527E+2,
793.500,1.21154778E+2,
794.00,1.23366913E+2,
794.500,8.25764694E+1,
795.00,4.99550903E+2,
795.500,1.26130348E+2,
796.00,4.67447510E+2,
796.500,8.67546997E+1,
797.00,-4.34835472E+1,
797.500,3.50896759E+2,
798.00,3.11052856E+2,
798.500,8.95595932E+1,
799.00,1.35560532E+2,
799.500,2.74848785E+2,
800.00,2.30355103E+2,
800.500,1.87002609E+2,
801.00,9.43376236E+1,
801.500,2.87934570E+2,
802.00,0.00000000E+0,
802.500,2.91996796E+2,
803.00,4.92374420E+1,
803.500,0.00000000E+0,
804.00,1.00227654E+2,
804.500,5.04678841E+1,
805.00,3.58635162E+2,
805.500,4.66003723E+2,
806.00,3.14119354E+2,
806.500,-1.57855087E+2,
807.00,3.18892334E+2,
807.500,-5.36369514E+1,
808.00,-5.43535538E+1,
808.500,-5.49201012E+1,
809.00,-5.54691849E+1,
809.500,2.24186371E+2,
810.00,5.64867897E+1,
810.500,1.72438934E+2,
811.00,1.73255493E+2,
811.500,1.76217636E+2,
812.00,-5.94671631E+1,
812.500,1.81317551E+2,
813.00,0.00000000E+0,
813.500,1.23549896E+2,
814.00,1.88117676E+2,
814.500,-1.26970078E+2,
815.00,1.28885956E+2,
815.500,6.54478226E+1,
816.00,6.61103668E+1,
816.500,2.69185699E+2,
817.00,6.83091492E+2,
817.500,0.00000000E+0,
818.00,-7.02490234E+1,
818.500,0.00000000E+0,
819.00,7.27613373E+1,
819.500,7.37868042E+1,
820.00,-7.50267334E+1,
820.500,-7.62019730E+1,
821.00,0.00000000E+0,
821.500,2.38707047E+2,
822.00,1.62823578E+2,
822.500,-1.65176224E+2,
823.00,2.54552994E+2,
823.500,-3.45635925E+2,
824.00,-2.66832855E+2,
824.500,-9.12227097E+1,
825.00,-2.81194672E+2,
825.500,0.00000000E+0,
826.00,1.96641495E+2,
826.500,0.00000000E+0,
827.00,-1.03422523E+2,
827.500,2.12885544E+2,
828.00,-1.09677132E+2,
828.500,-5.67089294E+2,
829.00,2.33243179E+2,
829.500,0.00000000E+0,
830.00,1.24823151E+2,
