0.03CR-FITEED
  QY = 18.38%
Labels,0,KONGBAI,
Type,Emission Scan,Emission Scan,
Comment,,,
Start,425.00,425.00,
Stop,830.00,830.00,
Step,0.500,0.500,
Fixed/Offset,445.00,445.00,
Xaxis,Wavelength,Wavelength,
Yaxis,Counts,Counts,
Scan Corr. by File,True,True,
Corr. by Ref. Det.,True,True,
Fixed/Offset Corr. by File,False,False,
Repeats,1,1,
Dwell Time,0.20,0.20,
Lamp,Xenon,Xenon,
Temp,0.00,0.00,
Scan Polariser,None,None,
Scan Slit,0.22002183,0.22002183,
Fixed/Offset Polariser,None,None,
Fixed/Offset Slit,2.2000229,2.2000229,
Detector,Det 1,Det 1,

425.00,9.94085550E-1,9.90617156E-1,
425.500,-4.96455550E-1,0.00000000E+0,
426.00,9.90683019E-1,0.00000000E+0,
426.500,-4.96334791E-1,1.48003268E+0,
427.00,9.91085768E-1,2.46135783E+0,
427.500,0.00000000E+0,1.96218121E+0,
428.00,9.89175737E-1,0.00000000E+0,
428.500,0.00000000E+0,2.45831609E+0,
429.00,1.47911668E+0,0.00000000E+0,
429.500,9.85694587E-1,4.90613848E-1,
430.00,-4.93051618E-1,4.93589610E-1,
430.500,9.85442519E-1,4.93643135E-1,
431.00,9.88407314E-1,1.96994746E+0,
431.500,0.00000000E+0,4.94762480E-1,
432.00,4.93588090E-1,2.95298886E+0,
432.500,9.89311814E-1,1.97183657E+0,
433.00,1.98973238E+0,2.46649194E+0,
433.500,9.89665926E-1,9.92615879E-1,
434.00,0.00000000E+0,3.94857574E+0,
434.500,4.95469660E-1,9.92925465E-1,
435.00,0.00000000E+0,3.45416856E+0,
435.500,1.48638296E+0,3.94796968E+0,
436.00,0.00000000E+0,4.45075941E+0,
436.500,9.92711723E-1,2.96454549E+0,
437.00,9.93888080E-1,6.43413448E+0,
437.500,3.46953440E+0,6.95081043E+0,
438.00,1.09456625E+1,1.09909363E+1,
438.500,2.15615120E+1,2.54856911E+1,
439.00,2.06738777E+1,5.35205879E+1,
439.500,4.68407745E+1,8.39037170E+1,
440.00,7.77166748E+1,1.30624512E+2,
440.500,1.14557655E+2,2.09897354E+2,
441.00,1.41999039E+2,2.57739594E+2,
441.500,1.81684204E+2,3.54171722E+2,
442.00,2.55669922E+2,4.32622284E+2,
442.500,3.63515076E+2,6.65244263E+2,
443.00,6.07336060E+2,1.09143176E+3,
443.500,4.96221826E+3,9.51507227E+3,
444.00,2.27992715E+4,4.06622422E+4,
444.500,4.57595547E+4,7.91409688E+4,
445.00,6.78830469E+4,1.15243516E+5,
445.500,8.21945234E+4,1.38400359E+5,
446.00,7.54487344E+4,1.24736680E+5,
446.500,5.42607852E+4,8.91237422E+4,
447.00,3.24390410E+4,5.19243203E+4,
447.500,1.17338760E+4,1.83147324E+4,
448.00,1.26246814E+3,1.91783154E+3,
448.500,4.37579498E+2,7.51375610E+2,
449.00,2.72274323E+2,5.01947815E+2,
449.500,2.41887390E+2,3.97324158E+2,
450.00,1.78387634E+2,2.89315735E+2,
450.500,1.34841965E+2,2.54911209E+2,
451.00,1.24431198E+2,2.12610245E+2,
451.500,1.01860367E+2,1.51738602E+2,
452.00,9.05330887E+1,1.30002884E+2,
452.500,5.81252327E+1,9.03205032E+1,
453.00,4.48168106E+1,8.08853836E+1,
453.500,2.43969002E+1,5.16547966E+1,
454.00,2.01894283E+1,3.60966988E+1,
454.500,1.71445923E+1,1.58164339E+1,
455.00,8.22880745E+0,1.29011221E+1,
455.500,7.05466938E+0,1.46089602E+1,
456.00,1.28035145E+1,1.91284046E+1,
456.500,1.15894604E+1,1.67954788E+1,
457.00,8.70115376E+0,1.38726778E+1,
457.500,8.07625771E+0,1.20545645E+1,
458.00,9.13778973E+0,1.19336891E+1,
458.500,9.67393684E+0,1.93241520E+1,
459.00,5.06073427E+0,2.14291058E+1,
459.500,8.97505188E+0,1.63446712E+1,
460.00,7.86927271E+0,1.73556156E+1,
460.500,9.99920845E+0,1.66324329E+1,
461.00,1.38088341E+1,2.03142204E+1,
461.500,8.23846054E+0,1.64605904E+1,
462.00,1.14521456E+1,1.69179401E+1,
462.500,1.08944931E+1,1.52424259E+1,
463.00,1.13642921E+1,1.62376595E+1,
463.500,1.39755678E+1,1.61824417E+1,
464.00,1.01741495E+1,1.28171539E+1,
464.500,6.93374681E+0,1.91424751E+1,
465.00,8.50226593E+0,1.80295010E+1,
465.500,7.42369699E+0,1.74447918E+1,
466.00,8.98203278E+0,1.95731049E+1,
466.500,1.32000475E+1,2.46970177E+1,
467.00,1.21238804E+1,1.73628922E+1,
467.500,1.21113424E+1,1.66782055E+1,
468.00,8.36925888E+0,1.82962971E+1,
468.500,8.90176487E+0,1.73221836E+1,
469.00,1.30453253E+1,2.03259487E+1,
469.500,1.25261574E+1,2.65311089E+1,
470.00,1.56562920E+1,1.55638380E+1,
470.500,8.34838581E+0,1.29659863E+1,
471.00,8.36185360E+0,1.92729206E+1,
471.500,1.61421242E+1,1.97032204E+1,
472.00,1.20267687E+1,2.60723705E+1,
472.500,1.14814081E+1,3.01633606E+1,
473.00,1.51184587E+1,2.02368660E+1,
473.500,1.24692316E+1,2.13839321E+1,
474.00,1.41084146E+1,2.50708828E+1,
474.500,1.30703115E+1,3.23782845E+1,
475.00,1.72294464E+1,2.55861111E+1,
475.500,1.04729748E+1,2.08726845E+1,
476.00,1.25971832E+1,2.72542610E+1,
476.500,1.88898983E+1,1.88898983E+1,
477.00,1.42435741E+1,2.99681835E+1,
477.500,1.36529503E+1,2.20292988E+1,
478.00,1.58279781E+1,2.84497070E+1,
478.500,1.47659483E+1,2.74679012E+1,
479.00,1.59435987E+1,3.11434002E+1,
479.500,1.43825140E+1,2.91914959E+1,
480.00,1.43794909E+1,3.02794781E+1,
480.500,1.23054152E+1,3.78152008E+1,
481.00,1.44261789E+1,2.88078403E+1,
481.500,1.39231911E+1,2.88741341E+1,
482.00,1.82261467E+1,2.51483727E+1,
482.500,2.10864029E+1,2.36393566E+1,
483.00,1.67266617E+1,2.86225014E+1,
483.500,1.35568447E+1,2.66722240E+1,
484.00,1.30366211E+1,3.31703262E+1,
484.500,1.52823400E+1,1.95639420E+1,
485.00,1.59059973E+1,3.43692322E+1,
485.500,1.42682076E+1,2.63525887E+1,
486.00,1.10608883E+1,3.02267494E+1,
486.500,1.88397541E+1,2.25730247E+1,
487.00,1.93845882E+1,2.54948082E+1,
487.500,1.67552567E+1,2.67275925E+1,
488.00,2.45563164E+1,2.67829094E+1,
488.500,2.29544678E+1,2.74449406E+1,
489.00,1.64131927E+1,2.04231968E+1,
489.500,1.63835449E+1,2.76495438E+1,
490.00,1.53433008E+1,2.38416481E+1,
490.500,2.28646278E+1,3.18883801E+1,
491.00,1.42579193E+1,3.88814049E+1,
491.500,1.21126690E+1,3.90538216E+1,
492.00,2.02539616E+1,2.47005920E+1,
492.500,1.10086412E+1,2.08777065E+1,
493.00,1.74428215E+1,4.11714973E+1,
493.500,1.52491646E+1,3.02949829E+1,
494.00,2.16215839E+1,3.55779266E+1,
494.500,1.59340849E+1,2.93845863E+1,
495.00,1.77734184E+1,3.10847054E+1,
495.500,2.01128826E+1,2.95051613E+1,
496.00,1.42493124E+1,3.61242905E+1,
496.500,1.97026997E+1,3.40185547E+1,
497.00,1.50026665E+1,2.69705372E+1,
497.500,2.03973598E+1,3.04933414E+1,
498.00,1.81320534E+1,3.55806389E+1,
498.500,1.45330400E+1,2.82958450E+1,
499.00,1.64147167E+1,2.24416981E+1,
499.500,1.40396967E+1,3.15364685E+1,
500.00,2.08614101E+1,3.49427376E+1,
500.500,2.27068577E+1,2.64637394E+1,
501.00,2.16401253E+1,3.08721924E+1,
501.500,1.54738941E+1,2.52978573E+1,
502.00,1.99969044E+1,3.22874641E+1,
502.500,1.69297256E+1,3.66686211E+1,
503.00,1.94636879E+1,3.06411991E+1,
503.500,1.75390491E+1,2.31464214E+1,
504.00,1.64548035E+1,3.15895710E+1,
504.500,1.27396402E+1,3.03891697E+1,
505.00,1.65287189E+1,2.34513283E+1,
505.500,1.27939653E+1,3.12361088E+1,
506.00,2.06028252E+1,2.48855457E+1,
506.500,2.18524475E+1,3.45632133E+1,
507.00,1.16428986E+1,3.10981503E+1,
507.500,1.62336617E+1,3.62206459E+1,
508.00,2.28624172E+1,2.73963623E+1,
508.500,1.43666344E+1,3.05965919E+1,
509.00,1.44707041E+1,3.74605598E+1,
509.500,1.44555874E+1,4.15961151E+1,
510.00,2.04945679E+1,3.56137428E+1,
510.500,1.46349335E+1,3.43439903E+1,
511.00,1.93886223E+1,3.31571159E+1,
511.500,1.53860598E+1,2.95563850E+1,
512.00,2.15175018E+1,4.37884102E+1,
512.500,2.29276066E+1,3.76619453E+1,
513.00,1.76135769E+1,3.03342342E+1,
513.500,1.69644470E+1,3.74302979E+1,
514.00,1.71010971E+1,3.19533253E+1,
514.500,2.12078228E+1,3.01549530E+1,
515.00,1.10365372E+1,2.75876102E+1,
515.500,2.21274147E+1,2.81953850E+1,
516.00,2.07776661E+1,3.39348679E+1,
516.500,1.74521027E+1,2.98875160E+1,
517.00,2.87000389E+1,2.85306034E+1,
517.500,2.17741699E+1,3.02071381E+1,
518.00,2.25655537E+1,2.46789017E+1,
518.500,2.34416065E+1,1.97541580E+1,
519.00,1.41965208E+1,4.24587517E+1,
519.500,1.70999832E+1,3.42543221E+1,
520.00,1.85983906E+1,3.50881996E+1,
520.500,2.51239796E+1,4.21648293E+1,
521.00,2.16450291E+1,3.23232498E+1,
521.500,1.16269541E+1,3.62405243E+1,
522.00,1.38180170E+1,3.50050468E+1,
522.500,1.97788086E+1,3.07210026E+1,
523.00,2.12136211E+1,3.28967323E+1,
523.500,2.06314678E+1,3.02147923E+1,
524.00,2.21757030E+1,2.65941772E+1,
524.500,1.71236420E+1,3.48073463E+1,
525.00,2.16575089E+1,3.27367287E+1,
525.500,1.80344296E+1,3.35921898E+1,
526.00,1.50606050E+1,2.91914520E+1,
526.500,2.12336617E+1,3.54590454E+1,
527.00,1.44136782E+1,3.26612091E+1,
527.500,2.21270962E+1,2.96858406E+1,
528.00,1.45505877E+1,2.74065876E+1,
528.500,1.85618362E+1,3.00217438E+1,
529.00,2.23979340E+1,3.29901543E+1,
529.500,1.24606438E+1,2.84976215E+1,
530.00,1.24343815E+1,3.48279076E+1,
530.500,1.40719633E+1,2.66017551E+1,
531.00,1.58125057E+1,2.26302929E+1,
531.500,1.25629253E+1,3.14956341E+1,
532.00,1.66600780E+1,2.36819191E+1,
532.500,1.43113995E+1,4.42584763E+1,
533.00,1.35992937E+1,3.09938087E+1,
533.500,1.12866058E+1,3.59756317E+1,
534.00,2.50505657E+1,2.73577747E+1,
534.500,1.93860416E+1,2.83086109E+1,
535.00,1.95340042E+1,2.18186054E+1,
535.500,1.30674906E+1,2.76942940E+1,
536.00,1.88742065E+1,3.85167847E+1,
536.500,1.97295265E+1,2.69776611E+1,
537.00,2.14753246E+1,2.63513279E+1,
537.500,1.74822712E+1,2.57343578E+1,
538.00,1.49871130E+1,2.74887733E+1,
538.500,1.76011791E+1,3.52077332E+1,
539.00,1.08885603E+1,2.35604534E+1,
539.500,1.94564018E+1,2.62162991E+1,
540.00,1.19240398E+1,2.79426517E+1,
540.500,9.37187004E+0,3.15231934E+1,
541.00,1.02618523E+1,2.81809654E+1,
541.500,7.71895742E+0,3.18111019E+1,
542.00,1.55318317E+1,2.24171314E+1,
542.500,2.26014366E+1,3.64047318E+1,
543.00,1.39648905E+1,2.43287678E+1,
543.500,1.04839296E+1,3.50301323E+1,
544.00,1.84320564E+1,3.07296352E+1,
544.500,1.58253508E+1,1.95001812E+1,
545.00,1.50676575E+1,3.28097000E+1,
545.500,9.76417923E+0,2.22620907E+1,
546.00,1.25541115E+1,3.13421726E+1,
546.500,1.26764851E+1,2.67698689E+1,
547.00,1.53990459E+1,2.07972832E+1,
547.500,1.27152119E+1,2.53861294E+1,
548.00,2.19672546E+1,2.09230728E+1,
548.500,9.16164780E+0,2.55460682E+1,
549.00,1.19262962E+1,2.74508476E+1,
549.500,1.47254753E+1,1.01166029E+1,
550.00,9.27253914E+0,2.96815319E+1,
550.500,1.86138439E+1,2.60563297E+1,
551.00,1.39625359E+1,2.42526665E+1,
551.500,1.78304615E+1,2.62715492E+1,
552.00,2.08201065E+1,2.81348133E+1,
552.500,1.32250528E+1,2.54398098E+1,
553.00,1.14480486E+1,2.56302395E+1,
553.500,1.33788700E+1,2.76586552E+1,
554.00,1.82900009E+1,2.01992607E+1,
554.500,7.73418903E+0,2.40358009E+1,
555.00,2.03569107E+1,2.61664295E+1,
555.500,1.07294884E+1,2.04337292E+1,
556.00,1.08059940E+1,2.75492249E+1,
556.500,1.28574419E+1,2.66072693E+1,
557.00,1.58860807E+1,1.87528858E+1,
557.500,9.97153187E+0,2.29004669E+1,
558.00,9.01744747E+0,1.99350739E+1,
558.500,1.51057367E+1,2.30951843E+1,
559.00,1.01440573E+1,2.00197544E+1,
559.500,1.71989670E+1,2.12574787E+1,
560.00,1.52334347E+1,1.73326607E+1,
560.500,1.33324451E+1,3.06497364E+1,
561.00,1.33883371E+1,2.15174751E+1,
561.500,8.28089237E+0,2.26118107E+1,
562.00,8.30440807E+0,1.96373978E+1,
562.500,1.56393862E+1,1.56400280E+1,
563.00,9.47082043E+0,2.41498947E+1,
563.500,1.68324146E+1,2.63318005E+1,
564.00,1.69026928E+1,2.21265240E+1,
564.500,5.32321310E+0,1.37480726E+1,
565.00,8.53571796E+0,2.24551334E+1,
565.500,1.39449673E+1,1.82453365E+1,
566.00,1.29322605E+1,2.36961098E+1,
566.500,9.81083775E+0,1.84494267E+1,
567.00,1.09017153E+1,1.95442696E+1,
567.500,1.64262180E+1,1.63754654E+1,
568.00,7.72129726E+0,1.75769405E+1,
568.500,1.10592041E+1,2.31712494E+1,
569.00,1.44718542E+1,2.10913982E+1,
569.500,8.95363045E+0,3.00348263E+1,
570.00,6.72219563E+0,2.36676788E+1,
570.500,7.93154335E+0,3.04500237E+1,
571.00,9.10418797E+0,1.24954996E+1,
571.500,1.03020248E+1,2.40465431E+1,
572.00,8.08556366E+0,2.17250385E+1,
572.500,5.78372240E+0,1.61357689E+1,
573.00,4.62633801E+0,2.66385441E+1,
573.500,1.40081072E+1,1.39633102E+1,
574.00,8.21302891E+0,1.75058479E+1,
574.500,9.41421413E+0,1.17193260E+1,
575.00,5.92471695E+0,3.31963539E+1,
575.500,9.51103592E+0,1.89773483E+1,
576.00,1.07630024E+1,1.07623081E+1,
576.500,8.41285896E+0,1.56314898E+1,
577.00,8.43768787E+0,1.80155010E+1,
577.500,8.49420738E+0,1.81432781E+1,
578.00,1.46352406E+1,1.46382437E+1,
578.500,9.81747913E+0,2.55963631E+1,
579.00,1.48683834E+1,2.34083271E+1,
579.500,7.44068480E+0,1.60808086E+1,
580.00,1.74263897E+1,1.36701317E+1,
580.500,4.99961090E+0,2.24544868E+1,
581.00,3.77131486E+0,1.62758579E+1,
581.500,6.31172991E+0,1.64460716E+1,
582.00,1.15420055E+1,1.01431427E+1,
582.500,6.40725422E+0,1.78331947E+1,
583.00,7.70744228E+0,1.93570156E+1,
583.500,3.88833809E+0,1.28920069E+1,
584.00,9.07845306E+0,2.32817707E+1,
584.500,7.85333729E+0,1.04084635E+1,
585.00,5.24876404E+0,2.08264046E+1,
585.500,7.93854332E+0,9.20795345E+0,
586.00,5.31922579E+0,1.58662968E+1,
586.500,2.67114496E+0,1.85782013E+1,
587.00,9.38684177E+0,1.47151442E+1,
587.500,6.73854971E+0,1.74597301E+1,
588.00,6.77129507E+0,2.03180599E+1,
588.500,4.09160519E+0,1.08741732E+1,
589.00,5.47362709E+0,1.50176563E+1,
589.500,9.63507843E+0,1.65341702E+1,
590.00,6.89929485E+0,6.87987709E+0,
590.500,2.78716850E+0,2.35504475E+1,
591.00,8.39454269E+0,1.24843550E+1,
591.500,7.00261736E+0,2.38316250E+1,
592.00,5.63651371E+0,1.54820099E+1,
592.500,7.11926794E+0,1.56059980E+1,
593.00,5.67278671E+0,1.28180323E+1,
593.500,7.17687893E+0,2.15138359E+1,
594.00,8.64990711E+0,7.23214149E+0,
594.500,8.68131924E+0,2.46117764E+1,
595.00,2.92501640E+0,8.72396755E+0,
595.500,7.32392693E+0,2.04023247E+1,
596.00,7.34011221E+0,1.61389904E+1,
596.500,2.95640707E+0,1.03354845E+1,
597.00,1.48298919E+0,2.97552185E+1,
597.500,7.49280214E+0,7.44292831E+0,
598.00,6.01886892E+0,1.34922800E+1,
598.500,1.51177919E+0,9.04011440E+0,
599.00,1.52089095E+0,1.67275410E+1,
599.500,6.10030127E+0,1.51913624E+1,
600.00,1.38243713E+1,1.22486286E+1,
600.500,4.64127874E+0,9.27357483E+0,
601.00,1.55644846E+0,1.24643984E+1,
601.500,3.11998296E+0,1.08831177E+1,
602.00,3.14609647E+0,1.40949669E+1,
602.500,7.91423750E+0,1.73864059E+1,
603.00,1.43252048E+1,9.54268360E+0,
603.500,3.20751572E+0,1.60118656E+1,
604.00,3.23298669E+0,1.60423717E+1,
604.500,4.88032961E+0,8.09136200E+0,
605.00,0.00000000E+0,2.93858070E+1,
605.500,3.27478123E+0,1.80587578E+1,
606.00,3.30727339E+0,8.23718739E+0,
606.500,1.32703123E+1,8.28825092E+0,
607.00,5.01638174E+0,2.15915833E+1,
607.500,6.69923067E+0,1.67493515E+1,
608.00,5.03861666E+0,2.18668098E+1,
608.500,1.01718006E+1,2.36778965E+1,
609.00,6.83889723E+0,1.19304543E+1,
609.500,3.45205188E+0,1.54246397E+1,
610.00,0.00000000E+0,6.92254686E+0,
610.500,1.74059753E+1,8.69191742E+0,
611.00,3.49213529E+0,8.72640705E+0,
611.500,3.55324244E+0,1.23405619E+1,
612.00,1.77176774E+0,7.07951784E+0,
612.500,7.16707850E+0,2.66615238E+1,
613.00,7.19841290E+0,1.79472852E+0,
613.500,3.60137534E+0,2.70574474E+1,
614.00,3.64106822E+0,1.63448830E+1,
614.500,-1.82344031E+0,1.09712191E+1,
615.00,7.35742283E+0,1.84348965E+1,
615.500,9.25959587E+0,1.84959087E+1,
616.00,9.31301880E+0,1.12137270E+1,
616.500,1.12781658E+1,7.48464346E+0,
617.00,7.57522488E+0,1.51196775E+1,
617.500,7.69063187E+0,9.49802685E+0,
618.00,5.74804163E+0,1.92470016E+1,
618.500,0.00000000E+0,1.92623484E+0,
619.00,0.00000000E+0,5.81717110E+0,
619.500,1.96108139E+0,2.54268932E+1,
620.00,3.95450902E+0,1.96618271E+0,
620.500,1.58501949E+1,9.90399742E+0,
621.00,0.00000000E+0,1.79372635E+1,
621.500,0.00000000E+0,1.20749121E+1,
622.00,6.08180475E+0,4.04839039E+0,
622.500,4.08808184E+0,1.83495350E+1,
623.00,8.21114826E+0,1.23426476E+1,
623.500,4.13095284E+0,1.23807020E+1,
624.00,1.04108706E+1,6.23459530E+0,
624.500,0.00000000E+0,6.29638052E+0,
625.00,6.36728048E+0,1.68947182E+1,
625.500,6.38150787E+0,1.91233902E+1,
626.00,0.00000000E+0,1.28859386E+1,
626.500,2.16584826E+0,4.32639122E+0,
627.00,0.00000000E+0,1.08945503E+1,
627.500,6.57892418E+0,1.53625174E+1,
628.00,8.85777664E+0,4.41380978E+0,
628.500,0.00000000E+0,8.91009140E+0,
629.00,1.12815685E+1,2.24770212E+0,
629.500,-2.26152706E+0,1.35477924E+1,
630.00,4.56723118E+0,1.81118393E+1,
630.500,-2.29836106E+0,1.37231646E+1,
631.00,9.31789398E+0,6.92693949E+0,
631.500,0.00000000E+0,1.39978638E+1,
632.00,4.70145178E+0,4.69311523E+0,
632.500,2.37254143E+0,4.75499201E+0,
633.00,0.00000000E+0,1.42524204E+1,
633.500,9.61933422E+0,4.80611992E+0,
634.00,0.00000000E+0,2.91539726E+1,
634.500,0.00000000E+0,2.43483925E+0,
635.00,2.46716857E+0,1.47220335E+1,
635.500,2.47577119E+0,1.48886518E+1,
636.00,4.99239969E+0,1.00146580E+1,
636.500,1.75907135E+1,1.00284147E+1,
637.00,2.54845142E+0,1.01776657E+1,
637.500,0.00000000E+0,2.56097031E+0,
638.00,-2.58462143E+0,2.56921635E+1,
638.500,5.21477175E+0,2.60633135E+0,
639.00,7.93109846E+0,-2.63176584E+0,
639.500,5.29874563E+0,0.00000000E+0,
640.00,8.03987789E+0,1.86725998E+1,
640.500,0.00000000E+0,8.07441425E+0,
641.00,1.36139364E+1,0.00000000E+0,
641.500,1.92495823E+1,2.73326588E+0,
642.00,2.77383733E+0,5.51912117E+0,
642.500,5.57741690E+0,1.95229053E+1,
643.00,1.40571108E+1,1.68229828E+1,
643.500,8.49161530E+0,-2.83000851E+0,
644.00,2.85273623E+0,8.59187603E+0,
644.500,1.15413008E+1,1.43827591E+1,
645.00,0.00000000E+0,2.32929497E+1,
645.500,2.92879605E+0,1.46487789E+1,
646.00,2.96715164E+0,5.88878107E+0,
646.500,0.00000000E+0,8.92667389E+0,
647.00,-3.00683904E+0,6.02357292E+0,
647.500,1.22065125E+1,3.03828549E+0,
648.00,6.16463804E+0,3.06956720E+0,
648.500,6.21123219E+0,1.54391870E+1,
649.00,6.25788212E+0,3.12055779E+0,
649.500,6.27933741E+0,3.15795708E+0,
650.00,9.56227112E+0,9.52405167E+0,
650.500,1.28056936E+1,1.60277061E+1,
651.00,1.62930622E+1,0.00000000E+0,
651.500,0.00000000E+0,9.78482437E+0,
652.00,9.92652988E+0,9.88955879E+0,
652.500,0.00000000E+0,9.97031784E+0,
653.00,-3.37159991E+0,1.00962009E+1,
653.500,1.36016827E+1,3.41647911E+0,
654.00,3.43848372E+0,6.83348799E+0,
654.500,3.46969151E+0,2.07837696E+1,
655.00,3.49225569E+0,0.00000000E+0,
655.500,7.07328272E+0,3.53200436E+0,
656.00,7.11270046E+0,2.14849892E+1,
656.500,1.08017960E+1,0.00000000E+0,
657.00,-3.65417576E+0,1.08902187E+1,
657.500,1.10062160E+1,2.57603512E+1,
658.00,3.71330738E+0,1.11991882E+1,
658.500,1.12923536E+1,0.00000000E+0,
659.00,3.81295013E+0,7.59288359E+0,
659.500,1.15420628E+1,-3.85502815E+0,
660.00,3.90100217E+0,7.77904272E+0,
660.500,7.90774536E+0,0.00000000E+0,
661.00,-3.99069095E+0,3.97161293E+0,
661.500,2.01604042E+1,4.04337263E+0,
662.00,2.87267723E+1,2.87050533E+1,
662.500,4.15630054E+0,8.29855728E+0,
663.00,8.47614956E+0,1.27023487E+1,
663.500,1.28817644E+1,1.28559885E+1,
664.00,1.30993652E+1,3.04997406E+1,
664.500,1.33107605E+1,1.32968206E+1,
665.00,4.52603340E+0,1.34963455E+1,
665.500,0.00000000E+0,9.18985176E+0,
666.00,1.85778580E+1,1.38960934E+1,
666.500,1.41013737E+1,2.35402622E+1,
667.00,1.90577145E+1,0.00000000E+0,
667.500,9.62039471E+0,1.91944962E+1,
668.00,4.81966352E+0,0.00000000E+0,
668.500,4.84672976E+0,4.85365057E+0,
669.00,1.47033825E+1,0.00000000E+0,
669.500,0.00000000E+0,1.46410151E+1,
670.00,9.76519680E+0,1.46303682E+1,
670.500,4.90484762E+0,0.00000000E+0,
671.00,0.00000000E+0,3.43053398E+1,
671.500,2.46493950E+1,4.90734625E+0,
672.00,9.82560539E+0,1.47674942E+1,
672.500,0.00000000E+0,0.00000000E+0,
673.00,3.44899292E+1,0.00000000E+0,
673.500,4.94292498E+0,-9.88550282E+0,
674.00,4.95371771E+0,-4.94340372E+0,
674.500,9.88228607E+0,1.48623781E+1,
675.00,4.98489666E+0,1.48786850E+1,
675.500,1.49289331E+1,-9.97547054E+0,
676.00,1.99699955E+1,1.48812094E+1,
676.500,3.99110527E+1,0.00000000E+0,
677.00,1.51123743E+1,0.00000000E+0,
677.500,3.02052860E+1,1.50404835E+1,
678.00,1.50451269E+1,5.03475571E+0,
678.500,2.53259888E+1,1.51827164E+1,
679.00,1.51163960E+1,-5.04142237E+0,
679.500,3.03417530E+1,1.51717653E+1,
680.00,4.64693031E+1,0.00000000E+0,
680.500,5.16207933E+0,3.10474625E+1,
681.00,1.03566904E+1,2.59994411E+1,
681.500,4.14794044E+1,0.00000000E+0,
682.00,1.56078768E+1,1.04227333E+1,
682.500,1.05081511E+1,0.00000000E+0,
683.00,2.10500507E+1,-5.26718330E+0,
683.500,1.58526754E+1,0.00000000E+0,
684.00,0.00000000E+0,1.59055319E+1,
684.500,3.71981888E+1,5.30396938E+0,
685.00,2.65977802E+1,0.00000000E+0,
685.500,2.66590767E+1,-5.31992579E+0,
686.00,5.88478470E+1,0.00000000E+0,
686.500,4.84313049E+1,2.68483734E+1,
687.00,3.26403465E+1,-5.40192938E+0,
687.500,4.32720413E+1,0.00000000E+0,
688.00,3.82632866E+1,3.27453041E+1,
688.500,4.37818146E+1,5.45341682E+0,
689.00,7.15362549E+1,5.47595406E+0,
689.500,6.08015671E+1,0.00000000E+0,
690.00,5.57499046E+1,2.76241512E+1,
690.500,5.00038414E+1,2.77277470E+1,
691.00,3.37387123E+1,5.57259989E+0,
691.500,7.88465271E+1,1.68888569E+1,
692.00,5.10572586E+1,5.65579414E+0,
692.500,5.11301498E+1,1.70328255E+1,
693.00,5.13981895E+1,5.73040724E+0,
693.500,6.91538544E+1,1.14875011E+1,
694.00,8.08828812E+1,1.15447073E+1,
694.500,4.66768608E+1,0.00000000E+0,
695.00,4.09485664E+1,5.86929464E+0,
695.500,8.24042435E+1,1.17556047E+1,
696.00,6.52882996E+1,-1.18549032E+1,
696.500,8.96146698E+1,-1.19599743E+1,
697.00,3.00417271E+1,0.00000000E+0,
697.500,5.47284737E+1,6.01621103E+0,
698.00,9.14214172E+1,6.08481216E+0,
698.500,9.81434937E+1,-1.22018747E+1,
699.00,9.30366745E+1,1.23481302E+1,
699.500,1.18382889E+2,6.22450066E+0,
700.00,5.00571365E+1,6.26363564E+0,
700.500,5.69225273E+1,1.25559921E+1,
701.00,6.98769150E+1,0.00000000E+0,
701.500,1.02252525E+2,0.00000000E+0,
702.00,6.47379379E+1,0.00000000E+0,
702.500,8.44852905E+1,-6.45736980E+0,
703.00,7.81614914E+1,0.00000000E+0,
703.500,1.05712440E+2,6.54899931E+0,
704.00,4.62631073E+1,1.98099213E+1,
704.500,1.46974091E+2,-6.66341972E+0,
705.00,1.34547195E+2,3.36123848E+1,
705.500,6.11072769E+1,-6.74351740E+0,
706.00,1.16696747E+2,2.72397385E+1,
706.500,1.37153244E+2,1.37687893E+1,
707.00,9.72134552E+1,1.38334951E+1,
707.500,9.75657425E+1,4.17555771E+1,
708.00,8.45471802E+1,0.00000000E+0,
708.500,8.48534622E+1,2.13098545E+1,
709.00,1.14881775E+2,7.16558313E+0,
709.500,1.58889053E+2,0.00000000E+0,
710.00,1.31235229E+2,-7.28020620E+0,
710.500,1.24875992E+2,7.33167362E+0,
711.00,1.18361557E+2,7.40019798E+0,
711.500,1.19636703E+2,5.96195564E+1,
712.00,1.95430542E+2,7.50014067E+0,
712.500,9.86278229E+1,7.59801960E+0,
713.00,9.17569122E+1,2.28963127E+1,
713.500,1.46904663E+2,7.70706463E+0,
714.00,1.55965805E+2,-7.78900242E+0,
714.500,1.18065025E+2,3.13267307E+1,
715.00,1.58475769E+2,7.92318392E+0,
715.500,1.83481644E+2,7.98901606E+0,
716.00,2.17518173E+2,8.03424072E+0,
716.500,1.38270996E+2,3.25295830E+1,
717.00,1.63391769E+2,1.63992825E+1,
717.500,8.28270569E+1,-8.26467896E+0,
718.00,1.75170670E+2,5.85574341E+1,
718.500,2.10609879E+2,-8.43293858E+0,
719.00,1.35897476E+2,2.55206509E+1,
719.500,2.32287796E+2,1.71363411E+1,
720.00,1.90735489E+2,8.68620396E+0,
720.500,1.22781403E+2,-8.69431782E+0,
721.00,1.49677597E+2,8.82869053E+0,
721.500,1.60221359E+2,4.42979393E+1,
722.00,1.43878036E+2,0.00000000E+0,
722.500,1.44895142E+2,-1.81418419E+1,
723.00,2.18045914E+2,2.74221268E+1,
723.500,2.03120102E+2,9.20051384E+0,
724.00,1.31301926E+2,1.86004772E+1,
724.500,1.69604401E+2,9.41098976E+0,
725.00,1.61347778E+2,0.00000000E+0,
725.500,1.24006653E+2,9.62549877E+0,
726.00,1.45301041E+2,0.00000000E+0,
726.500,1.76333572E+2,1.96210785E+1,
727.00,1.47815201E+2,9.86075115E+0,
727.500,1.69625000E+2,2.98495598E+1,
728.00,2.21109589E+2,4.01169434E+1,
728.500,1.51942368E+2,1.01510324E+1,
729.00,1.84547974E+2,2.05352974E+1,
729.500,2.27375854E+2,2.07119827E+1,
730.00,1.67854126E+2,1.04507389E+1,
730.500,1.78898117E+2,3.16068172E+1,
731.00,2.34653137E+2,2.13072433E+1,
731.500,1.50863159E+2,3.21455536E+1,
732.00,1.63796631E+2,2.16982803E+1,
732.500,1.76374481E+2,4.39440956E+1,
733.00,2.33108093E+2,1.11104107E+1,
733.500,2.80621490E+2,2.23094501E+1,
734.00,1.80767395E+2,1.12883940E+1,
734.500,2.40547302E+2,1.14380522E+1,
735.00,3.12752411E+2,3.45367393E+1,
735.500,2.35031952E+2,0.00000000E+0,
736.00,2.70602295E+2,-1.17726173E+1,
736.500,1.66731354E+2,0.00000000E+0,
737.00,1.92118423E+2,0.00000000E+0,
737.500,3.64853699E+2,1.21756439E+1,
738.00,2.21624435E+2,0.00000000E+0,
738.500,3.71828705E+2,2.47584229E+1,
739.00,2.01218811E+2,-2.50357227E+1,
739.500,2.91329193E+2,2.53353500E+1,
740.00,2.17556458E+2,0.00000000E+0,
740.500,2.06880142E+2,2.56789455E+1,
741.00,1.82428787E+2,1.30260563E+1,
741.500,3.29299286E+2,-2.63876419E+1,
742.00,2.13268845E+2,-2.66009312E+1,
742.500,2.68869690E+2,6.70769882E+1,
743.00,2.17881104E+2,1.35671501E+1,
743.500,2.47637817E+2,2.74107475E+1,
744.00,2.64363190E+2,1.25026711E+2,
744.500,1.82653183E+2,0.00000000E+0,
745.00,2.69677826E+2,8.51898575E+1,
745.500,1.29550217E+2,2.86501522E+1,
746.00,2.47492523E+2,1.44568329E+1,
746.500,3.66618134E+2,-1.46600838E+1,
747.00,2.37457687E+2,-2.96466980E+1,
747.500,2.84809143E+2,3.00545063E+1,
748.00,1.66321762E+2,4.52357101E+1,
748.500,3.06349121E+2,1.52488890E+1,
749.00,4.63005493E+2,3.09066505E+1,
749.500,2.82050995E+2,-1.56107492E+1,
750.00,2.20078156E+2,3.15064945E+1,
750.500,3.50642487E+2,1.59461384E+1,
751.00,2.90398773E+2,1.60535431E+1,
751.500,2.27510956E+2,0.00000000E+0,
752.00,2.14277985E+2,4.90826187E+1,
752.500,2.33425308E+2,3.32785721E+1,
753.00,3.03384277E+2,1.17815613E+2,
753.500,2.88051697E+2,0.00000000E+0,
754.00,2.58002625E+2,5.16371078E+1,
754.500,1.73681458E+2,1.73964291E+1,
755.00,1.92929214E+2,0.00000000E+0,
755.500,2.31351212E+2,0.00000000E+0,
756.00,4.48698395E+2,1.78976994E+1,
756.500,3.45073242E+2,-3.63780136E+1,
757.00,2.38694641E+2,5.51382484E+1,
757.500,2.22846634E+2,0.00000000E+0,
758.00,3.38056305E+2,3.75853691E+1,
758.500,2.66178864E+2,0.00000000E+0,
759.00,2.11936600E+2,7.67618256E+1,
759.500,3.31862396E+2,5.84213905E+1,
760.00,1.58392563E+2,-3.93287468E+1,
760.500,1.39518097E+2,1.98620499E+2,
761.00,2.01553085E+2,6.02795181E+1,
761.500,2.64395630E+2,-2.03186035E+1,
762.00,3.70553375E+2,4.10634804E+1,
762.500,1.66307419E+2,4.15012054E+1,
763.00,2.74323883E+2,2.09714661E+1,
763.500,1.91428619E+2,4.24154091E+1,
764.00,1.93271194E+2,8.51637955E+1,
764.500,3.47421295E+2,1.30323547E+2,
765.00,4.37840485E+2,-4.35969315E+1,
765.500,4.44167603E+2,8.84065704E+1,
766.00,2.23896011E+2,-2.23618317E+1,
766.500,3.17412262E+2,4.51538887E+1,
767.00,2.51203217E+2,0.00000000E+0,
767.500,2.31303558E+2,6.96214981E+1,
768.00,2.10621140E+2,4.66446419E+1,
768.500,4.25595459E+2,7.06260223E+1,
769.00,4.99219360E+2,9.49984589E+1,
769.500,2.41948914E+2,-2.41290703E+1,
770.00,3.41392517E+2,2.44125137E+1,
770.500,4.18696930E+2,7.38716812E+1,
771.00,1.74099243E+2,0.00000000E+0,
771.500,5.04032715E+2,2.51022987E+1,
772.00,2.54913559E+2,-5.05923080E+1,
772.500,7.72601852E+1,2.57313862E+1,
773.00,2.59603424E+2,1.30404007E+2,
773.500,4.99646301E+2,2.62220116E+1,
774.00,2.12911774E+2,0.00000000E+0,
774.500,1.90061935E+2,5.37637138E+1,
775.00,2.46099274E+2,8.16080475E+1,
775.500,3.02754639E+2,-2.75685349E+1,
776.00,3.62880035E+2,-5.55615807E+1,
776.500,2.25463303E+2,8.43462448E+1,
777.00,3.68954712E+2,0.00000000E+0,
777.500,2.87461243E+2,-5.74673157E+1,
778.00,2.90893951E+2,1.16024620E+2,
778.500,2.64824036E+2,8.82104492E+1,
779.00,2.97089630E+2,5.92875443E+1,
779.500,3.90482117E+2,-3.01712017E+1,
780.00,1.81705093E+2,3.01756477E+1,
780.500,3.06906891E+2,0.00000000E+0,
781.00,2.79964355E+2,6.20491295E+1,
781.500,2.51483582E+2,-6.23948174E+1,
782.00,4.44153656E+2,1.26849724E+2,
782.500,2.24422363E+2,-6.40973892E+1,
783.00,1.62622498E+2,1.29511734E+2,
783.500,4.59228546E+2,-3.25650558E+1,
784.00,4.31652252E+2,3.29576797E+1,
784.500,4.35861450E+2,-3.35234756E+1,
785.00,3.72221710E+2,2.02035858E+2,
785.500,4.45744629E+2,-3.43150673E+1,
786.00,1.72332626E+2,1.03297523E+2,
786.500,3.14267090E+2,6.96402817E+1,
787.00,2.47226364E+2,-3.52629814E+1,
787.500,1.06329964E+2,7.09834671E+1,
788.00,3.96631439E+2,1.79714615E+2,
788.500,2.92141205E+2,3.65679131E+1,
789.00,4.79642487E+2,3.67889366E+1,
789.500,4.08830109E+2,0.00000000E+0,
790.00,3.02617279E+2,1.13418091E+2,
790.500,3.05258820E+2,-7.61278763E+1,
791.00,3.84530853E+2,3.83668365E+1,
791.500,3.50076813E+2,7.77866440E+1,
792.00,1.96025040E+2,1.57169220E+2,
792.500,3.57275574E+2,7.93517838E+1,
793.00,8.01706924E+1,-3.99144363E+1,
793.500,2.83638916E+2,-4.04473038E+1,
794.00,3.27651062E+2,-4.08077660E+1,
794.500,4.56106049E+2,1.23883553E+2,
795.00,4.19293579E+2,-4.16957550E+1,
795.500,4.63501556E+2,-4.21634140E+1,
796.00,3.39465698E+2,0.00000000E+0,
796.500,4.73436005E+2,8.58081284E+1,
797.00,2.17117249E+2,2.60487305E+2,
797.500,3.49802734E+2,0.00000000E+0,
798.00,3.99699738E+2,4.44361229E+1,
798.500,2.68867798E+2,8.94019547E+1,
799.00,2.71654938E+2,3.62814728E+2,
799.500,3.20958191E+2,9.13541794E+1,
800.00,1.84925354E+2,2.31381714E+2,
800.500,4.21234985E+2,2.80421722E+2,
801.00,2.35910339E+2,4.72917328E+1,
801.500,2.38347931E+2,-4.77638435E+1,
802.00,3.85027649E+2,9.60730438E+1,
802.500,2.92772339E+2,-4.87661629E+1,
803.00,2.46598495E+2,0.00000000E+0,
803.500,2.48095291E+2,9.89943771E+1,
804.00,2.51391754E+2,0.00000000E+0,
804.500,1.52467209E+2,-1.01187225E+2,
805.00,0.00000000E+0,0.00000000E+0,
805.500,3.11861786E+2,0.00000000E+0,
806.00,3.65121002E+2,1.04265350E+2,
806.500,2.64907471E+2,5.25738258E+1,
807.00,1.60411194E+2,-5.34499779E+1,
807.500,1.61318420E+2,5.38496666E+1,
808.00,2.17684387E+2,0.00000000E+0,
808.500,2.74672913E+2,-5.47166023E+1,
809.00,2.21723526E+2,0.00000000E+0,
809.500,3.37554260E+2,3.36999695E+2,
810.00,5.65382690E+1,1.70241333E+2,
810.500,4.00937775E+2,1.14724159E+2,
811.00,2.32237183E+2,1.15808281E+2,
811.500,2.35152588E+2,1.16824409E+2,
812.00,2.96761658E+2,1.78501938E+2,
812.500,5.43077087E+2,0.00000000E+0,
813.00,3.04107452E+2,-1.22227249E+2,
813.500,6.18488197E+1,6.19003410E+1,
814.00,5.02115051E+2,3.75572815E+2,
814.500,3.19280304E+2,1.90659256E+2,
815.00,4.52308807E+2,6.42424316E+1,
815.500,1.97726868E+2,1.30644348E+2,
816.00,1.32362183E+2,1.99417603E+2,
816.500,6.72692322E+2,6.75660248E+1,
817.00,2.04722290E+2,6.84961929E+1,
817.500,4.87047760E+2,6.91805191E+1,
818.00,4.23043884E+2,7.06087570E+1,
818.500,3.56576508E+2,0.00000000E+0,
819.00,3.64675903E+2,1.45451126E+2,
819.500,7.39975815E+1,7.40287781E+1,
820.00,1.50401611E+2,0.00000000E+0,
820.500,4.61311249E+2,-7.66876526E+1,
821.00,3.12961761E+2,2.34039536E+2,
821.500,1.59344894E+2,3.17774323E+2,
822.00,1.62515656E+2,3.25607056E+2,
822.500,3.30913818E+2,3.31457733E+2,
823.00,4.24421661E+2,-8.48425369E+1,
823.500,2.60401489E+2,5.21833801E+2,
824.00,4.43550751E+2,2.66493683E+2,
824.500,9.14723969E+1,-9.17846680E+1,
825.00,9.33931427E+1,-9.35142670E+1,
825.500,1.92283203E+2,1.92637772E+2,
826.00,1.97446640E+2,7.85962708E+2,
826.500,1.01014977E+2,5.02538635E+2,
827.00,1.03719345E+2,1.04257324E+2,
827.500,3.20831879E+2,0.00000000E+0,
828.00,1.10494217E+2,4.39636292E+2,
828.500,2.26751999E+2,0.00000000E+0,
829.00,2.33947800E+2,0.00000000E+0,
829.500,3.65093689E+2,4.83502014E+2,
830.00,2.50142349E+2,-1.24753082E+2,
