Labels,225,
Type,Emission Scan,
Comment,,
Start,600.00,
Stop,1200.00,
Step,1.00,
Fixed/Offset,445.00,
Xaxis,Wavelength,
Yaxis,Counts,
Scan Corr. by File,True,
Corr. by Ref. Det.,True,
Fixed/Offset Corr. by File,False,
Repeats,1,
Dwell Time,0.10,
Lamp,Xenon,
Temp,28.450,
Scan Polariser,None,
Scan Slit,3.9999883,
Fixed/Offset Polariser,None,
Fixed/Offset Slit,4.5000205,
Detector,Det2,

600.00,1.62703979E+2,
601.00,2.83352234E+2,
602.00,2.14872543E+2,
603.00,4.96870758E+2,
604.00,1.12546684E+2,
605.00,2.20605530E+2,
606.00,4.65348785E+2,
607.00,4.41614563E+2,
608.00,1.38527145E+2,
609.00,2.06045837E+2,
610.00,2.51493530E+2,
611.00,4.90406555E+2,
612.00,5.35939453E+2,
613.00,4.76726990E+2,
614.00,4.80263519E+2,
615.00,3.86628540E+2,
616.00,6.10395081E+2,
617.00,6.34261414E+2,
618.00,6.44098816E+2,
619.00,4.72589844E+2,
620.00,4.65317230E+2,
621.00,7.35545898E+2,
622.00,5.58495544E+2,
623.00,6.73997864E+2,
624.00,8.76834351E+2,
625.00,8.94260071E+2,
626.00,7.89597107E+2,
627.00,1.02384955E+3,
628.00,1.09921875E+3,
629.00,1.26339136E+3,
630.00,1.10946045E+3,
631.00,1.01742328E+3,
632.00,1.38063342E+3,
633.00,1.44224780E+3,
634.00,1.47126978E+3,
635.00,1.43017285E+3,
636.00,1.78361292E+3,
637.00,1.77000671E+3,
638.00,1.93426697E+3,
639.00,1.96059375E+3,
640.00,2.17129834E+3,
641.00,2.18270972E+3,
642.00,2.40060938E+3,
643.00,2.53069360E+3,
644.00,2.76629541E+3,
645.00,2.90487817E+3,
646.00,2.75277246E+3,
647.00,3.00561206E+3,
648.00,3.11993530E+3,
649.00,3.40556445E+3,
650.00,3.38528906E+3,
651.00,3.84718921E+3,
652.00,3.87037012E+3,
653.00,4.19394092E+3,
654.00,4.43993506E+3,
655.00,4.45501563E+3,
656.00,4.70797754E+3,
657.00,4.92516602E+3,
658.00,5.18974414E+3,
659.00,5.38440137E+3,
660.00,5.89930713E+3,
661.00,6.07620020E+3,
662.00,6.30380957E+3,
663.00,6.64041797E+3,
664.00,6.86281836E+3,
665.00,7.08994629E+3,
666.00,7.38710986E+3,
667.00,7.55294482E+3,
668.00,8.31536816E+3,
669.00,8.63121777E+3,
670.00,9.06620215E+3,
671.00,9.39573926E+3,
672.00,9.77561328E+3,
673.00,1.02444482E+4,
674.00,1.04387432E+4,
675.00,1.10992734E+4,
676.00,1.16653945E+4,
677.00,1.21880430E+4,
678.00,1.28602588E+4,
679.00,1.32712275E+4,
680.00,1.37548428E+4,
681.00,1.48739170E+4,
682.00,1.57098994E+4,
683.00,1.58550254E+4,
684.00,1.70861895E+4,
685.00,1.78333340E+4,
686.00,1.84783926E+4,
687.00,1.92635156E+4,
688.00,1.97749570E+4,
689.00,2.05473145E+4,
690.00,2.13457539E+4,
691.00,2.20921465E+4,
692.00,2.27898594E+4,
693.00,2.39797285E+4,
694.00,2.49939004E+4,
695.00,2.56984453E+4,
696.00,2.61735723E+4,
697.00,2.71128223E+4,
698.00,2.83498477E+4,
699.00,2.94449180E+4,
700.00,3.04778887E+4,
701.00,3.09172383E+4,
702.00,3.19031367E+4,
703.00,3.24577637E+4,
704.00,3.34725508E+4,
705.00,3.43461328E+4,
706.00,3.52644219E+4,
707.00,3.64486055E+4,
708.00,3.72650625E+4,
709.00,3.77215586E+4,
710.00,3.90458477E+4,
711.00,3.98463164E+4,
712.00,4.13473203E+4,
713.00,4.22104297E+4,
714.00,4.33532656E+4,
715.00,4.45068711E+4,
716.00,4.50443750E+4,
717.00,4.59295078E+4,
718.00,4.72059609E+4,
719.00,4.80842031E+4,
720.00,4.90733008E+4,
721.00,4.95635859E+4,
722.00,5.02315781E+4,
723.00,5.11497695E+4,
724.00,5.10495898E+4,
725.00,5.20706953E+4,
726.00,5.25598281E+4,
727.00,5.34319375E+4,
728.00,5.49647461E+4,
729.00,5.50286797E+4,
730.00,5.58925664E+4,
731.00,5.65124922E+4,
732.00,5.75597852E+4,
733.00,5.71017578E+4,
734.00,5.84225977E+4,
735.00,5.92558359E+4,
736.00,5.90305977E+4,
737.00,5.92616172E+4,
738.00,5.97084648E+4,
739.00,6.04197344E+4,
740.00,6.13831211E+4,
741.00,6.23223789E+4,
742.00,6.30117539E+4,
743.00,6.32776211E+4,
744.00,6.32113477E+4,
745.00,6.41912656E+4,
746.00,6.44774219E+4,
747.00,6.45981836E+4,
748.00,6.44324102E+4,
749.00,6.53651641E+4,
750.00,6.58286641E+4,
751.00,6.55376484E+4,
752.00,6.70766641E+4,
753.00,6.68979609E+4,
754.00,6.66697891E+4,
755.00,6.77786719E+4,
756.00,6.64814922E+4,
757.00,6.81903438E+4,
758.00,6.82819688E+4,
759.00,6.74155000E+4,
760.00,6.88410000E+4,
761.00,6.83842578E+4,
762.00,6.79273828E+4,
763.00,6.91836094E+4,
764.00,6.87001328E+4,
765.00,6.92089609E+4,
766.00,6.88419219E+4,
767.00,6.89866328E+4,
768.00,6.79085156E+4,
769.00,6.91031641E+4,
770.00,6.94719063E+4,
771.00,6.88094688E+4,
772.00,6.86855234E+4,
773.00,6.94488906E+4,
774.00,6.85343750E+4,
775.00,6.91661016E+4,
776.00,6.88942109E+4,
777.00,6.88711797E+4,
778.00,6.82569219E+4,
779.00,6.82363281E+4,
780.00,6.82286406E+4,
781.00,6.77934297E+4,
782.00,6.82081875E+4,
783.00,6.74506563E+4,
784.00,6.80040391E+4,
785.00,6.72545859E+4,
786.00,6.70667344E+4,
787.00,6.66261563E+4,
788.00,6.66352578E+4,
789.00,6.56851172E+4,
790.00,6.67239219E+4,
791.00,6.57084766E+4,
792.00,6.53272188E+4,
793.00,6.53566992E+4,
794.00,6.47609766E+4,
795.00,6.39537969E+4,
796.00,6.32252148E+4,
797.00,6.37279453E+4,
798.00,6.36697969E+4,
799.00,6.29975469E+4,
800.00,6.30152813E+4,
801.00,6.25350000E+4,
802.00,6.13040195E+4,
803.00,6.09317109E+4,
804.00,6.05183750E+4,
805.00,5.99361875E+4,
806.00,6.07424141E+4,
807.00,5.97103750E+4,
808.00,5.95494727E+4,
809.00,5.92106914E+4,
810.00,5.80300156E+4,
811.00,5.85123828E+4,
812.00,5.73296563E+4,
813.00,5.66511172E+4,
814.00,5.65806367E+4,
815.00,5.69460820E+4,
816.00,5.60688320E+4,
817.00,5.46690039E+4,
818.00,5.44908164E+4,
819.00,5.39902383E+4,
820.00,5.41840586E+4,
821.00,5.40472305E+4,
822.00,5.31968477E+4,
823.00,5.28143008E+4,
824.00,5.21176055E+4,
825.00,5.12002383E+4,
826.00,5.11392344E+4,
827.00,5.06243359E+4,
828.00,5.04942109E+4,
829.00,4.99817969E+4,
830.00,4.91681758E+4,
831.00,4.87936211E+4,
832.00,4.82288906E+4,
833.00,4.82315313E+4,
834.00,4.73008477E+4,
835.00,4.70666875E+4,
836.00,4.58498477E+4,
837.00,4.63690820E+4,
838.00,4.58304453E+4,
839.00,4.49882148E+4,
840.00,4.43197422E+4,
841.00,4.39207109E+4,
842.00,4.38437930E+4,
843.00,4.37521914E+4,
844.00,4.30665469E+4,
845.00,4.25417148E+4,
846.00,4.17132539E+4,
847.00,4.11856484E+4,
848.00,4.09255625E+4,
849.00,4.06587813E+4,
850.00,3.97397891E+4,
851.00,3.96550156E+4,
852.00,3.94827461E+4,
853.00,3.84815781E+4,
854.00,3.80253320E+4,
855.00,3.82569883E+4,
856.00,3.76875703E+4,
857.00,3.75009609E+4,
858.00,3.68238320E+4,
859.00,3.60119805E+4,
860.00,3.57672813E+4,
861.00,3.53889844E+4,
862.00,3.47709297E+4,
863.00,3.46430586E+4,
864.00,3.40430234E+4,
865.00,3.33728398E+4,
866.00,3.32761563E+4,
867.00,3.30392617E+4,
868.00,3.25467852E+4,
869.00,3.24519355E+4,
870.00,3.14676914E+4,
871.00,3.11213320E+4,
872.00,3.09434941E+4,
873.00,3.08166348E+4,
874.00,3.02551270E+4,
875.00,2.96416016E+4,
876.00,2.94091016E+4,
877.00,2.90983965E+4,
878.00,2.85100137E+4,
879.00,2.82688848E+4,
880.00,2.74817285E+4,
881.00,2.72845039E+4,
882.00,2.74444160E+4,
883.00,2.69926016E+4,
884.00,2.67558594E+4,
885.00,2.65341367E+4,
886.00,2.54289844E+4,
887.00,2.54647305E+4,
888.00,2.50881328E+4,
889.00,2.48942012E+4,
890.00,2.42918711E+4,
891.00,2.43558125E+4,
892.00,2.40574570E+4,
893.00,2.33109316E+4,
894.00,2.33743750E+4,
895.00,2.29443574E+4,
896.00,2.26638105E+4,
897.00,2.25784746E+4,
898.00,2.21343262E+4,
899.00,2.17536934E+4,
900.00,2.15036133E+4,
901.00,2.12845859E+4,
902.00,2.10511230E+4,
903.00,2.08816895E+4,
904.00,2.06329863E+4,
905.00,2.03289297E+4,
906.00,1.99604160E+4,
907.00,1.97263926E+4,
908.00,1.96536387E+4,
909.00,1.93903418E+4,
910.00,1.90047500E+4,
911.00,1.84364961E+4,
912.00,1.84309141E+4,
913.00,1.84003750E+4,
914.00,1.81036152E+4,
915.00,1.76588574E+4,
916.00,1.76314180E+4,
917.00,1.73630000E+4,
918.00,1.72296016E+4,
919.00,1.70089707E+4,
920.00,1.67168242E+4,
921.00,1.64570605E+4,
922.00,1.62747949E+4,
923.00,1.60201943E+4,
924.00,1.58071016E+4,
925.00,1.55517344E+4,
926.00,1.53311914E+4,
927.00,1.51426396E+4,
928.00,1.48764766E+4,
929.00,1.48704531E+4,
930.00,1.44455410E+4,
931.00,1.42235801E+4,
932.00,1.41978496E+4,
933.00,1.39484600E+4,
934.00,1.38145430E+4,
935.00,1.35021035E+4,
936.00,1.34964912E+4,
937.00,1.32053633E+4,
938.00,1.32293721E+4,
939.00,1.28246182E+4,
940.00,1.26173086E+4,
941.00,1.24572197E+4,
942.00,1.23463701E+4,
943.00,1.21962949E+4,
944.00,1.20103154E+4,
945.00,1.17538027E+4,
946.00,1.16865000E+4,
947.00,1.13383018E+4,
948.00,1.13608291E+4,
949.00,1.11596074E+4,
950.00,1.10017969E+4,
951.00,1.09080498E+4,
952.00,1.06850020E+4,
953.00,1.05476748E+4,
954.00,1.02742832E+4,
955.00,1.01610742E+4,
956.00,1.00208721E+4,
957.00,9.95111230E+3,
958.00,9.87228125E+3,
959.00,9.60614648E+3,
960.00,9.50432129E+3,
961.00,9.44408984E+3,
962.00,9.30540723E+3,
963.00,9.15347754E+3,
964.00,8.87305078E+3,
965.00,8.80734473E+3,
966.00,8.62905664E+3,
967.00,8.50049902E+3,
968.00,8.38450000E+3,
969.00,8.32544043E+3,
970.00,8.18427100E+3,
971.00,8.04939941E+3,
972.00,8.02293506E+3,
973.00,7.95499121E+3,
974.00,7.79077930E+3,
975.00,7.63615088E+3,
976.00,7.46039307E+3,
977.00,7.46635791E+3,
978.00,7.37030322E+3,
979.00,7.27448926E+3,
980.00,7.09037354E+3,
981.00,7.03548438E+3,
982.00,6.88692139E+3,
983.00,6.78946533E+3,
984.00,6.66499707E+3,
985.00,6.57016455E+3,
986.00,6.52091309E+3,
987.00,6.39883105E+3,
988.00,6.34814355E+3,
989.00,6.26826514E+3,
990.00,6.14202246E+3,
991.00,6.09406738E+3,
992.00,5.96940771E+3,
993.00,5.94213623E+3,
994.00,5.89666602E+3,
995.00,5.67933008E+3,
996.00,5.68735596E+3,
997.00,5.62205518E+3,
998.00,5.47806543E+3,
999.00,5.39691406E+3,
1000.00,5.34855518E+3,
1001.000,5.29546729E+3,
1002.000,5.17960938E+3,
1003.000,5.14083984E+3,
1004.000,5.07628467E+3,
1005.000,4.91806934E+3,
1006.000,4.80308496E+3,
1007.000,4.85692725E+3,
1008.000,4.67607129E+3,
1009.000,4.64939600E+3,
1010.00,4.68008398E+3,
1011.000,4.50929297E+3,
1012.000,4.47324854E+3,
1013.000,4.41946582E+3,
1014.000,4.40282959E+3,
1015.000,4.28458252E+3,
1016.000,4.25301660E+3,
1017.000,4.14554541E+3,
1018.000,4.17088037E+3,
1019.000,4.02797729E+3,
1020.00,4.00107104E+3,
1021.000,3.98331006E+3,
1022.000,3.90868799E+3,
1023.000,3.83111133E+3,
1024.000,3.77398413E+3,
1025.000,3.73841528E+3,
1026.000,3.66286011E+3,
1027.000,3.65341357E+3,
1028.000,3.51713940E+3,
1029.000,3.54929712E+3,
1030.00,3.49208008E+3,
1031.000,3.42655127E+3,
1032.000,3.46313574E+3,
1033.000,3.35482813E+3,
1034.000,3.28245239E+3,
1035.000,3.19491943E+3,
1036.000,3.22282178E+3,
1037.000,3.18248633E+3,
1038.000,3.10225635E+3,
1039.000,3.08590454E+3,
1040.00,3.00934009E+3,
1041.000,3.02038892E+3,
1042.000,2.96146777E+3,
1043.000,2.90222437E+3,
1044.000,2.80075806E+3,
1045.000,2.83048438E+3,
1046.000,2.78069629E+3,
1047.000,2.78172437E+3,
1048.000,2.72505957E+3,
1049.000,2.62559473E+3,
1050.00,2.67140332E+3,
1051.000,2.53734888E+3,
1052.000,2.54608789E+3,
1053.000,2.45707202E+3,
1054.000,2.43224536E+3,
1055.000,2.44527026E+3,
1056.000,2.36110229E+3,
1057.000,2.40905469E+3,
1058.000,2.30901270E+3,
1059.000,2.30478198E+3,
1060.00,2.30019092E+3,
1061.000,2.17461060E+3,
1062.000,2.20758740E+3,
1063.000,2.11150073E+3,
1064.000,2.07317456E+3,
1065.000,2.06505957E+3,
1066.000,2.03363013E+3,
1067.000,2.03413281E+3,
1068.000,1.94535583E+3,
1069.000,2.00350830E+3,
1070.00,1.97301880E+3,
1071.000,1.99040710E+3,
1072.000,1.88642688E+3,
1073.000,1.90522485E+3,
1074.000,1.81538965E+3,
1075.000,1.80783679E+3,
1076.000,1.84322522E+3,
1077.000,1.76079236E+3,
1078.000,1.72330200E+3,
1079.000,1.66005310E+3,
1080.00,1.69007629E+3,
1081.000,1.70958411E+3,
1082.000,1.69560120E+3,
1083.000,1.59477881E+3,
1084.000,1.61405164E+3,
1085.000,1.55848389E+3,
1086.000,1.56407825E+3,
1087.000,1.52609521E+3,
1088.000,1.54039160E+3,
1089.000,1.50933313E+3,
1090.00,1.46423157E+3,
1091.000,1.44954285E+3,
1092.000,1.41577930E+3,
1093.000,1.41157336E+3,
1094.000,1.37527100E+3,
1095.000,1.36811792E+3,
1096.000,1.31089575E+3,
1097.000,1.32022595E+3,
1098.000,1.34859106E+3,
1099.000,1.29978467E+3,
1100.00,1.32594727E+3,
1101.000,1.25336462E+3,
1102.000,1.22629602E+3,
1103.000,1.21423230E+3,
1104.000,1.21905688E+3,
1105.000,1.19670850E+3,
1106.000,1.17928882E+3,
1107.000,1.14928516E+3,
1108.000,1.17506738E+3,
1109.000,1.13198767E+3,
1110.00,1.11150256E+3,
1111.000,1.07266418E+3,
1112.000,1.10305066E+3,
1113.000,1.05145142E+3,
1114.000,1.07052820E+3,
1115.000,1.03931921E+3,
1116.000,1.02959094E+3,
1117.000,9.99792542E+2,
1118.000,9.88934204E+2,
1119.000,1.00596210E+3,
1120.00,9.69622986E+2,
1121.000,9.45585754E+2,
1122.000,9.70032166E+2,
1123.000,9.38027710E+2,
1124.000,9.25946045E+2,
1125.000,9.08023010E+2,
1126.000,8.86413269E+2,
1127.000,9.12221191E+2,
1128.000,8.77169556E+2,
1129.000,8.51735535E+2,
1130.00,8.53267822E+2,
1131.000,8.67565430E+2,
1132.000,8.51779724E+2,
1133.000,8.38704102E+2,
1134.000,7.82546997E+2,
1135.000,8.22091858E+2,
1136.000,7.40116394E+2,
1137.000,7.79553833E+2,
1138.000,7.50819885E+2,
1139.000,7.25552490E+2,
1140.00,7.75500793E+2,
1141.000,7.62941040E+2,
1142.000,7.19436890E+2,
1143.000,7.20838867E+2,
1144.000,7.10071655E+2,
1145.000,7.14876709E+2,
1146.000,6.92437439E+2,
1147.000,6.79505859E+2,
1148.000,6.40475952E+2,
1149.000,6.52525879E+2,
1150.00,6.60171997E+2,
1151.000,6.46107910E+2,
1152.000,6.25476135E+2,
1153.000,6.30869934E+2,
1154.000,5.71385681E+2,
1155.000,5.86106018E+2,
1156.000,5.88401855E+2,
1157.000,5.86765991E+2,
1158.000,5.58561096E+2,
1159.000,5.99904053E+2,
1160.00,5.59713745E+2,
1161.000,5.60457886E+2,
1162.000,5.30547668E+2,
1163.000,5.53055908E+2,
1164.000,5.40364868E+2,
1165.000,5.01124908E+2,
1166.000,5.37460083E+2,
1167.000,5.10170929E+2,
1168.000,5.29609070E+2,
1169.000,5.07570709E+2,
1170.00,5.38908997E+2,
1171.000,5.02230652E+2,
1172.000,4.97355469E+2,
1173.000,4.53698883E+2,
1174.000,4.80974396E+2,
1175.000,4.68690948E+2,
1176.000,4.94786438E+2,
1177.000,4.75092133E+2,
1178.000,4.62082184E+2,
1179.000,4.27162018E+2,
1180.00,4.51854034E+2,
1181.000,4.28042114E+2,
1182.000,4.44262848E+2,
1183.000,4.16708344E+2,
1184.000,4.04310547E+2,
1185.000,4.19599365E+2,
1186.000,4.28499054E+2,
1187.000,4.04826660E+2,
1188.000,3.98427490E+2,
1189.000,4.19263123E+2,
1190.00,4.19947754E+2,
1191.000,3.74851135E+2,
1192.000,3.63408600E+2,
1193.000,3.95735168E+2,
1194.000,3.78269775E+2,
1195.000,3.58180420E+2,
1196.000,3.46618317E+2,
1197.000,3.39393890E+2,
1198.000,3.41063446E+2,
1199.000,3.31501190E+2,
1200.00,3.48389099E+2,
