Labels,225,
Type,Emission Scan,
Comment,,
Start,600.00,
Stop,1300.00,
Step,1.00,
Fixed/Offset,455.00,
Xaxis,Wavelength,
Yaxis,Counts,
Scan Corr. by File,True,
Corr. by Ref. Det.,True,
Fixed/Offset Corr. by File,False,
Repeats,1,
Dwell Time,0.10,
Lamp,Xenon,
Temp,0.00,
Scan Polariser,None,
Scan Slit,3.30,
Fixed/Offset Polariser,None,
Fixed/Offset Slit,3.30,
Detector,Det2,

600.00,4.83775482E+2,
601.00,-1.45511078E+2,
602.00,-5.01594299E+2,
603.00,-1.94556412E+2,
604.00,-2.74511475E+2,
605.00,1.62832260E+2,
606.00,7.53640823E+1,
607.00,6.85859802E+2,
608.00,5.35302086E+1,
609.00,1.71912201E+2,
610.00,-8.93205261E+1,
611.00,-2.71582489E+2,
612.00,3.29662201E+2,
613.00,-3.52150299E+2,
614.00,1.10870865E+2,
615.00,1.69447174E+2,
616.00,2.77755341E+2,
617.00,2.65948914E+2,
618.00,1.33174011E+2,
619.00,1.41790762E+1,
620.00,-1.40520172E+2,
621.00,-2.87058167E+2,
622.00,-1.36726212E+2,
623.00,-1.21605705E+2,
624.00,-9.96087933E+0,
625.00,2.76257507E+2,
626.00,1.41412567E+2,
627.00,3.16522598E+0,
628.00,-1.76470184E+2,
629.00,-2.86656616E+2,
630.00,4.10591888E+1,
631.00,3.00609253E+2,
632.00,-1.95928558E+2,
633.00,2.49324051E+2,
634.00,1.50505051E+2,
635.00,-2.02642044E+2,
636.00,2.17016037E+2,
637.00,1.84235596E+2,
638.00,1.58829697E+2,
639.00,4.66229916E+0,
640.00,4.88629875E+1,
641.00,2.77811947E+1,
642.00,1.15116989E+2,
643.00,1.49036499E+2,
644.00,1.03998466E+2,
645.00,1.63698441E+2,
646.00,2.47443451E+2,
647.00,-1.73854355E+2,
648.00,2.07261829E+1,
649.00,1.49332932E+2,
650.00,1.35600021E+2,
651.00,2.42257126E+2,
652.00,2.24209122E+2,
653.00,6.27805359E+2,
654.00,1.87312729E+2,
655.00,3.15038422E+2,
656.00,2.23677719E+2,
657.00,2.69995361E+2,
658.00,4.30483032E+2,
659.00,5.34248734E+1,
660.00,2.69195099E+2,
661.00,1.46333496E+2,
662.00,1.12029709E+2,
663.00,6.47713745E+2,
664.00,3.09539551E+2,
665.00,3.91129547E+2,
666.00,3.82153473E+2,
667.00,2.98499176E+2,
668.00,4.98893929E+1,
669.00,1.69284790E+2,
670.00,4.24684937E+2,
671.00,6.22591858E+2,
672.00,8.20404724E+2,
673.00,8.93224976E+2,
674.00,7.00278442E+2,
675.00,5.85072083E+2,
676.00,7.17470764E+2,
677.00,1.00557520E+3,
678.00,7.00442688E+2,
679.00,5.46046875E+2,
680.00,9.00617737E+2,
681.00,7.57380859E+2,
682.00,1.48571387E+3,
683.00,9.84256165E+2,
684.00,1.35849939E+3,
685.00,1.12398474E+3,
686.00,1.24641602E+3,
687.00,1.28666833E+3,
688.00,1.36976550E+3,
689.00,1.44522400E+3,
690.00,1.79947485E+3,
691.00,1.57675110E+3,
692.00,1.48021777E+3,
693.00,1.57398096E+3,
694.00,1.76982739E+3,
695.00,1.85257092E+3,
696.00,1.81464502E+3,
697.00,1.70213831E+3,
698.00,2.30006152E+3,
699.00,2.46180591E+3,
700.00,2.43413477E+3,
701.00,2.85289941E+3,
702.00,2.99514209E+3,
703.00,2.59894116E+3,
704.00,3.84960449E+3,
705.00,3.40647095E+3,
706.00,3.11555151E+3,
707.00,3.89460913E+3,
708.00,3.45817798E+3,
709.00,3.70196924E+3,
710.00,3.46674854E+3,
711.00,4.25748291E+3,
712.00,3.87421558E+3,
713.00,4.12344629E+3,
714.00,4.80929639E+3,
715.00,4.56293359E+3,
716.00,4.69999463E+3,
717.00,5.14225977E+3,
718.00,4.80858154E+3,
719.00,5.29896973E+3,
720.00,5.52230713E+3,
721.00,5.70985693E+3,
722.00,5.62509082E+3,
723.00,5.47418359E+3,
724.00,5.80832813E+3,
725.00,6.15741406E+3,
726.00,6.54120703E+3,
727.00,6.75443994E+3,
728.00,6.43660254E+3,
729.00,7.09053027E+3,
730.00,7.00955859E+3,
731.00,6.90505713E+3,
732.00,7.44816797E+3,
733.00,8.04287354E+3,
734.00,8.19928320E+3,
735.00,8.06980273E+3,
736.00,8.44747461E+3,
737.00,8.35599805E+3,
738.00,8.40068652E+3,
739.00,8.84703711E+3,
740.00,9.39885840E+3,
741.00,9.63133496E+3,
742.00,1.00728857E+4,
743.00,9.35933398E+3,
744.00,9.93916016E+3,
745.00,1.07857393E+4,
746.00,1.08694453E+4,
747.00,1.10792217E+4,
748.00,1.05123867E+4,
749.00,1.17368379E+4,
750.00,1.15019844E+4,
751.00,1.17062266E+4,
752.00,1.19352217E+4,
753.00,1.24021250E+4,
754.00,1.20875742E+4,
755.00,1.28820146E+4,
756.00,1.26642324E+4,
757.00,1.34927725E+4,
758.00,1.38067207E+4,
759.00,1.41602021E+4,
760.00,1.40758154E+4,
761.00,1.42105947E+4,
762.00,1.45123457E+4,
763.00,1.46598691E+4,
764.00,1.53310801E+4,
765.00,1.58269063E+4,
766.00,1.61837461E+4,
767.00,1.63329365E+4,
768.00,1.67180234E+4,
769.00,1.71459141E+4,
770.00,1.67101660E+4,
771.00,1.71010625E+4,
772.00,1.79922715E+4,
773.00,1.83082969E+4,
774.00,1.77367090E+4,
775.00,1.83155508E+4,
776.00,1.94084180E+4,
777.00,1.89096602E+4,
778.00,1.92565898E+4,
779.00,1.95796719E+4,
780.00,2.03146113E+4,
781.00,2.06907324E+4,
782.00,2.06600723E+4,
783.00,2.10222598E+4,
784.00,2.12391855E+4,
785.00,2.16735391E+4,
786.00,2.14323848E+4,
787.00,2.13933672E+4,
788.00,2.27144082E+4,
789.00,2.21455176E+4,
790.00,2.27706855E+4,
791.00,2.34522090E+4,
792.00,2.32830078E+4,
793.00,2.35590957E+4,
794.00,2.35739980E+4,
795.00,2.39554004E+4,
796.00,2.46890117E+4,
797.00,2.42536152E+4,
798.00,2.42311953E+4,
799.00,2.50176406E+4,
800.00,2.51045996E+4,
801.00,2.59446543E+4,
802.00,2.54413828E+4,
803.00,2.59411895E+4,
804.00,2.62967363E+4,
805.00,2.62042793E+4,
806.00,2.61176641E+4,
807.00,2.71933125E+4,
808.00,2.68193535E+4,
809.00,2.71592813E+4,
810.00,2.72306543E+4,
811.00,2.68353984E+4,
812.00,2.74840195E+4,
813.00,2.77444785E+4,
814.00,2.78073281E+4,
815.00,2.77295586E+4,
816.00,2.81096797E+4,
817.00,2.84855000E+4,
818.00,2.87915801E+4,
819.00,2.86281133E+4,
820.00,2.89378203E+4,
821.00,2.88780762E+4,
822.00,2.92048516E+4,
823.00,2.91704727E+4,
824.00,2.97219453E+4,
825.00,2.92257969E+4,
826.00,2.98576582E+4,
827.00,2.98595996E+4,
828.00,2.96828047E+4,
829.00,2.94309043E+4,
830.00,3.00004180E+4,
831.00,2.98506367E+4,
832.00,2.99194473E+4,
833.00,3.09015156E+4,
834.00,3.00686445E+4,
835.00,3.00715234E+4,
836.00,3.00823301E+4,
837.00,3.05484219E+4,
838.00,3.06563867E+4,
839.00,3.05040410E+4,
840.00,3.05326426E+4,
841.00,3.04361211E+4,
842.00,3.02735684E+4,
843.00,3.06291074E+4,
844.00,3.07808086E+4,
845.00,3.07078398E+4,
846.00,3.07997109E+4,
847.00,3.07799883E+4,
848.00,3.04668789E+4,
849.00,2.99983867E+4,
850.00,3.03811348E+4,
851.00,3.04652188E+4,
852.00,3.01580977E+4,
853.00,3.06034785E+4,
854.00,3.06344043E+4,
855.00,3.03284688E+4,
856.00,3.08979648E+4,
857.00,3.05675703E+4,
858.00,3.00106289E+4,
859.00,2.96757109E+4,
860.00,2.99827051E+4,
861.00,2.97411660E+4,
862.00,2.96339609E+4,
863.00,2.95032969E+4,
864.00,2.96797988E+4,
865.00,2.94123105E+4,
866.00,2.95089023E+4,
867.00,2.93413984E+4,
868.00,2.86544414E+4,
869.00,2.89145137E+4,
870.00,2.91145820E+4,
871.00,2.91088223E+4,
872.00,2.82981680E+4,
873.00,2.90551289E+4,
874.00,2.83838789E+4,
875.00,2.77401133E+4,
876.00,2.82353965E+4,
877.00,2.79421035E+4,
878.00,2.80085742E+4,
879.00,2.76527617E+4,
880.00,2.74879902E+4,
881.00,2.75004199E+4,
882.00,2.71764570E+4,
883.00,2.74443828E+4,
884.00,2.68668594E+4,
885.00,2.68850801E+4,
886.00,2.68624395E+4,
887.00,2.63497637E+4,
888.00,2.64543145E+4,
889.00,2.62481523E+4,
890.00,2.62524492E+4,
891.00,2.59311348E+4,
892.00,2.54335293E+4,
893.00,2.54705742E+4,
894.00,2.58491387E+4,
895.00,2.53001055E+4,
896.00,2.52072891E+4,
897.00,2.50977988E+4,
898.00,2.50067148E+4,
899.00,2.45643379E+4,
900.00,2.43973691E+4,
901.00,2.39101387E+4,
902.00,2.40155723E+4,
903.00,2.35664668E+4,
904.00,2.37010020E+4,
905.00,2.34938398E+4,
906.00,2.32212207E+4,
907.00,2.30377207E+4,
908.00,2.29169004E+4,
909.00,2.29271465E+4,
910.00,2.26941816E+4,
911.00,2.22399590E+4,
912.00,2.22408730E+4,
913.00,2.20795313E+4,
914.00,2.21527383E+4,
915.00,2.14823516E+4,
916.00,2.19122344E+4,
917.00,2.16372559E+4,
918.00,2.13486406E+4,
919.00,2.09990508E+4,
920.00,2.09764902E+4,
921.00,2.05889883E+4,
922.00,2.06339434E+4,
923.00,2.03729609E+4,
924.00,2.03219609E+4,
925.00,2.03202207E+4,
926.00,2.01437852E+4,
927.00,1.96393066E+4,
928.00,1.96197070E+4,
929.00,1.94431309E+4,
930.00,1.91481035E+4,
931.00,1.89869277E+4,
932.00,1.92823770E+4,
933.00,1.89091152E+4,
934.00,1.89559102E+4,
935.00,1.87272148E+4,
936.00,1.81940430E+4,
937.00,1.79893418E+4,
938.00,1.78310430E+4,
939.00,1.79420625E+4,
940.00,1.78039023E+4,
941.00,1.74773145E+4,
942.00,1.72740723E+4,
943.00,1.71611133E+4,
944.00,1.68937930E+4,
945.00,1.68192227E+4,
946.00,1.65921992E+4,
947.00,1.64730586E+4,
948.00,1.63982695E+4,
949.00,1.62535762E+4,
950.00,1.60321787E+4,
951.00,1.60831729E+4,
952.00,1.56993467E+4,
953.00,1.55832559E+4,
954.00,1.54155059E+4,
955.00,1.52847188E+4,
956.00,1.50007344E+4,
957.00,1.48447158E+4,
958.00,1.47479355E+4,
959.00,1.44685127E+4,
960.00,1.44670117E+4,
961.00,1.43579521E+4,
962.00,1.44048486E+4,
963.00,1.42738096E+4,
964.00,1.39691250E+4,
965.00,1.37606182E+4,
966.00,1.35253770E+4,
967.00,1.35065254E+4,
968.00,1.36088330E+4,
969.00,1.32129961E+4,
970.00,1.31457266E+4,
971.00,1.31871816E+4,
972.00,1.30440420E+4,
973.00,1.29139248E+4,
974.00,1.29417266E+4,
975.00,1.26328398E+4,
976.00,1.25981816E+4,
977.00,1.23895156E+4,
978.00,1.22184531E+4,
979.00,1.20308076E+4,
980.00,1.21094922E+4,
981.00,1.18654404E+4,
982.00,1.17170479E+4,
983.00,1.16466504E+4,
984.00,1.15416387E+4,
985.00,1.13185313E+4,
986.00,1.11332920E+4,
987.00,1.10146670E+4,
988.00,1.09748047E+4,
989.00,1.08287822E+4,
990.00,1.07681006E+4,
991.00,1.05782656E+4,
992.00,1.05289541E+4,
993.00,1.03461250E+4,
994.00,1.02918486E+4,
995.00,1.00983096E+4,
996.00,1.00364932E+4,
997.00,9.89711426E+3,
998.00,9.88316113E+3,
999.00,9.93097461E+3,
1000.00,9.64959961E+3,
1001.000,9.43116699E+3,
1002.000,9.41363770E+3,
1003.000,9.27546777E+3,
1004.000,9.09206934E+3,
1005.000,9.06080273E+3,
1006.000,8.83941016E+3,
1007.000,8.79644336E+3,
1008.000,8.62103906E+3,
1009.000,8.53807227E+3,
1010.00,8.39208691E+3,
1011.000,8.32021191E+3,
1012.000,8.31575586E+3,
1013.000,8.21325781E+3,
1014.000,8.07159375E+3,
1015.000,7.86786816E+3,
1016.000,7.92293896E+3,
1017.000,7.76775781E+3,
1018.000,7.61795068E+3,
1019.000,7.58399023E+3,
1020.00,7.61529102E+3,
1021.000,7.38229199E+3,
1022.000,7.30811426E+3,
1023.000,7.32109473E+3,
1024.000,7.27288086E+3,
1025.000,7.08377100E+3,
1026.000,6.91131934E+3,
1027.000,7.09637402E+3,
1028.000,6.86153369E+3,
1029.000,6.82982422E+3,
1030.00,6.72628027E+3,
1031.000,6.57154004E+3,
1032.000,6.57029541E+3,
1033.000,6.50665479E+3,
1034.000,6.42866602E+3,
1035.000,6.22873926E+3,
1036.000,6.21340039E+3,
1037.000,6.17407813E+3,
1038.000,6.16306104E+3,
1039.000,6.03716357E+3,
1040.00,5.89576123E+3,
1041.000,5.76712500E+3,
1042.000,5.86061475E+3,
1043.000,5.72493457E+3,
1044.000,5.67011475E+3,
1045.000,5.64744287E+3,
1046.000,5.50856104E+3,
1047.000,5.34916455E+3,
1048.000,5.34179980E+3,
1049.000,5.42408057E+3,
1050.00,5.31654883E+3,
1051.000,5.18795654E+3,
1052.000,5.07643262E+3,
1053.000,5.09340137E+3,
1054.000,4.93225049E+3,
1055.000,5.00037207E+3,
1056.000,4.91364893E+3,
1057.000,4.84048730E+3,
1058.000,4.74615039E+3,
1059.000,4.69064990E+3,
1060.00,4.53916943E+3,
1061.000,4.55033154E+3,
1062.000,4.51132129E+3,
1063.000,4.50604150E+3,
1064.000,4.40374902E+3,
1065.000,4.25277686E+3,
1066.000,4.31717236E+3,
1067.000,4.20178125E+3,
1068.000,4.16920557E+3,
1069.000,4.04140161E+3,
1070.00,3.96774976E+3,
1071.000,4.00661230E+3,
1072.000,3.99105249E+3,
1073.000,3.90587939E+3,
1074.000,3.83828101E+3,
1075.000,3.77608472E+3,
1076.000,3.80223096E+3,
1077.000,3.69925366E+3,
1078.000,3.70371509E+3,
1079.000,3.62850757E+3,
1080.00,3.59001318E+3,
1081.000,3.49016064E+3,
1082.000,3.56615601E+3,
1083.000,3.41973438E+3,
1084.000,3.41695679E+3,
1085.000,3.27907788E+3,
1086.000,3.26499146E+3,
1087.000,3.17710010E+3,
1088.000,3.29070239E+3,
1089.000,3.17367114E+3,
1090.00,3.12301563E+3,
1091.000,3.06793652E+3,
1092.000,3.08561768E+3,
1093.000,3.06772559E+3,
1094.000,3.03667993E+3,
1095.000,2.93550806E+3,
1096.000,2.90341772E+3,
1097.000,2.85243433E+3,
1098.000,2.89621826E+3,
1099.000,2.82689648E+3,
1100.00,2.74788013E+3,
1101.000,2.71856201E+3,
1102.000,2.73919312E+3,
1103.000,2.66491406E+3,
1104.000,2.60430249E+3,
1105.000,2.56992749E+3,
1106.000,2.60745093E+3,
1107.000,2.55161865E+3,
1108.000,2.49128296E+3,
1109.000,2.55812939E+3,
1110.00,2.43699121E+3,
1111.000,2.43851807E+3,
1112.000,2.45103662E+3,
1113.000,2.36702148E+3,
1114.000,2.33568726E+3,
1115.000,2.34886230E+3,
1116.000,2.26601172E+3,
1117.000,2.28027856E+3,
1118.000,2.24746338E+3,
1119.000,2.21169775E+3,
1120.00,2.16294458E+3,
1121.000,2.14232813E+3,
1122.000,2.14305542E+3,
1123.000,2.10496558E+3,
1124.000,2.05669409E+3,
1125.000,2.09057422E+3,
1126.000,1.99437976E+3,
1127.000,1.90814941E+3,
1128.000,1.96987061E+3,
1129.000,1.91646753E+3,
1130.00,1.98097473E+3,
1131.000,1.84185986E+3,
1132.000,1.89185376E+3,
1133.000,1.86546082E+3,
1134.000,1.79436694E+3,
1135.000,1.80094592E+3,
1136.000,1.78393665E+3,
1137.000,1.74952698E+3,
1138.000,1.76879663E+3,
1139.000,1.79765503E+3,
1140.00,1.64226965E+3,
1141.000,1.67147217E+3,
1142.000,1.63449878E+3,
1143.000,1.61671069E+3,
1144.000,1.54720630E+3,
1145.000,1.62922900E+3,
1146.000,1.57062671E+3,
1147.000,1.58022131E+3,
1148.000,1.56778198E+3,
1149.000,1.51537317E+3,
1150.00,1.56646387E+3,
1151.000,1.55115051E+3,
1152.000,1.44965381E+3,
1153.000,1.41063928E+3,
1154.000,1.42988269E+3,
1155.000,1.44343164E+3,
1156.000,1.32384656E+3,
1157.000,1.43030981E+3,
1158.000,1.34556921E+3,
1159.000,1.35912451E+3,
1160.00,1.35587170E+3,
1161.000,1.36291992E+3,
1162.000,1.28071741E+3,
1163.000,1.22831335E+3,
1164.000,1.32629175E+3,
1165.000,1.22497461E+3,
1166.000,1.20144641E+3,
1167.000,1.17307971E+3,
1168.000,1.20212488E+3,
1169.000,1.20118030E+3,
1170.00,1.15566455E+3,
1171.000,1.19736646E+3,
1172.000,1.12984595E+3,
1173.000,1.16621472E+3,
1174.000,1.14785962E+3,
1175.000,1.09668237E+3,
1176.000,1.06441760E+3,
1177.000,1.06869641E+3,
1178.000,1.07466541E+3,
1179.000,1.04324731E+3,
1180.00,1.00100641E+3,
1181.000,1.03222021E+3,
1182.000,9.87933105E+2,
1183.000,1.02268048E+3,
1184.000,9.67970642E+2,
1185.000,9.77702026E+2,
1186.000,9.47588745E+2,
1187.000,9.72727356E+2,
1188.000,9.42909729E+2,
1189.000,9.21712952E+2,
1190.00,9.57052856E+2,
1191.000,9.40511841E+2,
1192.000,8.67861633E+2,
1193.000,8.40387634E+2,
1194.000,8.69794983E+2,
1195.000,8.76629395E+2,
1196.000,8.97574707E+2,
1197.000,8.02131042E+2,
1198.000,8.56114136E+2,
1199.000,8.39313477E+2,
1200.00,7.73101929E+2,
1201.000,8.10958191E+2,
1202.000,7.72318298E+2,
1203.000,7.23441589E+2,
1204.000,7.50142395E+2,
1205.000,8.08704712E+2,
1206.000,7.93665894E+2,
1207.000,6.73837036E+2,
1208.000,7.66831116E+2,
1209.000,7.17757751E+2,
1210.00,7.02023254E+2,
1211.000,6.53779419E+2,
1212.000,7.63351624E+2,
1213.000,7.19849365E+2,
1214.000,7.04950378E+2,
1215.000,6.20737793E+2,
1216.000,6.84532593E+2,
1217.000,6.78331360E+2,
1218.000,5.95825500E+2,
1219.000,6.26114685E+2,
1220.00,6.43817993E+2,
1221.000,6.70945984E+2,
1222.000,6.23457336E+2,
1223.000,6.73053711E+2,
1224.000,5.88766541E+2,
1225.000,6.62276001E+2,
1226.000,5.80283325E+2,
1227.000,5.52947388E+2,
1228.000,5.65410950E+2,
1229.000,5.31014709E+2,
1230.00,6.27243835E+2,
1231.000,5.87048096E+2,
1232.000,5.82773682E+2,
1233.000,5.85950073E+2,
1234.000,5.78379944E+2,
1235.000,5.79335144E+2,
1236.000,5.79098083E+2,
1237.000,5.48160217E+2,
1238.000,5.23191650E+2,
1239.000,5.09956940E+2,
1240.00,5.13783203E+2,
1241.000,4.99972443E+2,
1242.000,5.03892853E+2,
1243.000,4.96568756E+2,
1244.000,5.27396729E+2,
1245.000,4.47420166E+2,
1246.000,5.00848694E+2,
1247.000,4.19685852E+2,
1248.000,4.43615540E+2,
1249.000,4.92207458E+2,
1250.00,4.83674469E+2,
1251.000,4.66326996E+2,
1252.000,5.26290466E+2,
1253.000,4.28648468E+2,
1254.000,4.55744476E+2,
1255.000,3.93259796E+2,
1256.000,3.97145630E+2,
1257.000,4.28189697E+2,
1258.000,3.73236694E+2,
1259.000,4.28802826E+2,
1260.00,4.27730164E+2,
1261.000,4.17940308E+2,
1262.000,4.00110382E+2,
1263.000,3.79687012E+2,
1264.000,4.00571259E+2,
1265.000,3.86924072E+2,
1266.000,3.68834778E+2,
1267.000,3.19151703E+2,
1268.000,4.01300812E+2,
1269.000,3.89604218E+2,
1270.00,3.32037903E+2,
1271.000,3.37023529E+2,
1272.000,3.56153870E+2,
1273.000,3.72424683E+2,
1274.000,2.94711121E+2,
1275.000,3.70250458E+2,
1276.000,3.73050476E+2,
1277.000,3.73152802E+2,
1278.000,3.57308960E+2,
1279.000,3.27909210E+2,
1280.00,3.15615601E+2,
1281.000,3.45732605E+2,
1282.000,3.39611633E+2,
1283.000,3.16243652E+2,
1284.000,3.16793182E+2,
1285.000,3.28430847E+2,
1286.000,3.18723572E+2,
1287.000,2.89631012E+2,
1288.000,3.35930695E+2,
1289.000,3.25268188E+2,
1290.00,2.74079468E+2,
1291.000,2.78624817E+2,
1292.000,2.94724548E+2,
1293.000,2.72277435E+2,
1294.000,2.56326050E+2,
1295.000,2.78795715E+2,
1296.000,2.46253540E+2,
1297.000,2.69549347E+2,
1298.000,2.87169250E+2,
1299.000,2.58794434E+2,
1300.00,2.09011749E+2,
