Labels,0,
Type,Emission Scan,
Comment,,
Start,600.00,
Stop,1650.00,
Step,1.00,
Fixed/Offset,455.00,
Xaxis,Wavelength,
Yaxis,Counts,
Scan Corr. by File,True,
Corr. by Ref. Det.,True,
Fixed/Offset Corr. by File,False,
Repeats,1,
Dwell Time,0.10,
Lamp,Xenon,
Temp,0.00,
Scan Polariser,None,
Scan Slit,3.5999048,
Fixed/Offset Polariser,None,
Fixed/Offset Slit,3.6000066,
Detector,Det2,

600.00,-1.78958878E+2,
601.00,-8.09971619E+1,
602.00,-1.28433380E+2,
603.00,3.38938599E+2,
604.00,-1.43337326E+2,
605.00,-3.97164551E+2,
606.00,3.79235779E+2,
607.00,5.25976028E+1,
608.00,-3.83173218E+1,
609.00,3.23096954E+2,
610.00,1.37703934E+1,
611.00,-3.09499512E+2,
612.00,9.27388535E+1,
613.00,1.63510971E+1,
614.00,6.46177216E+1,
615.00,2.72172516E+2,
616.00,-4.73571686E+2,
617.00,1.32559937E+2,
618.00,1.67595551E+2,
619.00,-2.61493469E+2,
620.00,-6.81763458E+1,
621.00,3.25436279E+2,
622.00,-3.16725006E+2,
623.00,5.43354225E+1,
624.00,4.18235512E+1,
625.00,1.54512146E+2,
626.00,3.05710541E+2,
627.00,6.15359192E+1,
628.00,2.30183105E+2,
629.00,8.88573456E+1,
630.00,3.95629845E+1,
631.00,-7.18499279E+0,
632.00,1.10316803E+2,
633.00,3.08908752E+2,
634.00,1.02218292E+2,
635.00,1.49134521E+2,
636.00,1.95149673E+2,
637.00,2.38911026E+2,
638.00,6.17766609E+1,
639.00,2.42282822E+2,
640.00,-1.09885948E+2,
641.00,2.22437592E+2,
642.00,-1.17058401E+1,
643.00,7.82797098E+0,
644.00,6.43880386E+1,
645.00,2.91974392E+1,
646.00,0.00000000E+0,
647.00,-7.58123474E+1,
648.00,2.92751007E+2,
649.00,-2.12857666E+1,
650.00,1.35416594E+1,
651.00,2.21019211E+2,
652.00,-1.51180649E+2,
653.00,2.31577560E+2,
654.00,0.00000000E+0,
655.00,1.33604095E+2,
656.00,1.75123291E+1,
657.00,3.25991882E+2,
658.00,3.31010818E+1,
659.00,-3.92028313E+1,
660.00,1.08240097E+2,
661.00,-1.77320881E+1,
662.00,6.92337189E+1,
663.00,2.76617432E+2,
664.00,7.31917648E+1,
665.00,2.95402222E+2,
666.00,1.72074432E+2,
667.00,1.98899826E+2,
668.00,3.16845398E+2,
669.00,1.31553314E+2,
670.00,4.47249222E+1,
671.00,1.40050049E+2,
672.00,-9.01027374E+1,
673.00,1.77273376E+2,
674.00,-6.18711662E+0,
675.00,1.17680954E+2,
676.00,-2.08794498E+0,
677.00,9.06061401E+1,
678.00,-8.65507813E+1,
679.00,-1.07781364E+2,
680.00,2.82003326E+2,
681.00,-1.91300751E+2,
682.00,1.10672226E+1,
683.00,1.73870743E+2,
684.00,-4.53965034E+1,
685.00,-7.55475159E+1,
686.00,-8.36144791E+1,
687.00,3.26800934E+2,
688.00,1.70344879E+2,
689.00,-6.89525452E+1,
690.00,1.53217773E+2,
691.00,3.61420624E+2,
692.00,2.12616318E+2,
693.00,3.54292542E+2,
694.00,2.33667542E+2,
695.00,2.48223495E+2,
696.00,3.65067383E+2,
697.00,2.20011749E+2,
698.00,3.70315308E+2,
699.00,4.06476227E+2,
700.00,1.67239777E+2,
701.00,5.68385437E+2,
702.00,3.72283081E+2,
703.00,3.00525391E+2,
704.00,2.99428467E+2,
705.00,2.53730316E+2,
706.00,7.54477112E+2,
707.00,2.82450714E+2,
708.00,5.06456848E+2,
709.00,3.98252380E+2,
710.00,5.71068665E+2,
711.00,8.83135147E+1,
712.00,6.11305481E+2,
713.00,5.97319946E+2,
714.00,6.56346313E+2,
715.00,6.46632690E+2,
716.00,1.95137115E+2,
717.00,6.82868774E+2,
718.00,6.92485413E+2,
719.00,4.71710815E+2,
720.00,4.69548737E+2,
721.00,6.31897888E+2,
722.00,7.33847778E+2,
723.00,6.99382935E+2,
724.00,6.10466064E+2,
725.00,7.72148621E+2,
726.00,1.03871948E+3,
727.00,9.96434021E+2,
728.00,6.61808716E+2,
729.00,9.11258362E+2,
730.00,1.06348865E+3,
731.00,8.41361206E+2,
732.00,8.75600098E+2,
733.00,1.07333398E+3,
734.00,7.42219055E+2,
735.00,1.25388782E+3,
736.00,1.04331201E+3,
737.00,1.17222046E+3,
738.00,1.49143079E+3,
739.00,1.26941296E+3,
740.00,1.22994519E+3,
741.00,1.40586560E+3,
742.00,1.25846265E+3,
743.00,1.44200500E+3,
744.00,1.58589319E+3,
745.00,1.28964978E+3,
746.00,1.56281482E+3,
747.00,1.61921985E+3,
748.00,1.60704626E+3,
749.00,1.28555957E+3,
750.00,1.66327490E+3,
751.00,1.48737695E+3,
752.00,1.32554578E+3,
753.00,1.25855396E+3,
754.00,1.70266296E+3,
755.00,2.09420337E+3,
756.00,1.68379272E+3,
757.00,1.80598389E+3,
758.00,1.78381702E+3,
759.00,2.03775134E+3,
760.00,1.97546814E+3,
761.00,1.95122083E+3,
762.00,1.88692517E+3,
763.00,1.93807568E+3,
764.00,1.90749658E+3,
765.00,2.00050623E+3,
766.00,1.84187842E+3,
767.00,2.27654980E+3,
768.00,2.33592480E+3,
769.00,2.06276367E+3,
770.00,2.47335913E+3,
771.00,2.34513062E+3,
772.00,2.18285693E+3,
773.00,2.27149683E+3,
774.00,2.33923584E+3,
775.00,2.43949097E+3,
776.00,2.49966431E+3,
777.00,2.40995386E+3,
778.00,2.65374316E+3,
779.00,2.59984570E+3,
780.00,2.67042676E+3,
781.00,2.51992041E+3,
782.00,2.59188525E+3,
783.00,2.67610938E+3,
784.00,2.86269775E+3,
785.00,2.77808716E+3,
786.00,2.92743530E+3,
787.00,3.00549219E+3,
788.00,2.90633984E+3,
789.00,2.82950806E+3,
790.00,2.87668286E+3,
791.00,2.89844360E+3,
792.00,3.31617969E+3,
793.00,2.72087744E+3,
794.00,3.24692041E+3,
795.00,2.93718896E+3,
796.00,3.06934985E+3,
797.00,3.18774927E+3,
798.00,3.34585376E+3,
799.00,3.15014453E+3,
800.00,3.27408081E+3,
801.00,3.05341602E+3,
802.00,3.42137354E+3,
803.00,3.48016113E+3,
804.00,3.16777124E+3,
805.00,3.23888086E+3,
806.00,3.49552490E+3,
807.00,3.32122241E+3,
808.00,3.43960645E+3,
809.00,3.59924023E+3,
810.00,3.33588647E+3,
811.00,3.60229175E+3,
812.00,3.44394995E+3,
813.00,3.70731909E+3,
814.00,3.48557349E+3,
815.00,3.47871460E+3,
816.00,3.52952490E+3,
817.00,3.20967212E+3,
818.00,3.53943481E+3,
819.00,3.63607568E+3,
820.00,3.50005664E+3,
821.00,3.39992969E+3,
822.00,3.43408350E+3,
823.00,3.87198584E+3,
824.00,3.53816016E+3,
825.00,3.71143164E+3,
826.00,3.64514917E+3,
827.00,3.85121899E+3,
828.00,3.68580615E+3,
829.00,3.66475757E+3,
830.00,3.92636401E+3,
831.00,3.84307861E+3,
832.00,3.85341626E+3,
833.00,3.88560889E+3,
834.00,3.89942041E+3,
835.00,3.84031055E+3,
836.00,3.87935474E+3,
837.00,3.66281592E+3,
838.00,3.94745068E+3,
839.00,3.83808740E+3,
840.00,4.08232715E+3,
841.00,3.94884424E+3,
842.00,3.91692944E+3,
843.00,4.12611719E+3,
844.00,4.05174097E+3,
845.00,3.73350586E+3,
846.00,3.99094238E+3,
847.00,3.96874023E+3,
848.00,4.03952710E+3,
849.00,3.83395752E+3,
850.00,3.94976880E+3,
851.00,3.84941528E+3,
852.00,3.92558716E+3,
853.00,3.83560156E+3,
854.00,3.93115698E+3,
855.00,3.99820044E+3,
856.00,3.96366748E+3,
857.00,4.11826709E+3,
858.00,4.06578149E+3,
859.00,4.03369482E+3,
860.00,3.92654858E+3,
861.00,4.02862451E+3,
862.00,4.07712305E+3,
863.00,4.15918750E+3,
864.00,3.87335840E+3,
865.00,4.15814795E+3,
866.00,3.92512964E+3,
867.00,3.81132227E+3,
868.00,3.94558813E+3,
869.00,4.12931689E+3,
870.00,3.98015552E+3,
871.00,3.82481763E+3,
872.00,3.95664111E+3,
873.00,3.92411694E+3,
874.00,3.84438135E+3,
875.00,3.88669849E+3,
876.00,3.86623584E+3,
877.00,3.78753174E+3,
878.00,3.85498901E+3,
879.00,3.93392627E+3,
880.00,3.77159277E+3,
881.00,3.78211108E+3,
882.00,3.90385962E+3,
883.00,3.75093774E+3,
884.00,3.71495752E+3,
885.00,3.80412695E+3,
886.00,3.74881543E+3,
887.00,3.76932983E+3,
888.00,3.62641357E+3,
889.00,3.69546948E+3,
890.00,3.77961108E+3,
891.00,3.75401489E+3,
892.00,3.66773047E+3,
893.00,3.73663940E+3,
894.00,3.75032471E+3,
895.00,3.55795337E+3,
896.00,3.50486353E+3,
897.00,3.38050684E+3,
898.00,3.60083398E+3,
899.00,3.63695654E+3,
900.00,3.48684692E+3,
901.00,3.42646045E+3,
902.00,3.42556445E+3,
903.00,3.39482520E+3,
904.00,3.28864453E+3,
905.00,3.46395410E+3,
906.00,3.41378760E+3,
907.00,3.52596240E+3,
908.00,3.39149854E+3,
909.00,3.35195313E+3,
910.00,3.43756860E+3,
911.00,3.32340356E+3,
912.00,3.41367725E+3,
913.00,3.21905957E+3,
914.00,3.20027368E+3,
915.00,3.09531128E+3,
916.00,3.24730151E+3,
917.00,3.18637061E+3,
918.00,3.28956543E+3,
919.00,3.11304102E+3,
920.00,3.24909692E+3,
921.00,3.06285059E+3,
922.00,3.11875146E+3,
923.00,3.02304102E+3,
924.00,3.02285376E+3,
925.00,3.04428857E+3,
926.00,2.90047217E+3,
927.00,2.91510620E+3,
928.00,2.94980005E+3,
929.00,2.96040234E+3,
930.00,2.83670386E+3,
931.00,2.72517407E+3,
932.00,2.83432251E+3,
933.00,2.76492041E+3,
934.00,2.81043970E+3,
935.00,2.68740845E+3,
936.00,2.81662646E+3,
937.00,2.69456641E+3,
938.00,2.81818188E+3,
939.00,2.67816528E+3,
940.00,2.63975366E+3,
941.00,2.60007056E+3,
942.00,2.52648315E+3,
943.00,2.67871460E+3,
944.00,2.58820190E+3,
945.00,2.49359741E+3,
946.00,2.45011206E+3,
947.00,2.52601807E+3,
948.00,2.37730249E+3,
949.00,2.41595508E+3,
950.00,2.39835767E+3,
951.00,2.38146143E+3,
952.00,2.22272778E+3,
953.00,2.26441406E+3,
954.00,2.30658374E+3,
955.00,2.23506616E+3,
956.00,2.19991797E+3,
957.00,2.12547095E+3,
958.00,2.18388110E+3,
959.00,2.13938965E+3,
960.00,2.16693872E+3,
961.00,2.13109424E+3,
962.00,2.06328589E+3,
963.00,2.00359473E+3,
964.00,1.98786206E+3,
965.00,2.08918994E+3,
966.00,1.96032520E+3,
967.00,1.90212573E+3,
968.00,1.83181543E+3,
969.00,1.93334949E+3,
970.00,1.86183130E+3,
971.00,1.88058582E+3,
972.00,1.86456543E+3,
973.00,1.85626294E+3,
974.00,1.79829358E+3,
975.00,1.80926917E+3,
976.00,1.79724988E+3,
977.00,1.72524548E+3,
978.00,1.74054468E+3,
979.00,1.69414185E+3,
980.00,1.73120142E+3,
981.00,1.63771716E+3,
982.00,1.56943726E+3,
983.00,1.68457800E+3,
984.00,1.57792163E+3,
985.00,1.51435034E+3,
986.00,1.57712634E+3,
987.00,1.61595459E+3,
988.00,1.54151685E+3,
989.00,1.49679297E+3,
990.00,1.50663574E+3,
991.00,1.48734607E+3,
992.00,1.44858313E+3,
993.00,1.48580530E+3,
994.00,1.41416699E+3,
995.00,1.43787842E+3,
996.00,1.40610229E+3,
997.00,1.39699377E+3,
998.00,1.30699805E+3,
999.00,1.31069312E+3,
1000.00,1.25494128E+3,
1001.000,1.27285559E+3,
1002.000,1.28822485E+3,
1003.000,1.26816272E+3,
1004.000,1.26401270E+3,
1005.000,1.22497534E+3,
1006.000,1.24220801E+3,
1007.000,1.23952771E+3,
1008.000,1.18880151E+3,
1009.000,1.16593762E+3,
1010.00,1.16700427E+3,
1011.000,1.12332117E+3,
1012.000,1.14385229E+3,
1013.000,1.13735547E+3,
1014.000,1.08524609E+3,
1015.000,1.04406311E+3,
1016.000,1.05353650E+3,
1017.000,1.05207141E+3,
1018.000,1.05232593E+3,
1019.000,1.01790613E+3,
1020.00,1.03780798E+3,
1021.000,1.06637988E+3,
1022.000,9.49366455E+2,
1023.000,9.57643311E+2,
1024.000,9.24275269E+2,
1025.000,9.48574585E+2,
1026.000,9.51076660E+2,
1027.000,8.72358704E+2,
1028.000,9.13448364E+2,
1029.000,8.92237488E+2,
1030.00,8.87976868E+2,
1031.000,8.51117981E+2,
1032.000,7.85988159E+2,
1033.000,8.44068787E+2,
1034.000,8.05952515E+2,
1035.000,7.65354187E+2,
1036.000,7.98907593E+2,
1037.000,8.42120300E+2,
1038.000,7.96671387E+2,
1039.000,7.84976990E+2,
1040.00,7.74305298E+2,
1041.000,7.56510864E+2,
1042.000,7.62782715E+2,
1043.000,7.57757996E+2,
1044.000,7.34414490E+2,
1045.000,7.38888184E+2,
1046.000,7.05013550E+2,
1047.000,7.15944946E+2,
1048.000,6.44992065E+2,
1049.000,6.73518250E+2,
1050.00,6.95637207E+2,
1051.000,6.18734070E+2,
1052.000,7.03699036E+2,
1053.000,6.05156921E+2,
1054.000,6.36087891E+2,
1055.000,6.39118958E+2,
1056.000,5.80354980E+2,
1057.000,6.37311096E+2,
1058.000,5.93899292E+2,
1059.000,5.82106384E+2,
1060.00,6.44953918E+2,
1061.000,5.56251648E+2,
1062.000,5.69357788E+2,
1063.000,5.63070374E+2,
1064.000,4.98114319E+2,
1065.000,5.32551697E+2,
1066.000,5.09252747E+2,
1067.000,5.19026367E+2,
1068.000,5.36381409E+2,
1069.000,4.98388580E+2,
1070.00,5.06159088E+2,
1071.000,5.01030090E+2,
1072.000,4.75723267E+2,
1073.000,4.65337372E+2,
1074.000,4.79611176E+2,
1075.000,5.05507935E+2,
1076.000,4.62928619E+2,
1077.000,4.25576294E+2,
1078.000,4.39868896E+2,
1079.000,4.64878143E+2,
1080.00,4.68510345E+2,
1081.000,4.58080414E+2,
1082.000,4.43313263E+2,
1083.000,4.06697693E+2,
1084.000,4.06425537E+2,
1085.000,4.00547241E+2,
1086.000,4.35862427E+2,
1087.000,4.23622437E+2,
1088.000,3.93896759E+2,
1089.000,3.94813599E+2,
1090.00,3.57987152E+2,
1091.000,3.82419952E+2,
1092.000,4.14395508E+2,
1093.000,3.63749573E+2,
1094.000,4.25264771E+2,
1095.000,3.78989746E+2,
1096.000,3.61236847E+2,
1097.000,4.00565552E+2,
1098.000,3.50856995E+2,
1099.000,3.20926819E+2,
1100.00,3.16803345E+2,
1101.000,2.93627838E+2,
1102.000,3.31660309E+2,
1103.000,3.80060089E+2,
1104.000,2.94142303E+2,
1105.000,2.87695068E+2,
1106.000,3.28760956E+2,
1107.000,2.85004578E+2,
1108.000,2.96410919E+2,
1109.000,3.02818665E+2,
1110.00,3.32491608E+2,
1111.000,3.47199677E+2,
1112.000,2.62925079E+2,
1113.000,2.72207092E+2,
1114.000,2.74499329E+2,
1115.000,2.82907227E+2,
1116.000,2.94921417E+2,
1117.000,1.97354919E+2,
1118.000,2.38163284E+2,
1119.000,2.04668991E+2,
1120.00,2.67752960E+2,
1121.000,2.49097336E+2,
1122.000,2.61030579E+2,
1123.000,2.38968033E+2,
1124.000,2.32839447E+2,
1125.000,2.66006836E+2,
1126.000,2.28915955E+2,
1127.000,2.68411011E+2,
1128.000,2.36116211E+2,
1129.000,2.31638306E+2,
1130.00,2.03451797E+2,
1131.000,2.22089539E+2,
1132.000,2.28076447E+2,
1133.000,2.35248627E+2,
1134.000,2.14653915E+2,
1135.000,1.81220215E+2,
1136.000,2.22962402E+2,
1137.000,1.85571182E+2,
1138.000,2.34461945E+2,
1139.000,1.89862122E+2,
1140.00,1.67737564E+2,
1141.000,2.22430847E+2,
1142.000,2.26614975E+2,
1143.000,1.81682175E+2,
1144.000,2.09627701E+2,
1145.000,1.59465485E+2,
1146.000,2.12975449E+2,
1147.000,2.28840775E+2,
1148.000,1.97027374E+2,
1149.000,1.51305252E+2,
1150.00,1.30265717E+2,
1151.000,1.78486603E+2,
1152.000,1.66733719E+2,
1153.000,1.57042847E+2,
1154.000,1.49899582E+2,
1155.000,1.75094238E+2,
1156.000,1.78924149E+2,
1157.000,1.73069061E+2,
1158.000,1.73743759E+2,
1159.000,2.15881561E+2,
1160.00,1.26672630E+2,
1161.000,1.45900208E+2,
1162.000,1.65604721E+2,
1163.000,1.33827164E+2,
1164.000,1.31592331E+2,
1165.000,1.74533234E+2,
1166.000,1.96006104E+2,
1167.000,1.37863403E+2,
1168.000,1.10227501E+2,
1169.000,1.64393585E+2,
1170.00,1.12285385E+2,
1171.000,1.42031982E+2,
1172.000,1.22642174E+2,
1173.000,1.32943588E+2,
1174.000,8.92428284E+1,
1175.000,1.46618225E+2,
1176.000,1.31967636E+2,
1177.000,1.33995590E+2,
1178.000,1.38574081E+2,
1179.000,1.41299118E+2,
1180.00,8.81518250E+1,
1181.000,1.18257301E+2,
1182.000,1.38105133E+2,
1183.000,1.57531540E+2,
1184.000,1.30062698E+2,
1185.000,9.63285141E+1,
1186.000,1.25359116E+2,
1187.000,1.40146667E+2,
1188.000,1.30831284E+2,
1189.000,1.12509094E+2,
1190.00,1.28763794E+2,
1191.000,1.18001175E+2,
1192.000,1.55564621E+2,
1193.000,1.18463547E+2,
1194.000,1.71129807E+2,
1195.000,1.18290901E+2,
1196.000,1.05666443E+2,
1197.000,1.64169876E+2,
1198.000,1.25784744E+2,
1199.000,1.38244415E+2,
1200.00,1.24377129E+2,
1201.000,1.61797958E+2,
1202.000,8.61758881E+1,
1203.000,1.31126984E+2,
1204.000,9.02031479E+1,
1205.000,1.27162315E+2,
1206.000,1.01518837E+2,
1207.000,7.79272995E+1,
1208.000,1.18673058E+2,
1209.000,1.13508827E+2,
1210.00,6.66892395E+1,
1211.000,9.24052658E+1,
1212.000,1.57337601E+2,
1213.000,1.18848824E+2,
1214.000,9.61308212E+1,
1215.000,1.37714478E+2,
1216.000,1.22671539E+2,
1217.000,1.06424103E+2,
1218.000,1.19082291E+2,
1219.000,1.03688995E+2,
1220.00,1.34432770E+2,
1221.000,1.05620934E+2,
1222.000,1.30001068E+2,
1223.000,1.00076859E+2,
1224.000,1.35887543E+2,
1225.000,1.06274879E+2,
1226.000,1.03325279E+2,
1227.000,1.33407806E+2,
1228.000,1.34630051E+2,
1229.000,1.11197617E+2,
1230.00,1.40150269E+2,
1231.000,1.16789406E+2,
1232.000,1.59609344E+2,
1233.000,8.79261169E+1,
1234.000,1.28020218E+2,
1235.000,8.43150177E+1,
1236.000,8.21039734E+1,
1237.000,8.81237106E+1,
1238.000,1.40449478E+2,
1239.000,1.04310219E+2,
1240.00,8.91888275E+1,
1241.000,1.07921761E+2,
1242.000,1.37829453E+2,
1243.000,7.97931137E+1,
1244.000,8.78562546E+1,
1245.000,1.19027000E+2,
1246.000,1.30371002E+2,
1247.000,1.42169189E+2,
1248.000,9.78232040E+1,
1249.000,1.41966080E+2,
1250.00,1.16503784E+2,
1251.000,1.60885986E+2,
1252.000,1.45380051E+2,
1253.000,1.09680695E+2,
1254.000,1.46028671E+2,
1255.000,1.13000420E+2,
1256.000,1.40519562E+2,
1257.000,1.72896103E+2,
1258.000,1.62380417E+2,
1259.000,1.61104675E+2,
1260.00,1.60243240E+2,
1261.000,1.53185501E+2,
1262.000,1.23342270E+2,
1263.000,1.45254364E+2,
1264.000,1.47454147E+2,
1265.000,1.51408066E+2,
1266.000,1.39439178E+2,
1267.000,1.79998138E+2,
1268.000,1.41364563E+2,
1269.000,1.84995102E+2,
1270.00,1.26646629E+2,
1271.000,1.65224991E+2,
1272.000,9.92695389E+1,
1273.000,2.11790421E+2,
1274.000,1.46777802E+2,
1275.000,1.74969467E+2,
1276.000,1.73467834E+2,
1277.000,1.42478928E+2,
1278.000,1.61730316E+2,
1279.000,1.58643265E+2,
1280.00,1.95577576E+2,
1281.000,1.81489548E+2,
1282.000,2.07193405E+2,
1283.000,2.17710541E+2,
1284.000,2.02456329E+2,
1285.000,1.99730057E+2,
1286.000,2.12371841E+2,
1287.000,1.98831802E+2,
1288.000,1.55632477E+2,
1289.000,1.93951813E+2,
1290.00,2.73855133E+2,
1291.000,2.17161011E+2,
1292.000,2.16564804E+2,
1293.000,2.36502350E+2,
1294.000,1.90682556E+2,
1295.000,2.14874542E+2,
1296.000,2.69920319E+2,
1297.000,2.50562103E+2,
1298.000,2.50428177E+2,
1299.000,2.81836700E+2,
1300.00,2.55806564E+2,
1301.000,2.65468018E+2,
1302.000,2.84094116E+2,
1303.000,2.11191986E+2,
1304.000,2.97011200E+2,
1305.000,2.70101105E+2,
1306.000,2.91821167E+2,
1307.000,3.01440735E+2,
1308.000,2.39617737E+2,
1309.000,3.09440796E+2,
1310.00,2.76711731E+2,
1311.000,2.99019470E+2,
1312.000,3.09284546E+2,
1313.000,2.99364807E+2,
1314.000,3.01778564E+2,
1315.000,3.46650787E+2,
1316.000,3.81913727E+2,
1317.000,3.50908356E+2,
1318.000,3.31767578E+2,
1319.000,3.43947296E+2,
1320.00,3.81729767E+2,
1321.000,3.77127045E+2,
1322.000,3.83764557E+2,
1323.000,3.90074341E+2,
1324.000,3.65076996E+2,
1325.000,3.85322693E+2,
1326.000,3.45979950E+2,
1327.000,3.93068298E+2,
1328.000,3.89254395E+2,
1329.000,4.10789093E+2,
1330.00,4.39845917E+2,
1331.000,4.26119232E+2,
1332.000,4.21225159E+2,
1333.000,4.78897888E+2,
1334.000,4.45070587E+2,
1335.000,4.87299896E+2,
1336.000,4.59061432E+2,
1337.000,4.77811707E+2,
1338.000,5.74088928E+2,
1339.000,5.23361816E+2,
1340.00,5.34329956E+2,
1341.000,4.87260345E+2,
1342.000,4.99452728E+2,
1343.000,5.31018311E+2,
1344.000,5.75704468E+2,
1345.000,5.82023499E+2,
1346.000,5.69033752E+2,
1347.000,5.64926636E+2,
1348.000,5.31397827E+2,
1349.000,5.55723572E+2,
1350.00,5.57449951E+2,
1351.000,6.39578430E+2,
1352.000,5.78058716E+2,
1353.000,6.74460205E+2,
1354.000,6.34823486E+2,
1355.000,6.57149170E+2,
1356.000,7.19812500E+2,
1357.000,6.60534485E+2,
1358.000,6.76961426E+2,
1359.000,7.14721191E+2,
1360.00,7.17363586E+2,
1361.000,7.43674622E+2,
1362.000,7.70736938E+2,
1363.000,7.65653015E+2,
1364.000,7.59039551E+2,
1365.000,7.92918152E+2,
1366.000,8.64666321E+2,
1367.000,7.82479736E+2,
1368.000,7.97889404E+2,
1369.000,8.47199707E+2,
1370.00,8.37541443E+2,
1371.000,8.98379395E+2,
1372.000,8.73965820E+2,
1373.000,9.57792847E+2,
1374.000,8.97780029E+2,
1375.000,8.95787231E+2,
1376.000,9.56834595E+2,
1377.000,9.91242432E+2,
1378.000,9.75422729E+2,
1379.000,1.01541522E+3,
1380.00,9.39816406E+2,
1381.000,9.98976013E+2,
1382.000,1.08773181E+3,
1383.000,1.08124341E+3,
1384.000,1.22418848E+3,
1385.000,9.85035889E+2,
1386.000,1.11029858E+3,
1387.000,1.13096033E+3,
1388.000,1.22871106E+3,
1389.000,1.21243286E+3,
1390.00,1.12325439E+3,
1391.000,1.22402942E+3,
1392.000,1.26142456E+3,
1393.000,1.23856458E+3,
1394.000,1.19431104E+3,
1395.000,1.22139270E+3,
1396.000,1.27718616E+3,
1397.000,1.27967700E+3,
1398.000,1.21082764E+3,
1399.000,1.24193945E+3,
1400.00,1.31660791E+3,
1401.000,1.33558948E+3,
1402.000,1.36692700E+3,
1403.000,1.40059302E+3,
1404.000,1.32743555E+3,
1405.000,1.41815454E+3,
1406.000,1.48004675E+3,
1407.000,1.49254907E+3,
1408.000,1.49004919E+3,
1409.000,1.39403662E+3,
1410.00,1.55494897E+3,
1411.000,1.51137146E+3,
1412.000,1.55834314E+3,
1413.000,1.56409070E+3,
1414.000,1.62777527E+3,
1415.000,1.68261353E+3,
1416.000,1.60228345E+3,
1417.000,1.59380408E+3,
1418.000,1.59771741E+3,
1419.000,1.71456604E+3,
1420.00,1.74998376E+3,
1421.000,1.67715320E+3,
1422.000,1.71369788E+3,
1423.000,1.78560498E+3,
1424.000,1.82416931E+3,
1425.000,1.88139209E+3,
1426.000,1.81341846E+3,
1427.000,1.83155640E+3,
1428.000,1.88194434E+3,
1429.000,1.94094287E+3,
1430.00,1.96829089E+3,
1431.000,1.98103455E+3,
1432.000,1.97486877E+3,
1433.000,1.94757861E+3,
1434.000,2.04157874E+3,
1435.000,2.05696558E+3,
1436.000,2.06614038E+3,
1437.000,2.12406738E+3,
1438.000,2.12116406E+3,
1439.000,2.18911694E+3,
1440.00,2.17868433E+3,
1441.000,2.12673218E+3,
1442.000,2.10367896E+3,
1443.000,2.24138477E+3,
1444.000,2.27615430E+3,
1445.000,2.31477026E+3,
1446.000,2.34450684E+3,
1447.000,2.25625757E+3,
1448.000,2.35397119E+3,
1449.000,2.41628540E+3,
1450.00,2.36772217E+3,
1451.000,2.46717871E+3,
1452.000,2.48251416E+3,
1453.000,2.48754736E+3,
1454.000,2.54545947E+3,
1455.000,2.52194141E+3,
1456.000,2.48823706E+3,
1457.000,2.65082324E+3,
1458.000,2.61908350E+3,
1459.000,2.55508813E+3,
1460.00,2.61279004E+3,
1461.000,2.70127832E+3,
1462.000,2.73769385E+3,
1463.000,2.66331567E+3,
1464.000,2.66243555E+3,
1465.000,2.71893457E+3,
1466.000,2.73354565E+3,
1467.000,2.89745117E+3,
1468.000,2.77656152E+3,
1469.000,2.84513940E+3,
1470.00,2.85989111E+3,
1471.000,2.92083765E+3,
1472.000,2.94976904E+3,
1473.000,2.98333618E+3,
1474.000,3.10418384E+3,
1475.000,3.05103589E+3,
1476.000,2.97266357E+3,
1477.000,2.92618701E+3,
1478.000,3.22053833E+3,
1479.000,3.13225171E+3,
1480.00,3.10811646E+3,
1481.000,3.18900610E+3,
1482.000,3.17584204E+3,
1483.000,3.23008618E+3,
1484.000,3.25686353E+3,
1485.000,3.19371265E+3,
1486.000,3.22237598E+3,
1487.000,3.28700073E+3,
1488.000,3.34523706E+3,
1489.000,3.31589893E+3,
1490.00,3.27907983E+3,
1491.000,3.42415405E+3,
1492.000,3.41967676E+3,
1493.000,3.39556494E+3,
1494.000,3.45547217E+3,
1495.000,3.42303540E+3,
1496.000,3.45760229E+3,
1497.000,3.55285620E+3,
1498.000,3.53757983E+3,
1499.000,3.55446143E+3,
1500.00,3.61556836E+3,
1501.000,3.57057544E+3,
1502.000,3.56181543E+3,
1503.000,3.56377539E+3,
1504.000,3.79424121E+3,
1505.000,3.61009644E+3,
1506.000,3.75238257E+3,
1507.000,3.80104590E+3,
1508.000,3.74429932E+3,
1509.000,3.76819800E+3,
1510.00,3.85670557E+3,
1511.000,3.77571582E+3,
1512.000,3.87424805E+3,
1513.000,3.92511230E+3,
1514.000,3.90383765E+3,
1515.000,3.92506665E+3,
1516.000,3.84381738E+3,
1517.000,3.89106079E+3,
1518.000,3.91451050E+3,
1519.000,3.98134131E+3,
1520.00,4.06140601E+3,
1521.000,4.03515405E+3,
1522.000,4.04519653E+3,
1523.000,4.11258496E+3,
1524.000,4.11848633E+3,
1525.000,4.09687158E+3,
1526.000,4.09422900E+3,
1527.000,4.09889551E+3,
1528.000,4.20824561E+3,
1529.000,4.29016064E+3,
1530.00,4.13335547E+3,
1531.000,4.07516431E+3,
1532.000,4.20719775E+3,
1533.000,4.30120166E+3,
1534.000,4.31521777E+3,
1535.000,4.37757422E+3,
1536.000,4.24786377E+3,
1537.000,4.27930859E+3,
1538.000,4.31469385E+3,
1539.000,4.23832715E+3,
1540.00,4.30331299E+3,
1541.000,4.47388281E+3,
1542.000,4.33871143E+3,
1543.000,4.38877441E+3,
1544.000,4.41700146E+3,
1545.000,4.38749609E+3,
1546.000,4.46297803E+3,
1547.000,4.45276123E+3,
1548.000,4.61786523E+3,
1549.000,4.43077783E+3,
1550.00,4.47078223E+3,
1551.000,4.43933301E+3,
1552.000,4.44180762E+3,
1553.000,4.49977344E+3,
1554.000,4.50905566E+3,
1555.000,4.54713672E+3,
1556.000,4.59259033E+3,
1557.000,4.55531348E+3,
1558.000,4.55128906E+3,
1559.000,4.53870898E+3,
1560.00,4.71254297E+3,
1561.000,4.58276416E+3,
1562.000,4.63056885E+3,
1563.000,4.71112354E+3,
1564.000,4.72231396E+3,
1565.000,4.70950098E+3,
1566.000,4.58793604E+3,
1567.000,4.65258252E+3,
1568.000,4.77813232E+3,
1569.000,4.67239551E+3,
1570.00,4.67323584E+3,
1571.000,4.69302490E+3,
1572.000,4.67702832E+3,
1573.000,4.76347656E+3,
1574.000,4.78984766E+3,
1575.000,4.64437891E+3,
1576.000,4.77443896E+3,
1577.000,4.88530566E+3,
1578.000,4.75216553E+3,
1579.000,4.80577051E+3,
1580.00,4.79364941E+3,
1581.000,4.61570996E+3,
1582.000,4.73588916E+3,
1583.000,4.74432324E+3,
1584.000,4.63720215E+3,
1585.000,4.80348389E+3,
1586.000,4.79445508E+3,
1587.000,4.83637598E+3,
1588.000,4.67715137E+3,
1589.000,4.88408350E+3,
1590.00,4.80813574E+3,
1591.000,4.87847266E+3,
1592.000,4.87845898E+3,
1593.000,4.74756396E+3,
1594.000,4.78756885E+3,
1595.000,4.84941406E+3,
1596.000,4.82383154E+3,
1597.000,4.82137695E+3,
1598.000,4.79426563E+3,
1599.000,4.80797461E+3,
1600.00,4.77534180E+3,
1601.000,4.70882422E+3,
1602.000,4.69020020E+3,
1603.000,4.99462158E+3,
1604.000,4.88279590E+3,
1605.000,4.84495508E+3,
1606.000,4.76333740E+3,
1607.000,4.71263330E+3,
1608.000,4.90791260E+3,
1609.000,4.82745605E+3,
1610.00,4.90102441E+3,
1611.000,4.86986719E+3,
1612.000,4.80966650E+3,
1613.000,4.86232471E+3,
1614.000,4.81408447E+3,
1615.000,4.83330176E+3,
1616.000,4.89374219E+3,
1617.000,4.71775732E+3,
1618.000,4.83854248E+3,
1619.000,4.78377148E+3,
1620.00,4.83953613E+3,
1621.000,4.82259863E+3,
1622.000,4.85172607E+3,
1623.000,4.86004004E+3,
1624.000,4.99507031E+3,
1625.000,4.85538818E+3,
1626.000,4.62389063E+3,
1627.000,4.87020068E+3,
1628.000,4.94396973E+3,
1629.000,4.98498340E+3,
1630.00,5.06661572E+3,
1631.000,4.76272119E+3,
1632.000,4.82952295E+3,
1633.000,4.97575439E+3,
1634.000,5.05476074E+3,
1635.000,4.97023486E+3,
1636.000,5.09844531E+3,
1637.000,5.04760693E+3,
1638.000,4.99452148E+3,
1639.000,5.04864551E+3,
1640.00,5.17137695E+3,
1641.000,5.55451221E+3,
1642.000,5.55969189E+3,
1643.000,5.47620703E+3,
1644.000,5.42602100E+3,
1645.000,5.66457031E+3,
1646.000,5.63581689E+3,
1647.000,5.67837500E+3,
1648.000,5.41286963E+3,
1649.000,5.79793555E+3,
1650.00,5.44483301E+3,
