Labels,0,
Type,Emission Scan,
Comment,,
Start,600.00,
Stop,1200.00,
Step,1.00,
Fixed/Offset,445.00,
Xaxis,Wavelength,
Yaxis,Counts,
Scan Corr. by File,True,
Corr. by Ref. Det.,True,
Fixed/Offset Corr. by File,False,
Repeats,1,
Dwell Time,0.10,
Lamp,Xenon,
Temp,0.00,
Scan Polariser,None,
Scan Slit,2.4999220,
Fixed/Offset Polariser,None,
Fixed/Offset Slit,2.4999950,
Detector,Det2,

600.00,-8.14838028E+1,
601.00,1.60355042E+2,
602.00,1.34721100E+2,
603.00,4.76395752E+2,
604.00,1.22741406E+3,
605.00,3.85970612E+2,
606.00,4.23816071E+2,
607.00,-1.47478012E+2,
608.00,5.41693604E+2,
609.00,-3.61970024E+1,
610.00,1.11896484E+3,
611.00,4.60963074E+2,
612.00,4.25528870E+2,
613.00,-1.64805771E+2,
614.00,1.56632690E+2,
615.00,9.94611694E+2,
616.00,2.23130173E+2,
617.00,8.26994446E+2,
618.00,6.81517334E+2,
619.00,5.22783569E+2,
620.00,6.19531708E+1,
621.00,9.49976868E+2,
622.00,5.43894043E+2,
623.00,6.72540405E+2,
624.00,-5.90082359E+1,
625.00,6.63648071E+2,
626.00,6.79815857E+2,
627.00,7.42696960E+2,
628.00,5.93497925E+2,
629.00,9.50780823E+2,
630.00,1.13578040E+3,
631.00,1.09854443E+3,
632.00,1.14122754E+3,
633.00,1.31454858E+3,
634.00,1.34374976E+3,
635.00,1.49321350E+3,
636.00,9.79750305E+2,
637.00,1.37539539E+3,
638.00,1.19101379E+3,
639.00,1.16203992E+3,
640.00,1.77503174E+3,
641.00,2.08726245E+3,
642.00,2.04236719E+3,
643.00,1.81203076E+3,
644.00,2.56010059E+3,
645.00,2.17628174E+3,
646.00,2.77396509E+3,
647.00,2.35689038E+3,
648.00,3.24724609E+3,
649.00,3.53137866E+3,
650.00,3.45900073E+3,
651.00,3.51325928E+3,
652.00,4.23629883E+3,
653.00,4.99337549E+3,
654.00,5.55497314E+3,
655.00,5.89205762E+3,
656.00,5.77136621E+3,
657.00,6.86834570E+3,
658.00,6.68294287E+3,
659.00,7.19146289E+3,
660.00,8.29102930E+3,
661.00,8.97123730E+3,
662.00,9.68138770E+3,
663.00,1.03729863E+4,
664.00,1.05208945E+4,
665.00,1.18773320E+4,
666.00,1.27413604E+4,
667.00,1.36223145E+4,
668.00,1.45342139E+4,
669.00,1.58088203E+4,
670.00,1.68120625E+4,
671.00,1.83923066E+4,
672.00,1.95681699E+4,
673.00,2.19788066E+4,
674.00,2.29522910E+4,
675.00,2.48991582E+4,
676.00,2.77635801E+4,
677.00,3.01882754E+4,
678.00,3.26136094E+4,
679.00,3.46084961E+4,
680.00,3.62549961E+4,
681.00,3.84753242E+4,
682.00,4.03739258E+4,
683.00,4.32972617E+4,
684.00,4.58914102E+4,
685.00,4.98372578E+4,
686.00,5.03937109E+4,
687.00,5.54804922E+4,
688.00,5.90567070E+4,
689.00,6.16813125E+4,
690.00,6.64776250E+4,
691.00,7.42080000E+4,
692.00,8.12800547E+4,
693.00,8.94320156E+4,
694.00,9.35455313E+4,
695.00,1.00984352E+5,
696.00,1.03204969E+5,
697.00,1.08375289E+5,
698.00,1.12704578E+5,
699.00,1.18378383E+5,
700.00,1.19812648E+5,
701.00,1.26155039E+5,
702.00,1.32525047E+5,
703.00,1.37294969E+5,
704.00,1.43391563E+5,
705.00,1.49595953E+5,
706.00,1.56174578E+5,
707.00,1.61270484E+5,
708.00,1.72203438E+5,
709.00,1.80710031E+5,
710.00,1.87769688E+5,
711.00,1.95742609E+5,
712.00,2.01974969E+5,
713.00,2.12412734E+5,
714.00,2.15102922E+5,
715.00,2.23745563E+5,
716.00,2.29937406E+5,
717.00,2.35208438E+5,
718.00,2.42357266E+5,
719.00,2.47635891E+5,
720.00,2.51983516E+5,
721.00,2.60136984E+5,
722.00,2.62599188E+5,
723.00,2.69464813E+5,
724.00,2.75730000E+5,
725.00,2.80187156E+5,
726.00,2.89513281E+5,
727.00,2.95026094E+5,
728.00,3.02190563E+5,
729.00,3.10065063E+5,
730.00,3.12740750E+5,
731.00,3.20462000E+5,
732.00,3.22467094E+5,
733.00,3.31650375E+5,
734.00,3.36868344E+5,
735.00,3.43226063E+5,
736.00,3.48982625E+5,
737.00,3.53516719E+5,
738.00,3.55236375E+5,
739.00,3.58627469E+5,
740.00,3.69980938E+5,
741.00,3.72863844E+5,
742.00,3.78385625E+5,
743.00,3.85813688E+5,
744.00,3.82925219E+5,
745.00,3.89279719E+5,
746.00,3.95824313E+5,
747.00,4.01733469E+5,
748.00,4.03406719E+5,
749.00,4.08573031E+5,
750.00,4.17155969E+5,
751.00,4.16352969E+5,
752.00,4.25578656E+5,
753.00,4.27416813E+5,
754.00,4.31963813E+5,
755.00,4.29582156E+5,
756.00,4.37692406E+5,
757.00,4.39114781E+5,
758.00,4.46157281E+5,
759.00,4.43860500E+5,
760.00,4.48207781E+5,
761.00,4.50166563E+5,
762.00,4.49525156E+5,
763.00,4.56686500E+5,
764.00,4.59021719E+5,
765.00,4.63051281E+5,
766.00,4.64989094E+5,
767.00,4.61753719E+5,
768.00,4.64854438E+5,
769.00,4.66895688E+5,
770.00,4.71053063E+5,
771.00,4.68616656E+5,
772.00,4.69115094E+5,
773.00,4.71256313E+5,
774.00,4.68812750E+5,
775.00,4.71767219E+5,
776.00,4.69214500E+5,
777.00,4.71042219E+5,
778.00,4.74143625E+5,
779.00,4.76494188E+5,
780.00,4.75051406E+5,
781.00,4.75633313E+5,
782.00,4.71379844E+5,
783.00,4.74575938E+5,
784.00,4.74869000E+5,
785.00,4.74543750E+5,
786.00,4.72469375E+5,
787.00,4.71476750E+5,
788.00,4.71331031E+5,
789.00,4.72540844E+5,
790.00,4.68089594E+5,
791.00,4.67428813E+5,
792.00,4.67953500E+5,
793.00,4.64055344E+5,
794.00,4.63970844E+5,
795.00,4.65896406E+5,
796.00,4.59321406E+5,
797.00,4.58818313E+5,
798.00,4.60319875E+5,
799.00,4.59370313E+5,
800.00,4.57471438E+5,
801.00,4.53666000E+5,
802.00,4.48067656E+5,
803.00,4.46133750E+5,
804.00,4.47045031E+5,
805.00,4.43350781E+5,
806.00,4.45064719E+5,
807.00,4.42508844E+5,
808.00,4.40325813E+5,
809.00,4.39903813E+5,
810.00,4.40845719E+5,
811.00,4.34726031E+5,
812.00,4.29916438E+5,
813.00,4.29322438E+5,
814.00,4.26131250E+5,
815.00,4.18965719E+5,
816.00,4.21418813E+5,
817.00,4.17879594E+5,
818.00,4.14948719E+5,
819.00,4.15339500E+5,
820.00,4.10307188E+5,
821.00,4.09675938E+5,
822.00,4.04847125E+5,
823.00,3.99861594E+5,
824.00,3.97822000E+5,
825.00,3.97274781E+5,
826.00,3.90097406E+5,
827.00,3.90772188E+5,
828.00,3.90816219E+5,
829.00,3.85350250E+5,
830.00,3.80962719E+5,
831.00,3.76959250E+5,
832.00,3.77304531E+5,
833.00,3.70844094E+5,
834.00,3.64098656E+5,
835.00,3.62284656E+5,
836.00,3.60542469E+5,
837.00,3.60557156E+5,
838.00,3.55466000E+5,
839.00,3.50102219E+5,
840.00,3.48038250E+5,
841.00,3.46527281E+5,
842.00,3.42246313E+5,
843.00,3.39226281E+5,
844.00,3.39459469E+5,
845.00,3.31900563E+5,
846.00,3.32379313E+5,
847.00,3.26352594E+5,
848.00,3.24574125E+5,
849.00,3.24015063E+5,
850.00,3.18280188E+5,
851.00,3.16656188E+5,
852.00,3.12370781E+5,
853.00,3.08496938E+5,
854.00,3.02809906E+5,
855.00,3.03111188E+5,
856.00,2.99252438E+5,
857.00,2.97668594E+5,
858.00,2.93272750E+5,
859.00,2.92719313E+5,
860.00,2.88142969E+5,
861.00,2.83120906E+5,
862.00,2.80540063E+5,
863.00,2.76846406E+5,
864.00,2.76456531E+5,
865.00,2.70292938E+5,
866.00,2.70748500E+5,
867.00,2.65498531E+5,
868.00,2.63705344E+5,
869.00,2.60502766E+5,
870.00,2.56415797E+5,
871.00,2.54058656E+5,
872.00,2.50475891E+5,
873.00,2.49708219E+5,
874.00,2.44888609E+5,
875.00,2.43294297E+5,
876.00,2.38776813E+5,
877.00,2.36088625E+5,
878.00,2.33107688E+5,
879.00,2.30185281E+5,
880.00,2.27819375E+5,
881.00,2.25076641E+5,
882.00,2.24045578E+5,
883.00,2.20968563E+5,
884.00,2.16466109E+5,
885.00,2.15716672E+5,
886.00,2.11029328E+5,
887.00,2.09767422E+5,
888.00,2.05917141E+5,
889.00,2.04880609E+5,
890.00,2.01116328E+5,
891.00,1.99962063E+5,
892.00,1.95438641E+5,
893.00,1.91517719E+5,
894.00,1.92484969E+5,
895.00,1.89694906E+5,
896.00,1.86996875E+5,
897.00,1.85140234E+5,
898.00,1.81577297E+5,
899.00,1.79571594E+5,
900.00,1.77988703E+5,
901.00,1.75461484E+5,
902.00,1.73743844E+5,
903.00,1.71378438E+5,
904.00,1.69640031E+5,
905.00,1.66479172E+5,
906.00,1.64061438E+5,
907.00,1.63566641E+5,
908.00,1.60787500E+5,
909.00,1.57158188E+5,
910.00,1.56019188E+5,
911.00,1.54228109E+5,
912.00,1.51971984E+5,
913.00,1.50478156E+5,
914.00,1.48657297E+5,
915.00,1.46444703E+5,
916.00,1.43989359E+5,
917.00,1.43202234E+5,
918.00,1.40387984E+5,
919.00,1.38662125E+5,
920.00,1.37273719E+5,
921.00,1.35323109E+5,
922.00,1.33561688E+5,
923.00,1.31935547E+5,
924.00,1.29469836E+5,
925.00,1.28816477E+5,
926.00,1.26629313E+5,
927.00,1.24660781E+5,
928.00,1.23022039E+5,
929.00,1.21243352E+5,
930.00,1.19467734E+5,
931.00,1.18410430E+5,
932.00,1.16538656E+5,
933.00,1.15119500E+5,
934.00,1.13268648E+5,
935.00,1.12339258E+5,
936.00,1.10385852E+5,
937.00,1.07996500E+5,
938.00,1.07046594E+5,
939.00,1.05759547E+5,
940.00,1.04182344E+5,
941.00,1.02065461E+5,
942.00,1.00283234E+5,
943.00,9.91955078E+4,
944.00,9.84651641E+4,
945.00,9.63402422E+4,
946.00,9.54965078E+4,
947.00,9.42685859E+4,
948.00,9.22184609E+4,
949.00,9.16486875E+4,
950.00,8.98297734E+4,
951.00,8.85280703E+4,
952.00,8.70904219E+4,
953.00,8.62009688E+4,
954.00,8.42395000E+4,
955.00,8.28179297E+4,
956.00,8.28619688E+4,
957.00,8.02743281E+4,
958.00,7.93337578E+4,
959.00,7.78879453E+4,
960.00,7.69353750E+4,
961.00,7.61985234E+4,
962.00,7.56581328E+4,
963.00,7.37592891E+4,
964.00,7.25266797E+4,
965.00,7.16812422E+4,
966.00,7.05970234E+4,
967.00,6.94563438E+4,
968.00,6.83294141E+4,
969.00,6.72766016E+4,
970.00,6.71743906E+4,
971.00,6.62187266E+4,
972.00,6.46009297E+4,
973.00,6.38662578E+4,
974.00,6.25618750E+4,
975.00,6.15317148E+4,
976.00,6.09433867E+4,
977.00,5.96611094E+4,
978.00,5.88355586E+4,
979.00,5.80710352E+4,
980.00,5.69949023E+4,
981.00,5.62329375E+4,
982.00,5.52452578E+4,
983.00,5.45099766E+4,
984.00,5.38141289E+4,
985.00,5.23526719E+4,
986.00,5.19634844E+4,
987.00,5.09834102E+4,
988.00,5.07254375E+4,
989.00,4.98131055E+4,
990.00,4.87037266E+4,
991.00,4.84094844E+4,
992.00,4.72455508E+4,
993.00,4.66675625E+4,
994.00,4.55210508E+4,
995.00,4.54816719E+4,
996.00,4.50074180E+4,
997.00,4.37050078E+4,
998.00,4.33861953E+4,
999.00,4.26443281E+4,
1000.00,4.20062031E+4,
1001.000,4.11910156E+4,
1002.000,4.06204063E+4,
1003.000,4.01766406E+4,
1004.000,3.95832109E+4,
1005.000,3.83889414E+4,
1006.000,3.79844375E+4,
1007.000,3.74172109E+4,
1008.000,3.67399531E+4,
1009.000,3.64389570E+4,
1010.00,3.60337891E+4,
1011.000,3.52513438E+4,
1012.000,3.46644336E+4,
1013.000,3.42412773E+4,
1014.000,3.37814180E+4,
1015.000,3.30379961E+4,
1016.000,3.27778906E+4,
1017.000,3.24245801E+4,
1018.000,3.17027832E+4,
1019.000,3.10758652E+4,
1020.00,3.09279238E+4,
1021.000,3.01414629E+4,
1022.000,3.01945723E+4,
1023.000,2.93810391E+4,
1024.000,2.87303965E+4,
1025.000,2.83220117E+4,
1026.000,2.81548652E+4,
1027.000,2.77176406E+4,
1028.000,2.71807480E+4,
1029.000,2.65575352E+4,
1030.00,2.63558047E+4,
1031.000,2.58461758E+4,
1032.000,2.53312109E+4,
1033.000,2.52934707E+4,
1034.000,2.44462363E+4,
1035.000,2.45132578E+4,
1036.000,2.39000391E+4,
1037.000,2.37241426E+4,
1038.000,2.32613809E+4,
1039.000,2.28075391E+4,
1040.00,2.24240254E+4,
1041.000,2.22120898E+4,
1042.000,2.20334102E+4,
1043.000,2.14731191E+4,
1044.000,2.12530859E+4,
1045.000,2.08812891E+4,
1046.000,2.03843281E+4,
1047.000,2.02494238E+4,
1048.000,1.98164238E+4,
1049.000,1.95757813E+4,
1050.00,1.90421270E+4,
1051.000,1.89519316E+4,
1052.000,1.87271426E+4,
1053.000,1.82783184E+4,
1054.000,1.82363633E+4,
1055.000,1.77321719E+4,
1056.000,1.74888203E+4,
1057.000,1.71044863E+4,
1058.000,1.71096055E+4,
1059.000,1.68400508E+4,
1060.00,1.65721895E+4,
1061.000,1.59590107E+4,
1062.000,1.60760234E+4,
1063.000,1.56842979E+4,
1064.000,1.53129424E+4,
1065.000,1.51544355E+4,
1066.000,1.48120342E+4,
1067.000,1.45807207E+4,
1068.000,1.44612061E+4,
1069.000,1.42337637E+4,
1070.00,1.42494512E+4,
1071.000,1.36394307E+4,
1072.000,1.34929521E+4,
1073.000,1.34167451E+4,
1074.000,1.31834922E+4,
1075.000,1.29109551E+4,
1076.000,1.26023193E+4,
1077.000,1.25652295E+4,
1078.000,1.24643145E+4,
1079.000,1.21535850E+4,
1080.00,1.18326963E+4,
1081.000,1.16528438E+4,
1082.000,1.14766602E+4,
1083.000,1.13815352E+4,
1084.000,1.11802021E+4,
1085.000,1.10226953E+4,
1086.000,1.09433379E+4,
1087.000,1.07411162E+4,
1088.000,1.07788770E+4,
1089.000,1.04601768E+4,
1090.00,1.01904336E+4,
1091.000,9.93148438E+3,
1092.000,9.83905078E+3,
1093.000,9.81039355E+3,
1094.000,9.69350293E+3,
1095.000,9.41699707E+3,
1096.000,9.31863574E+3,
1097.000,9.19589844E+3,
1098.000,8.75555762E+3,
1099.000,8.57583984E+3,
1100.00,8.67229980E+3,
1101.000,8.47365430E+3,
1102.000,8.36768457E+3,
1103.000,8.39960547E+3,
1104.000,8.17437744E+3,
1105.000,8.07762988E+3,
1106.000,7.96978271E+3,
1107.000,7.80043115E+3,
1108.000,7.68940430E+3,
1109.000,7.42977002E+3,
1110.00,7.57336133E+3,
1111.000,7.26454980E+3,
1112.000,7.16263281E+3,
1113.000,7.00417920E+3,
1114.000,7.09434766E+3,
1115.000,6.97985449E+3,
1116.000,6.77614893E+3,
1117.000,6.65204150E+3,
1118.000,6.42902490E+3,
1119.000,6.67815186E+3,
1120.00,6.24092871E+3,
1121.000,6.10405762E+3,
1122.000,6.17327393E+3,
1123.000,5.96057764E+3,
1124.000,6.00131592E+3,
1125.000,5.75960547E+3,
1126.000,5.64737842E+3,
1127.000,5.86682227E+3,
1128.000,5.53225830E+3,
1129.000,5.50903027E+3,
1130.00,5.30169238E+3,
1131.000,5.21020996E+3,
1132.000,5.20702783E+3,
1133.000,5.02488721E+3,
1134.000,5.18579688E+3,
1135.000,4.96662402E+3,
1136.000,4.95594775E+3,
1137.000,4.78951563E+3,
1138.000,4.59187793E+3,
1139.000,4.56731836E+3,
1140.00,4.60373633E+3,
1141.000,4.45816895E+3,
1142.000,4.44535059E+3,
1143.000,4.27227100E+3,
1144.000,4.40650000E+3,
1145.000,4.18108008E+3,
1146.000,4.32682080E+3,
1147.000,4.15665527E+3,
1148.000,4.10149023E+3,
1149.000,3.96097168E+3,
1150.00,3.86032788E+3,
1151.000,3.81474316E+3,
1152.000,3.73406445E+3,
1153.000,3.72154419E+3,
1154.000,3.69101611E+3,
1155.000,3.51418262E+3,
1156.000,3.43723486E+3,
1157.000,3.47440625E+3,
1158.000,3.40395068E+3,
1159.000,3.44372241E+3,
1160.00,3.34570215E+3,
1161.000,3.20680591E+3,
1162.000,3.27750366E+3,
1163.000,3.17560229E+3,
1164.000,3.15370215E+3,
1165.000,3.14731494E+3,
1166.000,3.00473486E+3,
1167.000,3.03015332E+3,
1168.000,2.96212085E+3,
1169.000,2.84207593E+3,
1170.00,2.86037744E+3,
1171.000,2.89611621E+3,
1172.000,2.71280688E+3,
1173.000,2.84363232E+3,
1174.000,2.68011206E+3,
1175.000,2.56047266E+3,
1176.000,2.66089795E+3,
1177.000,2.63650659E+3,
1178.000,2.56333374E+3,
1179.000,2.43952075E+3,
1180.00,2.33496680E+3,
1181.000,2.41414673E+3,
1182.000,2.34345044E+3,
1183.000,2.29477588E+3,
1184.000,2.17639478E+3,
1185.000,2.28056323E+3,
1186.000,2.13630249E+3,
1187.000,2.24684790E+3,
1188.000,2.16753857E+3,
1189.000,2.15353223E+3,
1190.00,2.06099048E+3,
1191.000,2.13757910E+3,
1192.000,2.06018701E+3,
1193.000,2.01118127E+3,
1194.000,1.84422302E+3,
1195.000,2.04118176E+3,
1196.000,1.85875378E+3,
1197.000,1.88825659E+3,
1198.000,1.79420117E+3,
1199.000,1.91787915E+3,
1200.00,1.68480457E+3,
