Labels,0,
Type,Emission Scan,
Comment,,
Start,600.00,
Stop,1200.00,
Step,1.00,
Fixed/Offset,445.00,
Xaxis,Wavelength,
Yaxis,Counts,
Scan Corr. by File,True,
Corr. by Ref. Det.,True,
Fixed/Offset Corr. by File,False,
Repeats,1,
Dwell Time,0.10,
Lamp,Xenon,
Temp,0.00,
Scan Polariser,None,
Scan Slit,2.4999220,
Fixed/Offset Polariser,None,
Fixed/Offset Slit,2.4999950,
Detector,Det2,

600.00,1.30775253E+2,
601.00,1.06254248E+3,
602.00,6.34356873E+2,
603.00,6.73733398E+2,
604.00,2.86164001E+2,
605.00,8.11677551E+2,
606.00,7.81496277E+2,
607.00,-7.37357807E+0,
608.00,9.94746887E+2,
609.00,-3.41080658E+2,
610.00,5.25501465E+2,
611.00,1.07338293E+3,
612.00,2.97615356E+2,
613.00,6.47254089E+2,
614.00,-1.76682953E+2,
615.00,7.33863647E+2,
616.00,1.76620422E+2,
617.00,-5.82655640E+1,
618.00,2.56659180E+2,
619.00,-5.47348145E+2,
620.00,-1.55524994E+2,
621.00,6.58263123E+2,
622.00,-3.05614471E+2,
623.00,1.98062454E+2,
624.00,-1.17880650E+1,
625.00,3.07517944E+2,
626.00,-1.94833206E+2,
627.00,1.29454529E+2,
628.00,1.26939499E+2,
629.00,6.75240845E+2,
630.00,3.74620544E+2,
631.00,2.00942200E+2,
632.00,6.29297058E+2,
633.00,-9.12554264E+0,
634.00,6.02331482E+2,
635.00,6.42055908E+2,
636.00,1.14342371E+3,
637.00,9.29661011E+2,
638.00,1.26930835E+3,
639.00,9.26479187E+2,
640.00,8.85622498E+2,
641.00,1.07563074E+3,
642.00,1.05775110E+3,
643.00,1.96320801E+3,
644.00,1.23544116E+3,
645.00,1.90780872E+3,
646.00,1.93995361E+3,
647.00,2.10271484E+3,
648.00,1.79291455E+3,
649.00,2.79326953E+3,
650.00,3.00341724E+3,
651.00,3.02797876E+3,
652.00,3.19860229E+3,
653.00,3.33265088E+3,
654.00,3.71369116E+3,
655.00,4.47127539E+3,
656.00,5.09066113E+3,
657.00,5.14154883E+3,
658.00,5.60727051E+3,
659.00,6.14554639E+3,
660.00,6.92858887E+3,
661.00,7.56983740E+3,
662.00,7.69016602E+3,
663.00,7.88610791E+3,
664.00,8.97759082E+3,
665.00,9.00635449E+3,
666.00,9.98462207E+3,
667.00,1.18369111E+4,
668.00,1.23931738E+4,
669.00,1.33705771E+4,
670.00,1.40763926E+4,
671.00,1.51512197E+4,
672.00,1.70119902E+4,
673.00,1.77517539E+4,
674.00,1.98919707E+4,
675.00,2.16334375E+4,
676.00,2.31764121E+4,
677.00,2.44589766E+4,
678.00,2.73231992E+4,
679.00,2.92101719E+4,
680.00,3.06490352E+4,
681.00,3.26191660E+4,
682.00,3.56605508E+4,
683.00,3.77223203E+4,
684.00,4.04461758E+4,
685.00,4.31616836E+4,
686.00,4.72320313E+4,
687.00,4.94641484E+4,
688.00,5.21224648E+4,
689.00,5.39313828E+4,
690.00,5.90140039E+4,
691.00,6.27942070E+4,
692.00,7.16719688E+4,
693.00,7.78698281E+4,
694.00,8.44111328E+4,
695.00,8.91631406E+4,
696.00,9.43443672E+4,
697.00,1.01229047E+5,
698.00,1.05863984E+5,
699.00,1.09748008E+5,
700.00,1.13954500E+5,
701.00,1.17742977E+5,
702.00,1.24753742E+5,
703.00,1.27870969E+5,
704.00,1.32517891E+5,
705.00,1.39275250E+5,
706.00,1.47727094E+5,
707.00,1.56311250E+5,
708.00,1.60850906E+5,
709.00,1.69012328E+5,
710.00,1.74608203E+5,
711.00,1.84559547E+5,
712.00,1.90612078E+5,
713.00,1.98386688E+5,
714.00,2.07160813E+5,
715.00,2.17595125E+5,
716.00,2.20857734E+5,
717.00,2.27810313E+5,
718.00,2.34730281E+5,
719.00,2.40810453E+5,
720.00,2.46956641E+5,
721.00,2.52305359E+5,
722.00,2.59599656E+5,
723.00,2.66224438E+5,
724.00,2.72184625E+5,
725.00,2.78397000E+5,
726.00,2.84994813E+5,
727.00,2.95850031E+5,
728.00,2.99633750E+5,
729.00,3.09677031E+5,
730.00,3.14903938E+5,
731.00,3.22983313E+5,
732.00,3.30127000E+5,
733.00,3.33563938E+5,
734.00,3.38424188E+5,
735.00,3.45489281E+5,
736.00,3.55557906E+5,
737.00,3.60510563E+5,
738.00,3.66554438E+5,
739.00,3.73036844E+5,
740.00,3.79768594E+5,
741.00,3.84499188E+5,
742.00,3.92423781E+5,
743.00,3.99845313E+5,
744.00,3.98416531E+5,
745.00,4.09750406E+5,
746.00,4.14206250E+5,
747.00,4.22033156E+5,
748.00,4.25473906E+5,
749.00,4.29030563E+5,
750.00,4.36582250E+5,
751.00,4.42405844E+5,
752.00,4.44769188E+5,
753.00,4.50316813E+5,
754.00,4.54565688E+5,
755.00,4.64540969E+5,
756.00,4.68109875E+5,
757.00,4.71598750E+5,
758.00,4.75653875E+5,
759.00,4.78276438E+5,
760.00,4.82401000E+5,
761.00,4.85785438E+5,
762.00,4.89980344E+5,
763.00,4.91551031E+5,
764.00,4.99253844E+5,
765.00,5.01311781E+5,
766.00,5.05951156E+5,
767.00,5.06331469E+5,
768.00,5.04581750E+5,
769.00,5.10488063E+5,
770.00,5.17506719E+5,
771.00,5.13652938E+5,
772.00,5.17769719E+5,
773.00,5.18595313E+5,
774.00,5.19020844E+5,
775.00,5.21804656E+5,
776.00,5.19850656E+5,
777.00,5.28001438E+5,
778.00,5.30411063E+5,
779.00,5.29446813E+5,
780.00,5.29884125E+5,
781.00,5.33232625E+5,
782.00,5.30304438E+5,
783.00,5.32035500E+5,
784.00,5.35041250E+5,
785.00,5.33041000E+5,
786.00,5.30481250E+5,
787.00,5.31186188E+5,
788.00,5.29365938E+5,
789.00,5.26101688E+5,
790.00,5.29050688E+5,
791.00,5.31898063E+5,
792.00,5.29174438E+5,
793.00,5.30593375E+5,
794.00,5.26522250E+5,
795.00,5.30907688E+5,
796.00,5.28267000E+5,
797.00,5.26716250E+5,
798.00,5.27549125E+5,
799.00,5.27656688E+5,
800.00,5.24318875E+5,
801.00,5.25762500E+5,
802.00,5.19235469E+5,
803.00,5.15456500E+5,
804.00,5.15900688E+5,
805.00,5.15568781E+5,
806.00,5.14764719E+5,
807.00,5.13644438E+5,
808.00,5.10660188E+5,
809.00,5.11232375E+5,
810.00,5.10972531E+5,
811.00,5.06793906E+5,
812.00,5.04086563E+5,
813.00,5.02776625E+5,
814.00,4.99241063E+5,
815.00,4.97301313E+5,
816.00,4.96702281E+5,
817.00,4.87223063E+5,
818.00,4.87558594E+5,
819.00,4.86367625E+5,
820.00,4.82027000E+5,
821.00,4.80442250E+5,
822.00,4.76344719E+5,
823.00,4.76245906E+5,
824.00,4.73194250E+5,
825.00,4.70144156E+5,
826.00,4.64285438E+5,
827.00,4.64887125E+5,
828.00,4.62142344E+5,
829.00,4.56631469E+5,
830.00,4.51205531E+5,
831.00,4.46648688E+5,
832.00,4.47775531E+5,
833.00,4.42668563E+5,
834.00,4.41258656E+5,
835.00,4.37573375E+5,
836.00,4.35808156E+5,
837.00,4.30790313E+5,
838.00,4.25663625E+5,
839.00,4.25321313E+5,
840.00,4.21176344E+5,
841.00,4.16791438E+5,
842.00,4.13072188E+5,
843.00,4.10560188E+5,
844.00,4.06855063E+5,
845.00,4.04965625E+5,
846.00,3.98161719E+5,
847.00,3.92886781E+5,
848.00,3.90207781E+5,
849.00,3.88795813E+5,
850.00,3.84362969E+5,
851.00,3.80155156E+5,
852.00,3.77267031E+5,
853.00,3.75374063E+5,
854.00,3.71242000E+5,
855.00,3.70405031E+5,
856.00,3.67893094E+5,
857.00,3.59754719E+5,
858.00,3.56997938E+5,
859.00,3.55145750E+5,
860.00,3.49891156E+5,
861.00,3.49398844E+5,
862.00,3.45272688E+5,
863.00,3.41281906E+5,
864.00,3.36672531E+5,
865.00,3.33024500E+5,
866.00,3.31984875E+5,
867.00,3.27397875E+5,
868.00,3.25381313E+5,
869.00,3.22046938E+5,
870.00,3.16950094E+5,
871.00,3.15531781E+5,
872.00,3.11424250E+5,
873.00,3.08305656E+5,
874.00,3.05891469E+5,
875.00,2.99263969E+5,
876.00,2.94073688E+5,
877.00,2.90995656E+5,
878.00,2.92249500E+5,
879.00,2.87157813E+5,
880.00,2.85840844E+5,
881.00,2.79170594E+5,
882.00,2.77058125E+5,
883.00,2.74238188E+5,
884.00,2.70815094E+5,
885.00,2.66631750E+5,
886.00,2.63781313E+5,
887.00,2.62930219E+5,
888.00,2.58104734E+5,
889.00,2.54832391E+5,
890.00,2.53749188E+5,
891.00,2.48129875E+5,
892.00,2.46436266E+5,
893.00,2.42214188E+5,
894.00,2.40833828E+5,
895.00,2.38641297E+5,
896.00,2.34902078E+5,
897.00,2.31660797E+5,
898.00,2.28497406E+5,
899.00,2.25722531E+5,
900.00,2.24303063E+5,
901.00,2.20953875E+5,
902.00,2.18819281E+5,
903.00,2.14587641E+5,
904.00,2.12523344E+5,
905.00,2.09123344E+5,
906.00,2.06637313E+5,
907.00,2.05606984E+5,
908.00,2.03304516E+5,
909.00,2.00970859E+5,
910.00,1.97740172E+5,
911.00,1.95317141E+5,
912.00,1.93941578E+5,
913.00,1.91274469E+5,
914.00,1.87945828E+5,
915.00,1.85329406E+5,
916.00,1.83249438E+5,
917.00,1.82341766E+5,
918.00,1.78875453E+5,
919.00,1.77364516E+5,
920.00,1.74376828E+5,
921.00,1.72166781E+5,
922.00,1.69307063E+5,
923.00,1.67163938E+5,
924.00,1.64650703E+5,
925.00,1.63828578E+5,
926.00,1.60107391E+5,
927.00,1.59820328E+5,
928.00,1.56329234E+5,
929.00,1.54477141E+5,
930.00,1.52106641E+5,
931.00,1.50577578E+5,
932.00,1.49054828E+5,
933.00,1.47121094E+5,
934.00,1.44816563E+5,
935.00,1.44271734E+5,
936.00,1.39881828E+5,
937.00,1.38566641E+5,
938.00,1.36534313E+5,
939.00,1.34740891E+5,
940.00,1.33198906E+5,
941.00,1.30575164E+5,
942.00,1.29770805E+5,
943.00,1.27418945E+5,
944.00,1.25585875E+5,
945.00,1.24301727E+5,
946.00,1.22407617E+5,
947.00,1.20402648E+5,
948.00,1.19732719E+5,
949.00,1.17392875E+5,
950.00,1.15216242E+5,
951.00,1.14001547E+5,
952.00,1.11672078E+5,
953.00,1.10930617E+5,
954.00,1.09361617E+5,
955.00,1.07993336E+5,
956.00,1.06398117E+5,
957.00,1.04380406E+5,
958.00,1.03162602E+5,
959.00,1.01929875E+5,
960.00,1.00357664E+5,
961.00,9.90633438E+4,
962.00,9.73787422E+4,
963.00,9.61517656E+4,
964.00,9.45012891E+4,
965.00,9.30411953E+4,
966.00,9.19827578E+4,
967.00,9.01718594E+4,
968.00,8.90765391E+4,
969.00,8.78444609E+4,
970.00,8.62468203E+4,
971.00,8.44888125E+4,
972.00,8.33173047E+4,
973.00,8.23333281E+4,
974.00,8.12540625E+4,
975.00,8.01394531E+4,
976.00,7.89676719E+4,
977.00,7.73070469E+4,
978.00,7.63095234E+4,
979.00,7.54540234E+4,
980.00,7.40921016E+4,
981.00,7.29655625E+4,
982.00,7.20066094E+4,
983.00,7.14240391E+4,
984.00,6.95889375E+4,
985.00,6.90714766E+4,
986.00,6.75846406E+4,
987.00,6.68249844E+4,
988.00,6.55445938E+4,
989.00,6.36502305E+4,
990.00,6.37816328E+4,
991.00,6.23761680E+4,
992.00,6.18689180E+4,
993.00,6.10815977E+4,
994.00,5.97723047E+4,
995.00,5.91865156E+4,
996.00,5.77861953E+4,
997.00,5.67627188E+4,
998.00,5.65043008E+4,
999.00,5.54678047E+4,
1000.00,5.45101680E+4,
1001.000,5.40212109E+4,
1002.000,5.25976758E+4,
1003.000,5.19103242E+4,
1004.000,5.14198711E+4,
1005.000,5.06797813E+4,
1006.000,5.00948594E+4,
1007.000,4.92392539E+4,
1008.000,4.84298438E+4,
1009.000,4.74928750E+4,
1010.00,4.67404219E+4,
1011.000,4.60591172E+4,
1012.000,4.53715469E+4,
1013.000,4.47146133E+4,
1014.000,4.40788047E+4,
1015.000,4.34122070E+4,
1016.000,4.31127500E+4,
1017.000,4.21005820E+4,
1018.000,4.15482148E+4,
1019.000,4.05735820E+4,
1020.00,4.03935313E+4,
1021.000,3.97158281E+4,
1022.000,3.86143867E+4,
1023.000,3.82070234E+4,
1024.000,3.77858984E+4,
1025.000,3.70285391E+4,
1026.000,3.64182266E+4,
1027.000,3.60078750E+4,
1028.000,3.58176797E+4,
1029.000,3.50989727E+4,
1030.00,3.43263008E+4,
1031.000,3.41416680E+4,
1032.000,3.31327813E+4,
1033.000,3.29741250E+4,
1034.000,3.25375684E+4,
1035.000,3.22779492E+4,
1036.000,3.11777070E+4,
1037.000,3.07840332E+4,
1038.000,3.06614473E+4,
1039.000,3.00504922E+4,
1040.00,2.92870957E+4,
1041.000,2.89547813E+4,
1042.000,2.85598398E+4,
1043.000,2.82342793E+4,
1044.000,2.78639824E+4,
1045.000,2.73611426E+4,
1046.000,2.69358125E+4,
1047.000,2.64371113E+4,
1048.000,2.58322480E+4,
1049.000,2.54482148E+4,
1050.00,2.52528262E+4,
1051.000,2.48424609E+4,
1052.000,2.44975527E+4,
1053.000,2.40536133E+4,
1054.000,2.35935078E+4,
1055.000,2.33230742E+4,
1056.000,2.33515820E+4,
1057.000,2.27249414E+4,
1058.000,2.24287285E+4,
1059.000,2.19358887E+4,
1060.00,2.15284863E+4,
1061.000,2.13642266E+4,
1062.000,2.08906934E+4,
1063.000,2.08538105E+4,
1064.000,2.01599688E+4,
1065.000,1.98232578E+4,
1066.000,1.97535547E+4,
1067.000,1.93432109E+4,
1068.000,1.90264688E+4,
1069.000,1.88202246E+4,
1070.00,1.81966445E+4,
1071.000,1.80086641E+4,
1072.000,1.79053789E+4,
1073.000,1.75774707E+4,
1074.000,1.71503359E+4,
1075.000,1.71855996E+4,
1076.000,1.66673418E+4,
1077.000,1.63889277E+4,
1078.000,1.60643291E+4,
1079.000,1.58433818E+4,
1080.00,1.57046484E+4,
1081.000,1.54186387E+4,
1082.000,1.49251836E+4,
1083.000,1.48624492E+4,
1084.000,1.47630332E+4,
1085.000,1.45299150E+4,
1086.000,1.44969336E+4,
1087.000,1.40372129E+4,
1088.000,1.39925088E+4,
1089.000,1.34015176E+4,
1090.00,1.35370010E+4,
1091.000,1.30547490E+4,
1092.000,1.30012891E+4,
1093.000,1.27728447E+4,
1094.000,1.25599531E+4,
1095.000,1.23660488E+4,
1096.000,1.22283770E+4,
1097.000,1.19679863E+4,
1098.000,1.19043438E+4,
1099.000,1.16373096E+4,
1100.00,1.13414844E+4,
1101.000,1.11534834E+4,
1102.000,1.10010723E+4,
1103.000,1.08551533E+4,
1104.000,1.07500137E+4,
1105.000,1.04596055E+4,
1106.000,1.03154678E+4,
1107.000,1.01767939E+4,
1108.000,1.01508643E+4,
1109.000,9.96865137E+3,
1110.00,9.53552930E+3,
1111.000,9.71362109E+3,
1112.000,9.29054883E+3,
1113.000,9.09997363E+3,
1114.000,8.95961523E+3,
1115.000,9.04036523E+3,
1116.000,8.78196484E+3,
1117.000,8.71315332E+3,
1118.000,8.73402246E+3,
1119.000,8.30545898E+3,
1120.00,8.33753516E+3,
1121.000,8.20561328E+3,
1122.000,8.24991309E+3,
1123.000,7.81115723E+3,
1124.000,7.67872656E+3,
1125.000,7.66257227E+3,
1126.000,7.53806201E+3,
1127.000,7.41759717E+3,
1128.000,7.18906299E+3,
1129.000,7.20613721E+3,
1130.00,6.99265381E+3,
1131.000,6.75131885E+3,
1132.000,6.77499121E+3,
1133.000,6.60085352E+3,
1134.000,6.68869141E+3,
1135.000,6.37755859E+3,
1136.000,6.37770361E+3,
1137.000,6.23268896E+3,
1138.000,6.32412109E+3,
1139.000,6.11753418E+3,
1140.00,5.93954932E+3,
1141.000,5.90594775E+3,
1142.000,5.80007422E+3,
1143.000,5.70520361E+3,
1144.000,5.61236279E+3,
1145.000,5.56225000E+3,
1146.000,5.43921143E+3,
1147.000,5.40342773E+3,
1148.000,5.14505957E+3,
1149.000,5.10717822E+3,
1150.00,5.01674854E+3,
1151.000,5.11735498E+3,
1152.000,4.98516162E+3,
1153.000,4.72341455E+3,
1154.000,4.78985352E+3,
1155.000,4.58690088E+3,
1156.000,4.51150098E+3,
1157.000,4.53435840E+3,
1158.000,4.60553076E+3,
1159.000,4.38255078E+3,
1160.00,4.46809375E+3,
1161.000,4.03553320E+3,
1162.000,4.15488086E+3,
1163.000,4.05435864E+3,
1164.000,4.12551025E+3,
1165.000,3.89414087E+3,
1166.000,3.85062036E+3,
1167.000,3.87330469E+3,
1168.000,3.70595117E+3,
1169.000,3.75896851E+3,
1170.00,3.61636133E+3,
1171.000,3.67777710E+3,
1172.000,3.53613477E+3,
1173.000,3.51205103E+3,
1174.000,3.52380347E+3,
1175.000,3.26468286E+3,
1176.000,3.21256274E+3,
1177.000,3.27262598E+3,
1178.000,3.15686548E+3,
1179.000,3.15109204E+3,
1180.00,3.11733716E+3,
1181.000,3.03643433E+3,
1182.000,3.00376855E+3,
1183.000,2.86186523E+3,
1184.000,2.89527051E+3,
1185.000,2.95722607E+3,
1186.000,2.85246509E+3,
1187.000,2.92794336E+3,
1188.000,2.78260522E+3,
1189.000,2.65386792E+3,
1190.00,2.53940527E+3,
1191.000,2.55166968E+3,
1192.000,2.57767310E+3,
1193.000,2.50534229E+3,
1194.000,2.51860669E+3,
1195.000,2.55208887E+3,
1196.000,2.38198145E+3,
1197.000,2.35458105E+3,
1198.000,2.32041528E+3,
1199.000,2.29280615E+3,
1200.00,2.36021118E+3,
