Labels,125,
Type,Emission Scan,
Comment,,
Start,600.00,
Stop,1650.00,
Step,1.00,
Fixed/Offset,455.00,
Xaxis,Wavelength,
Yaxis,Counts,
Scan Corr. by File,True,
Corr. by Ref. Det.,True,
Fixed/Offset Corr. by File,False,
Repeats,1,
Dwell Time,0.10,
Lamp,Xenon,
Temp,0.00,
Scan Polariser,None,
Scan Slit,5.00,
Fixed/Offset Polariser,None,
Fixed/Offset Slit,5.00,
Detector,Det2,

600.00,3.12731262E+2,
601.00,3.18603058E+2,
602.00,2.22931870E+2,
603.00,3.04922791E+2,
604.00,2.43637497E+2,
605.00,2.25935349E+2,
606.00,3.94281158E+2,
607.00,2.98755676E+2,
608.00,1.64775742E+2,
609.00,3.57068909E+2,
610.00,2.55279266E+2,
611.00,3.51267029E+2,
612.00,1.93202896E+2,
613.00,6.51586075E+1,
614.00,3.09874603E+2,
615.00,2.14833511E+2,
616.00,4.12903503E+2,
617.00,3.65504150E+2,
618.00,3.29515259E+2,
619.00,2.69044708E+2,
620.00,3.23980408E+2,
621.00,3.45442261E+2,
622.00,3.31605682E+2,
623.00,2.93713715E+2,
624.00,2.79240479E+2,
625.00,3.92619446E+2,
626.00,2.94456635E+2,
627.00,2.91787659E+2,
628.00,3.59069702E+2,
629.00,3.96698639E+2,
630.00,4.26673889E+2,
631.00,4.53717743E+2,
632.00,3.09729858E+2,
633.00,4.54861206E+2,
634.00,4.37526611E+2,
635.00,4.46843109E+2,
636.00,4.30836487E+2,
637.00,4.50973999E+2,
638.00,5.12821411E+2,
639.00,5.18825562E+2,
640.00,4.24265289E+2,
641.00,5.04731995E+2,
642.00,4.61747528E+2,
643.00,5.08502167E+2,
644.00,6.15503784E+2,
645.00,7.42165894E+2,
646.00,6.53621765E+2,
647.00,7.04229187E+2,
648.00,6.99773071E+2,
649.00,7.59688904E+2,
650.00,8.47711914E+2,
651.00,8.31270752E+2,
652.00,8.29294800E+2,
653.00,8.81292297E+2,
654.00,9.23616333E+2,
655.00,9.74600037E+2,
656.00,1.14338074E+3,
657.00,1.07926892E+3,
658.00,1.13177307E+3,
659.00,1.13505164E+3,
660.00,1.09418713E+3,
661.00,1.40359692E+3,
662.00,1.37693152E+3,
663.00,1.57049646E+3,
664.00,1.62665149E+3,
665.00,1.68134534E+3,
666.00,1.59145349E+3,
667.00,1.80395496E+3,
668.00,1.89212598E+3,
669.00,2.15227222E+3,
670.00,2.20257471E+3,
671.00,2.20483057E+3,
672.00,2.29310449E+3,
673.00,2.45507593E+3,
674.00,2.53412354E+3,
675.00,2.62048047E+3,
676.00,2.92478882E+3,
677.00,3.04581665E+3,
678.00,3.27692676E+3,
679.00,3.35009668E+3,
680.00,3.56132080E+3,
681.00,3.65917383E+3,
682.00,4.08912402E+3,
683.00,4.27326514E+3,
684.00,4.49681396E+3,
685.00,4.75868457E+3,
686.00,5.12810547E+3,
687.00,5.17684424E+3,
688.00,5.49032764E+3,
689.00,5.66957129E+3,
690.00,5.90850830E+3,
691.00,6.25480908E+3,
692.00,6.51058838E+3,
693.00,6.93627881E+3,
694.00,7.27351465E+3,
695.00,7.82446777E+3,
696.00,8.22989160E+3,
697.00,8.82932129E+3,
698.00,9.33387891E+3,
699.00,1.01858506E+4,
700.00,1.04105811E+4,
701.00,1.08307129E+4,
702.00,1.12688789E+4,
703.00,1.19889521E+4,
704.00,1.24236660E+4,
705.00,1.28913262E+4,
706.00,1.34929063E+4,
707.00,1.38448076E+4,
708.00,1.41148740E+4,
709.00,1.48794111E+4,
710.00,1.50916689E+4,
711.00,1.56895898E+4,
712.00,1.67214102E+4,
713.00,1.68145156E+4,
714.00,1.75099434E+4,
715.00,1.83100293E+4,
716.00,1.87873457E+4,
717.00,1.96783652E+4,
718.00,1.95725098E+4,
719.00,2.04423672E+4,
720.00,2.10391699E+4,
721.00,2.14807539E+4,
722.00,2.23123965E+4,
723.00,2.30281738E+4,
724.00,2.35187461E+4,
725.00,2.43694238E+4,
726.00,2.44035195E+4,
727.00,2.56644160E+4,
728.00,2.65071582E+4,
729.00,2.70684160E+4,
730.00,2.72026035E+4,
731.00,2.79668223E+4,
732.00,2.87654590E+4,
733.00,2.93249824E+4,
734.00,3.02388301E+4,
735.00,3.05818145E+4,
736.00,3.14579961E+4,
737.00,3.16050566E+4,
738.00,3.27300508E+4,
739.00,3.37218242E+4,
740.00,3.43841211E+4,
741.00,3.48903711E+4,
742.00,3.54801211E+4,
743.00,3.61400664E+4,
744.00,3.66016797E+4,
745.00,3.77636211E+4,
746.00,3.83091328E+4,
747.00,3.92465273E+4,
748.00,3.98675469E+4,
749.00,4.06817578E+4,
750.00,4.10599922E+4,
751.00,4.17852266E+4,
752.00,4.28628164E+4,
753.00,4.36366367E+4,
754.00,4.36426836E+4,
755.00,4.50203281E+4,
756.00,4.55345391E+4,
757.00,4.61748672E+4,
758.00,4.62455078E+4,
759.00,4.71199414E+4,
760.00,4.80963750E+4,
761.00,4.83426563E+4,
762.00,4.88991250E+4,
763.00,4.99061406E+4,
764.00,5.09846445E+4,
765.00,5.17094258E+4,
766.00,5.25026914E+4,
767.00,5.25631953E+4,
768.00,5.28916836E+4,
769.00,5.40871875E+4,
770.00,5.42880039E+4,
771.00,5.51441484E+4,
772.00,5.62078594E+4,
773.00,5.61900039E+4,
774.00,5.70015117E+4,
775.00,5.79117578E+4,
776.00,5.81462188E+4,
777.00,5.88570273E+4,
778.00,5.90846523E+4,
779.00,5.99697734E+4,
780.00,5.99158008E+4,
781.00,6.11390391E+4,
782.00,6.07504102E+4,
783.00,6.15940391E+4,
784.00,6.21889141E+4,
785.00,6.25543828E+4,
786.00,6.29884141E+4,
787.00,6.29611836E+4,
788.00,6.40350938E+4,
789.00,6.45288555E+4,
790.00,6.47743203E+4,
791.00,6.52493516E+4,
792.00,6.55721406E+4,
793.00,6.55492500E+4,
794.00,6.66327578E+4,
795.00,6.69624531E+4,
796.00,6.72888047E+4,
797.00,6.76272734E+4,
798.00,6.79657500E+4,
799.00,6.78863203E+4,
800.00,6.86088984E+4,
801.00,6.89137578E+4,
802.00,6.86503906E+4,
803.00,6.92333359E+4,
804.00,6.91395156E+4,
805.00,6.96065781E+4,
806.00,6.99081484E+4,
807.00,7.03633047E+4,
808.00,7.03222578E+4,
809.00,7.06462031E+4,
810.00,7.09594688E+4,
811.00,7.11725781E+4,
812.00,7.02657422E+4,
813.00,7.13722578E+4,
814.00,7.12597734E+4,
815.00,7.07990313E+4,
816.00,7.13620547E+4,
817.00,7.11918125E+4,
818.00,7.17071172E+4,
819.00,7.16500625E+4,
820.00,7.16301172E+4,
821.00,7.12240391E+4,
822.00,7.23491016E+4,
823.00,7.11400547E+4,
824.00,7.15142266E+4,
825.00,7.19501953E+4,
826.00,7.12951094E+4,
827.00,7.15590000E+4,
828.00,7.10309375E+4,
829.00,7.11063828E+4,
830.00,7.12913516E+4,
831.00,7.08572109E+4,
832.00,7.09517422E+4,
833.00,7.07437031E+4,
834.00,7.08900391E+4,
835.00,7.05237813E+4,
836.00,7.05375469E+4,
837.00,7.05337969E+4,
838.00,7.09507266E+4,
839.00,6.98198438E+4,
840.00,7.01770313E+4,
841.00,7.01125078E+4,
842.00,6.99193750E+4,
843.00,6.96507813E+4,
844.00,6.99651875E+4,
845.00,6.91824844E+4,
846.00,6.83637969E+4,
847.00,6.81046094E+4,
848.00,6.81815469E+4,
849.00,6.81792578E+4,
850.00,6.78433906E+4,
851.00,6.76002031E+4,
852.00,6.77760078E+4,
853.00,6.66478438E+4,
854.00,6.68411172E+4,
855.00,6.68100156E+4,
856.00,6.70642891E+4,
857.00,6.59137266E+4,
858.00,6.57597266E+4,
859.00,6.49997813E+4,
860.00,6.50313438E+4,
861.00,6.42358633E+4,
862.00,6.46523516E+4,
863.00,6.39450547E+4,
864.00,6.34747695E+4,
865.00,6.30246602E+4,
866.00,6.25945117E+4,
867.00,6.25792695E+4,
868.00,6.24664922E+4,
869.00,6.13354023E+4,
870.00,6.10770820E+4,
871.00,6.06524961E+4,
872.00,6.02716016E+4,
873.00,6.00686563E+4,
874.00,5.96770938E+4,
875.00,5.93093398E+4,
876.00,5.85713086E+4,
877.00,5.84553984E+4,
878.00,5.78389023E+4,
879.00,5.75013555E+4,
880.00,5.76788594E+4,
881.00,5.65412422E+4,
882.00,5.61974727E+4,
883.00,5.58594063E+4,
884.00,5.54443828E+4,
885.00,5.50573438E+4,
886.00,5.45253281E+4,
887.00,5.36426367E+4,
888.00,5.35152813E+4,
889.00,5.31226953E+4,
890.00,5.26802500E+4,
891.00,5.20755352E+4,
892.00,5.17801211E+4,
893.00,5.13071758E+4,
894.00,5.09708594E+4,
895.00,5.09189648E+4,
896.00,5.03748555E+4,
897.00,4.97111211E+4,
898.00,4.93681836E+4,
899.00,4.92879844E+4,
900.00,4.85027617E+4,
901.00,4.79912266E+4,
902.00,4.76537500E+4,
903.00,4.72392930E+4,
904.00,4.69802891E+4,
905.00,4.65253086E+4,
906.00,4.59461406E+4,
907.00,4.56899336E+4,
908.00,4.50120703E+4,
909.00,4.48059492E+4,
910.00,4.41066719E+4,
911.00,4.40564219E+4,
912.00,4.34985547E+4,
913.00,4.32683281E+4,
914.00,4.29206641E+4,
915.00,4.24774336E+4,
916.00,4.17497266E+4,
917.00,4.15310117E+4,
918.00,4.10914141E+4,
919.00,4.10401719E+4,
920.00,4.04938438E+4,
921.00,4.00108242E+4,
922.00,3.97472148E+4,
923.00,3.91347148E+4,
924.00,3.85657930E+4,
925.00,3.84470078E+4,
926.00,3.75752539E+4,
927.00,3.73894219E+4,
928.00,3.67553594E+4,
929.00,3.62925859E+4,
930.00,3.61028516E+4,
931.00,3.55212930E+4,
932.00,3.55429453E+4,
933.00,3.46345391E+4,
934.00,3.48192539E+4,
935.00,3.40597656E+4,
936.00,3.38775391E+4,
937.00,3.35859883E+4,
938.00,3.32274961E+4,
939.00,3.26125781E+4,
940.00,3.21367910E+4,
941.00,3.18011875E+4,
942.00,3.17070137E+4,
943.00,3.11707344E+4,
944.00,3.08155645E+4,
945.00,3.02630156E+4,
946.00,2.97686934E+4,
947.00,2.94657031E+4,
948.00,2.91768145E+4,
949.00,2.88004805E+4,
950.00,2.84129336E+4,
951.00,2.82076426E+4,
952.00,2.77027500E+4,
953.00,2.75601016E+4,
954.00,2.72239824E+4,
955.00,2.67684766E+4,
956.00,2.65224902E+4,
957.00,2.61635332E+4,
958.00,2.56712422E+4,
959.00,2.52950391E+4,
960.00,2.51297578E+4,
961.00,2.49022305E+4,
962.00,2.47784805E+4,
963.00,2.42397500E+4,
964.00,2.38154629E+4,
965.00,2.34924395E+4,
966.00,2.31485781E+4,
967.00,2.30153594E+4,
968.00,2.27627754E+4,
969.00,2.25540977E+4,
970.00,2.24911230E+4,
971.00,2.19960391E+4,
972.00,2.18889609E+4,
973.00,2.15454141E+4,
974.00,2.13176641E+4,
975.00,2.11066387E+4,
976.00,2.07198379E+4,
977.00,2.05307148E+4,
978.00,2.02665586E+4,
979.00,2.00953242E+4,
980.00,1.96324336E+4,
981.00,1.94333652E+4,
982.00,1.94178574E+4,
983.00,1.88789609E+4,
984.00,1.87648945E+4,
985.00,1.85574980E+4,
986.00,1.84065801E+4,
987.00,1.78753047E+4,
988.00,1.77667754E+4,
989.00,1.76290488E+4,
990.00,1.73436563E+4,
991.00,1.70120840E+4,
992.00,1.67064512E+4,
993.00,1.66168223E+4,
994.00,1.63541592E+4,
995.00,1.61800654E+4,
996.00,1.58698115E+4,
997.00,1.56364033E+4,
998.00,1.54679355E+4,
999.00,1.51414600E+4,
1000.00,1.49694346E+4,
1001.000,1.47923936E+4,
1002.000,1.45847412E+4,
1003.000,1.43291934E+4,
1004.000,1.41350781E+4,
1005.000,1.39529102E+4,
1006.000,1.37589785E+4,
1007.000,1.35530615E+4,
1008.000,1.34068994E+4,
1009.000,1.31887686E+4,
1010.00,1.30067764E+4,
1011.000,1.27667354E+4,
1012.000,1.26834131E+4,
1013.000,1.25089619E+4,
1014.000,1.22643496E+4,
1015.000,1.20538740E+4,
1016.000,1.18654326E+4,
1017.000,1.17630342E+4,
1018.000,1.16031006E+4,
1019.000,1.13336201E+4,
1020.00,1.12722266E+4,
1021.000,1.10525938E+4,
1022.000,1.09556553E+4,
1023.000,1.07455381E+4,
1024.000,1.06514688E+4,
1025.000,1.04371709E+4,
1026.000,1.02566924E+4,
1027.000,1.00945781E+4,
1028.000,9.96283691E+3,
1029.000,9.83887207E+3,
1030.00,9.72706738E+3,
1031.000,9.60251367E+3,
1032.000,9.49461523E+3,
1033.000,9.29181250E+3,
1034.000,9.17823535E+3,
1035.000,9.04574902E+3,
1036.000,8.92053711E+3,
1037.000,8.65030273E+3,
1038.000,8.66476172E+3,
1039.000,8.54765039E+3,
1040.00,8.31695410E+3,
1041.000,8.18615137E+3,
1042.000,8.12330176E+3,
1043.000,8.02093457E+3,
1044.000,7.81144531E+3,
1045.000,7.77116260E+3,
1046.000,7.63458789E+3,
1047.000,7.60254834E+3,
1048.000,7.48376416E+3,
1049.000,7.35764844E+3,
1050.00,7.16893457E+3,
1051.000,7.16102295E+3,
1052.000,6.92935254E+3,
1053.000,6.87689648E+3,
1054.000,6.61733398E+3,
1055.000,6.65770947E+3,
1056.000,6.51765234E+3,
1057.000,6.40795703E+3,
1058.000,6.35994531E+3,
1059.000,6.22491992E+3,
1060.00,6.13821436E+3,
1061.000,6.01238965E+3,
1062.000,6.03559229E+3,
1063.000,5.88864404E+3,
1064.000,5.71049121E+3,
1065.000,5.74968018E+3,
1066.000,5.67096973E+3,
1067.000,5.54519238E+3,
1068.000,5.43420508E+3,
1069.000,5.35844531E+3,
1070.00,5.19015137E+3,
1071.000,5.21024414E+3,
1072.000,5.11830420E+3,
1073.000,5.08513330E+3,
1074.000,5.01564648E+3,
1075.000,4.94174805E+3,
1076.000,4.82878613E+3,
1077.000,4.69614941E+3,
1078.000,4.68959229E+3,
1079.000,4.58840234E+3,
1080.00,4.49917969E+3,
1081.000,4.48196826E+3,
1082.000,4.34713770E+3,
1083.000,4.24834326E+3,
1084.000,4.22982471E+3,
1085.000,4.19911328E+3,
1086.000,4.10595947E+3,
1087.000,4.08984058E+3,
1088.000,4.01288013E+3,
1089.000,3.97523535E+3,
1090.00,3.94486255E+3,
1091.000,3.81484668E+3,
1092.000,3.80349438E+3,
1093.000,3.77776074E+3,
1094.000,3.66779834E+3,
1095.000,3.60047534E+3,
1096.000,3.52244165E+3,
1097.000,3.49314697E+3,
1098.000,3.45500586E+3,
1099.000,3.37288086E+3,
1100.00,3.38477710E+3,
1101.000,3.31694238E+3,
1102.000,3.29145117E+3,
1103.000,3.15606665E+3,
1104.000,3.16430005E+3,
1105.000,3.13456128E+3,
1106.000,3.10636182E+3,
1107.000,3.07519458E+3,
1108.000,2.96736646E+3,
1109.000,2.95210522E+3,
1110.00,2.87313721E+3,
1111.000,2.85231616E+3,
1112.000,2.75902661E+3,
1113.000,2.74159839E+3,
1114.000,2.65906152E+3,
1115.000,2.69936401E+3,
1116.000,2.63624341E+3,
1117.000,2.62471045E+3,
1118.000,2.54991870E+3,
1119.000,2.51588892E+3,
1120.00,2.48882324E+3,
1121.000,2.45618604E+3,
1122.000,2.41983521E+3,
1123.000,2.40517017E+3,
1124.000,2.37645386E+3,
1125.000,2.29072900E+3,
1126.000,2.25023364E+3,
1127.000,2.26759326E+3,
1128.000,2.21559302E+3,
1129.000,2.13721753E+3,
1130.00,2.14425830E+3,
1131.000,2.06344702E+3,
1132.000,2.06657080E+3,
1133.000,2.02235767E+3,
1134.000,2.02906201E+3,
1135.000,1.97557361E+3,
1136.000,1.93709937E+3,
1137.000,1.90935022E+3,
1138.000,1.89908325E+3,
1139.000,1.87731897E+3,
1140.00,1.82759973E+3,
1141.000,1.81007349E+3,
1142.000,1.79521863E+3,
1143.000,1.72921716E+3,
1144.000,1.70579565E+3,
1145.000,1.65702039E+3,
1146.000,1.67330493E+3,
1147.000,1.71573975E+3,
1148.000,1.64831921E+3,
1149.000,1.62590710E+3,
1150.00,1.59749988E+3,
1151.000,1.55144653E+3,
1152.000,1.50796448E+3,
1153.000,1.51815186E+3,
1154.000,1.49776074E+3,
1155.000,1.48365930E+3,
1156.000,1.47123267E+3,
1157.000,1.39554858E+3,
1158.000,1.44259705E+3,
1159.000,1.42249927E+3,
1160.00,1.36686096E+3,
1161.000,1.31887390E+3,
1162.000,1.34607764E+3,
1163.000,1.30678333E+3,
1164.000,1.33839587E+3,
1165.000,1.27798547E+3,
1166.000,1.27600574E+3,
1167.000,1.26392419E+3,
1168.000,1.19539917E+3,
1169.000,1.20050269E+3,
1170.00,1.23250171E+3,
1171.000,1.18198633E+3,
1172.000,1.14501453E+3,
1173.000,1.13645898E+3,
1174.000,1.15688086E+3,
1175.000,1.13377576E+3,
1176.000,1.09170789E+3,
1177.000,1.06939014E+3,
1178.000,1.06302209E+3,
1179.000,1.08895447E+3,
1180.00,1.03656714E+3,
1181.000,1.05765051E+3,
1182.000,1.02207623E+3,
1183.000,1.03606018E+3,
1184.000,1.00096869E+3,
1185.000,9.67337036E+2,
1186.000,9.51110352E+2,
1187.000,9.69551270E+2,
1188.000,9.26598389E+2,
1189.000,9.22892944E+2,
1190.00,9.13022400E+2,
1191.000,9.14687439E+2,
1192.000,8.99703796E+2,
1193.000,8.78511536E+2,
1194.000,8.79426575E+2,
1195.000,8.62736450E+2,
1196.000,8.42314697E+2,
1197.000,8.53109924E+2,
1198.000,8.28979736E+2,
1199.000,8.24990723E+2,
1200.00,8.16108948E+2,
1201.000,8.12373962E+2,
1202.000,8.36353394E+2,
1203.000,7.73431030E+2,
1204.000,7.90089111E+2,
1205.000,7.57492859E+2,
1206.000,7.45559570E+2,
1207.000,7.45692139E+2,
1208.000,7.26119446E+2,
1209.000,7.07693604E+2,
1210.00,7.10830750E+2,
1211.000,7.22288879E+2,
1212.000,7.03418335E+2,
1213.000,6.84937927E+2,
1214.000,6.63257507E+2,
1215.000,7.10082764E+2,
1216.000,6.83651611E+2,
1217.000,6.39787903E+2,
1218.000,6.50530701E+2,
1219.000,6.16693787E+2,
1220.00,6.83690918E+2,
1221.000,6.56084045E+2,
1222.000,6.42201233E+2,
1223.000,6.28442017E+2,
1224.000,5.90623169E+2,
1225.000,6.21912292E+2,
1226.000,6.20953186E+2,
1227.000,5.88579468E+2,
1228.000,5.84423584E+2,
1229.000,6.02221252E+2,
1230.00,5.71614502E+2,
1231.000,5.84739441E+2,
1232.000,5.73283020E+2,
1233.000,5.70374756E+2,
1234.000,5.67063782E+2,
1235.000,5.73016785E+2,
1236.000,5.44834473E+2,
1237.000,5.52457336E+2,
1238.000,5.17082886E+2,
1239.000,5.34622620E+2,
1240.00,5.35177307E+2,
1241.000,5.56264648E+2,
1242.000,5.50055237E+2,
1243.000,5.35309509E+2,
1244.000,5.11822235E+2,
1245.000,5.28969910E+2,
1246.000,5.05498291E+2,
1247.000,5.53513000E+2,
1248.000,5.21472656E+2,
1249.000,5.13224670E+2,
1250.00,5.06574982E+2,
1251.000,5.07029633E+2,
1252.000,4.73531860E+2,
1253.000,4.82700348E+2,
1254.000,5.20501587E+2,
1255.000,4.60504883E+2,
1256.000,4.73261597E+2,
1257.000,4.36456665E+2,
1258.000,4.64137604E+2,
1259.000,4.36650970E+2,
1260.00,4.23985168E+2,
1261.000,4.53325104E+2,
1262.000,4.50967865E+2,
1263.000,4.62084869E+2,
1264.000,4.25248230E+2,
1265.000,4.33261719E+2,
1266.000,4.52761444E+2,
1267.000,4.61661621E+2,
1268.000,4.19968170E+2,
1269.000,4.37878723E+2,
1270.00,4.09722565E+2,
1271.000,4.19870422E+2,
1272.000,4.41246521E+2,
1273.000,4.41900665E+2,
1274.000,4.57723389E+2,
1275.000,4.32193817E+2,
1276.000,4.16645355E+2,
1277.000,4.04628235E+2,
1278.000,4.48277924E+2,
1279.000,4.32954193E+2,
1280.00,4.41979126E+2,
1281.000,4.19971161E+2,
1282.000,4.37881897E+2,
1283.000,4.09374603E+2,
1284.000,4.38660767E+2,
1285.000,4.27189758E+2,
1286.000,4.65034119E+2,
1287.000,4.40095917E+2,
1288.000,4.33744385E+2,
1289.000,4.41377289E+2,
1290.00,4.35995941E+2,
1291.000,4.26420197E+2,
1292.000,4.19115295E+2,
1293.000,4.31136810E+2,
1294.000,4.31730286E+2,
1295.000,4.33843201E+2,
1296.000,4.20228790E+2,
1297.000,4.17989960E+2,
1298.000,4.52569305E+2,
1299.000,4.36579193E+2,
1300.00,4.44490967E+2,
1301.000,4.58244141E+2,
1302.000,4.35146027E+2,
1303.000,4.48644653E+2,
1304.000,4.27009552E+2,
1305.000,4.58382446E+2,
1306.000,4.28445435E+2,
1307.000,4.27603668E+2,
1308.000,4.68752350E+2,
1309.000,4.55481232E+2,
1310.00,4.56063721E+2,
1311.000,4.66016571E+2,
1312.000,4.72064148E+2,
1313.000,4.62483215E+2,
1314.000,4.55245941E+2,
1315.000,4.59845093E+2,
1316.000,4.73201965E+2,
1317.000,4.92971008E+2,
1318.000,4.88126740E+2,
1319.000,4.44783386E+2,
1320.00,4.89171753E+2,
1321.000,5.14570618E+2,
1322.000,5.04684601E+2,
1323.000,4.68351013E+2,
1324.000,4.68374115E+2,
1325.000,4.95463562E+2,
1326.000,5.28041809E+2,
1327.000,5.32344666E+2,
1328.000,5.08455719E+2,
1329.000,4.75870148E+2,
1330.00,4.96109589E+2,
1331.000,5.13768799E+2,
1332.000,5.13692322E+2,
1333.000,4.99685730E+2,
1334.000,5.52227234E+2,
1335.000,5.26689514E+2,
1336.000,5.36132935E+2,
1337.000,5.24897583E+2,
1338.000,5.22445190E+2,
1339.000,5.60027283E+2,
1340.00,5.72640137E+2,
1341.000,5.32774597E+2,
1342.000,5.49988403E+2,
1343.000,5.41789429E+2,
1344.000,5.70195068E+2,
1345.000,5.75972412E+2,
1346.000,5.58814331E+2,
1347.000,5.78509338E+2,
1348.000,5.84884277E+2,
1349.000,6.05760803E+2,
1350.00,6.17681396E+2,
1351.000,5.93822021E+2,
1352.000,6.12416809E+2,
1353.000,6.26748291E+2,
1354.000,6.00399841E+2,
1355.000,6.15601196E+2,
1356.000,6.19439148E+2,
1357.000,6.64395508E+2,
1358.000,6.60727661E+2,
1359.000,6.25519531E+2,
1360.00,6.37495789E+2,
1361.000,6.86966492E+2,
1362.000,6.87738098E+2,
1363.000,7.31577576E+2,
1364.000,6.74061951E+2,
1365.000,6.95308167E+2,
1366.000,6.59027039E+2,
1367.000,6.63591003E+2,
1368.000,6.46365784E+2,
1369.000,6.88175293E+2,
1370.00,6.96396179E+2,
1371.000,6.92736267E+2,
1372.000,7.21962158E+2,
1373.000,7.29175659E+2,
1374.000,7.16212891E+2,
1375.000,7.51441895E+2,
1376.000,7.27124756E+2,
1377.000,7.50729736E+2,
1378.000,7.42067627E+2,
1379.000,7.70552124E+2,
1380.00,7.85549927E+2,
1381.000,8.00604492E+2,
1382.000,8.76567200E+2,
1383.000,8.09351990E+2,
1384.000,8.02086060E+2,
1385.000,7.97620789E+2,
1386.000,7.72350220E+2,
1387.000,7.38060486E+2,
1388.000,8.15133545E+2,
1389.000,7.86766357E+2,
1390.00,7.96810791E+2,
1391.000,7.76812561E+2,
1392.000,8.28861633E+2,
1393.000,8.44093445E+2,
1394.000,7.57783813E+2,
1395.000,8.33395264E+2,
1396.000,8.81956299E+2,
1397.000,8.32255432E+2,
1398.000,7.80223267E+2,
1399.000,8.52057861E+2,
1400.00,9.08312561E+2,
1401.000,8.90577026E+2,
1402.000,8.27315308E+2,
1403.000,8.23516846E+2,
1404.000,8.71086914E+2,
1405.000,9.04586426E+2,
1406.000,8.66765747E+2,
1407.000,8.68021545E+2,
1408.000,8.66170593E+2,
1409.000,8.88270142E+2,
1410.00,9.10741943E+2,
1411.000,9.24585510E+2,
1412.000,8.71830261E+2,
1413.000,8.97996460E+2,
1414.000,9.60842346E+2,
1415.000,9.04372498E+2,
1416.000,8.94753357E+2,
1417.000,8.76861511E+2,
1418.000,9.08696533E+2,
1419.000,9.30979431E+2,
1420.00,9.16216675E+2,
1421.000,9.41928284E+2,
1422.000,9.43440491E+2,
1423.000,9.55122559E+2,
1424.000,9.78569580E+2,
1425.000,1.01026184E+3,
1426.000,9.52225464E+2,
1427.000,9.93311218E+2,
1428.000,1.02156891E+3,
1429.000,9.83818970E+2,
1430.00,9.95825439E+2,
1431.000,9.74566223E+2,
1432.000,1.02390082E+3,
1433.000,1.00257159E+3,
1434.000,1.00845929E+3,
1435.000,9.65921997E+2,
1436.000,1.02137347E+3,
1437.000,1.03744702E+3,
1438.000,9.96247070E+2,
1439.000,1.05899475E+3,
1440.00,1.05829175E+3,
1441.000,1.00852313E+3,
1442.000,1.04982019E+3,
1443.000,1.08190308E+3,
1444.000,1.00901117E+3,
1445.000,1.05339771E+3,
1446.000,1.04935864E+3,
1447.000,1.11771899E+3,
1448.000,1.10636523E+3,
1449.000,1.07502734E+3,
1450.00,1.09973010E+3,
1451.000,1.07335901E+3,
1452.000,1.11484705E+3,
1453.000,1.06096692E+3,
1454.000,1.09267249E+3,
1455.000,1.11647729E+3,
1456.000,1.10515747E+3,
1457.000,1.10615967E+3,
1458.000,1.12999927E+3,
1459.000,1.11899915E+3,
1460.00,1.13150256E+3,
1461.000,1.14050220E+3,
1462.000,1.15259253E+3,
1463.000,1.13682483E+3,
1464.000,1.16541907E+3,
1465.000,1.13222998E+3,
1466.000,1.21232288E+3,
1467.000,1.19889587E+3,
1468.000,1.16190979E+3,
1469.000,1.19134058E+3,
1470.00,1.17387183E+3,
1471.000,1.16816907E+3,
1472.000,1.16695349E+3,
1473.000,1.19507593E+3,
1474.000,1.15850391E+3,
1475.000,1.20892065E+3,
1476.000,1.15686560E+3,
1477.000,1.18946887E+3,
1478.000,1.17004956E+3,
1479.000,1.20475293E+3,
1480.00,1.18773071E+3,
1481.000,1.21922839E+3,
1482.000,1.18037500E+3,
1483.000,1.24038403E+3,
1484.000,1.23521509E+3,
1485.000,1.18772498E+3,
1486.000,1.24254016E+3,
1487.000,1.23344421E+3,
1488.000,1.24492566E+3,
1489.000,1.21808606E+3,
1490.00,1.19707739E+3,
1491.000,1.26583984E+3,
1492.000,1.26100952E+3,
1493.000,1.21277979E+3,
1494.000,1.24844421E+3,
1495.000,1.29703076E+3,
1496.000,1.22108960E+3,
1497.000,1.27510901E+3,
1498.000,1.24909460E+3,
1499.000,1.27119275E+3,
1500.00,1.25884216E+3,
1501.000,1.25169568E+3,
1502.000,1.27258801E+3,
1503.000,1.23727539E+3,
1504.000,1.24413879E+3,
1505.000,1.23585815E+3,
1506.000,1.27037268E+3,
1507.000,1.23731689E+3,
1508.000,1.28604236E+3,
1509.000,1.24361658E+3,
1510.00,1.27199353E+3,
1511.000,1.25534167E+3,
1512.000,1.26657764E+3,
1513.000,1.27179089E+3,
1514.000,1.30548267E+3,
1515.000,1.28334753E+3,
1516.000,1.26255896E+3,
1517.000,1.27083167E+3,
1518.000,1.27838892E+3,
1519.000,1.26813000E+3,
1520.00,1.28519385E+3,
1521.000,1.24935327E+3,
1522.000,1.32016455E+3,
1523.000,1.21897583E+3,
1524.000,1.27191602E+3,
1525.000,1.28851025E+3,
1526.000,1.23805847E+3,
1527.000,1.30474902E+3,
1528.000,1.26948120E+3,
1529.000,1.27761536E+3,
1530.00,1.26753210E+3,
1531.000,1.27031665E+3,
1532.000,1.31318274E+3,
1533.000,1.29369531E+3,
1534.000,1.27854919E+3,
1535.000,1.22965344E+3,
1536.000,1.23707507E+3,
1537.000,1.24450281E+3,
1538.000,1.26544690E+3,
1539.000,1.20896094E+3,
1540.00,1.29876648E+3,
1541.000,1.23784412E+3,
1542.000,1.26423804E+3,
1543.000,1.18417041E+3,
1544.000,1.25414575E+3,
1545.000,1.25731934E+3,
1546.000,1.25444482E+3,
1547.000,1.28900928E+3,
1548.000,1.28401697E+3,
1549.000,1.23783020E+3,
1550.00,1.18159290E+3,
1551.000,1.18209827E+3,
1552.000,1.27463538E+3,
1553.000,1.24218176E+3,
1554.000,1.26257141E+3,
1555.000,1.25791272E+3,
1556.000,1.21627100E+3,
1557.000,1.26108765E+3,
1558.000,1.23837695E+3,
1559.000,1.20791187E+3,
1560.00,1.23952087E+3,
1561.000,1.21530786E+3,
1562.000,1.18058215E+3,
1563.000,1.19748120E+3,
1564.000,1.19270911E+3,
1565.000,1.15607141E+3,
1566.000,1.17702539E+3,
1567.000,1.21478235E+3,
1568.000,1.24205725E+3,
1569.000,1.19846228E+3,
1570.00,1.19763708E+3,
1571.000,1.21193579E+3,
1572.000,1.20196558E+3,
1573.000,1.19055530E+3,
1574.000,1.18427539E+3,
1575.000,1.21124255E+3,
1576.000,1.20809717E+3,
1577.000,1.17361328E+3,
1578.000,1.17385278E+3,
1579.000,1.18766150E+3,
1580.00,1.17878345E+3,
1581.000,1.13403235E+3,
1582.000,1.14427246E+3,
1583.000,1.19224426E+3,
1584.000,1.17766052E+3,
1585.000,1.18345447E+3,
1586.000,1.14705908E+3,
1587.000,1.15200244E+3,
1588.000,1.16277612E+3,
1589.000,1.14180969E+3,
1590.00,1.12330261E+3,
1591.000,1.20606921E+3,
1592.000,1.10997375E+3,
1593.000,1.13532263E+3,
1594.000,1.15429565E+3,
1595.000,1.11417725E+3,
1596.000,1.12294849E+3,
1597.000,1.12239783E+3,
1598.000,1.10653235E+3,
1599.000,1.10994861E+3,
1600.00,1.11166797E+3,
1601.000,1.10899744E+3,
1602.000,1.08614648E+3,
1603.000,1.12507532E+3,
1604.000,1.09222986E+3,
1605.000,1.08650916E+3,
1606.000,1.08181543E+3,
1607.000,1.09329980E+3,
1608.000,1.07191028E+3,
1609.000,1.10597778E+3,
1610.00,1.06033142E+3,
1611.000,1.08239001E+3,
1612.000,9.97539734E+2,
1613.000,1.06917493E+3,
1614.000,1.05781958E+3,
1615.000,1.01829297E+3,
1616.000,1.14216797E+3,
1617.000,1.01336298E+3,
1618.000,1.02704517E+3,
1619.000,9.94136292E+2,
1620.00,1.07399585E+3,
1621.000,1.03358752E+3,
1622.000,1.05568848E+3,
1623.000,1.00597632E+3,
1624.000,1.02610730E+3,
1625.000,9.86198914E+2,
1626.000,1.09860510E+3,
1627.000,9.98350403E+2,
1628.000,1.06027783E+3,
1629.000,1.02097363E+3,
1630.00,1.07298157E+3,
1631.000,1.03135999E+3,
1632.000,1.09968408E+3,
1633.000,1.00067053E+3,
1634.000,1.04027637E+3,
1635.000,1.02746411E+3,
1636.000,1.01734509E+3,
1637.000,9.84617493E+2,
1638.000,9.84552734E+2,
1639.000,1.00897040E+3,
1640.00,9.35974121E+2,
1641.000,1.08488684E+3,
1642.000,1.00113916E+3,
1643.000,9.67632141E+2,
1644.000,1.01309369E+3,
1645.000,1.03827234E+3,
1646.000,1.00847003E+3,
1647.000,7.43618958E+2,
1648.000,1.01590454E+3,
1649.000,1.13892859E+3,
1650.00,1.22964465E+3,
