Labels,rt,
Type,Emission Scan,
Comment,,
Start,600.00,
Stop,1650.00,
Step,1.00,
Fixed/Offset,455.00,
Xaxis,Wavelength,
Yaxis,Counts,
Scan Corr. by File,True,
Corr. by Ref. Det.,True,
Fixed/Offset Corr. by File,False,
Repeats,1,
Dwell Time,0.10,
Lamp,Xenon,
Temp,0.00,
Scan Polariser,None,
Scan Slit,4.9999852,
Fixed/Offset Polariser,None,
Fixed/Offset Slit,4.999990,
Detector,Det2,

600.00,4.28646698E+2,
601.00,5.63721497E+2,
602.00,3.40937439E+2,
603.00,4.22363159E+2,
604.00,3.09499939E+2,
605.00,6.62099792E+2,
606.00,5.56314697E+2,
607.00,4.68989288E+2,
608.00,6.27533081E+2,
609.00,5.19569397E+2,
610.00,5.50372620E+2,
611.00,6.77923828E+2,
612.00,4.14395294E+2,
613.00,5.20372375E+2,
614.00,5.61822449E+2,
615.00,4.94062195E+2,
616.00,4.56002319E+2,
617.00,4.57122833E+2,
618.00,4.05859955E+2,
619.00,4.89561676E+2,
620.00,5.17852844E+2,
621.00,4.36136627E+2,
622.00,5.64135254E+2,
623.00,6.37807983E+2,
624.00,4.99777405E+2,
625.00,4.25881439E+2,
626.00,4.90649567E+2,
627.00,3.99266785E+2,
628.00,5.25678955E+2,
629.00,6.16997986E+2,
630.00,3.99421204E+2,
631.00,4.81877869E+2,
632.00,3.79573975E+2,
633.00,4.89428070E+2,
634.00,3.84921295E+2,
635.00,3.77154266E+2,
636.00,3.83044342E+2,
637.00,4.84010925E+2,
638.00,5.79748169E+2,
639.00,7.62835388E+2,
640.00,5.01523346E+2,
641.00,6.76377930E+2,
642.00,6.07525269E+2,
643.00,6.31163025E+2,
644.00,6.01537903E+2,
645.00,5.75575256E+2,
646.00,6.42320435E+2,
647.00,5.67968567E+2,
648.00,6.65174805E+2,
649.00,6.92690186E+2,
650.00,7.63770691E+2,
651.00,6.74812439E+2,
652.00,7.11208069E+2,
653.00,7.38354126E+2,
654.00,7.66292908E+2,
655.00,8.45539429E+2,
656.00,8.40829346E+2,
657.00,8.64105408E+2,
658.00,9.62372253E+2,
659.00,1.07934888E+3,
660.00,1.06254919E+3,
661.00,1.25572400E+3,
662.00,1.21976086E+3,
663.00,1.13079297E+3,
664.00,1.27084766E+3,
665.00,1.35339734E+3,
666.00,1.47214478E+3,
667.00,1.45252710E+3,
668.00,1.55647314E+3,
669.00,1.73593579E+3,
670.00,1.82358496E+3,
671.00,1.87038940E+3,
672.00,2.08609937E+3,
673.00,2.29526587E+3,
674.00,2.23738013E+3,
675.00,2.34174487E+3,
676.00,2.53337378E+3,
677.00,2.81564014E+3,
678.00,3.00536328E+3,
679.00,3.24034473E+3,
680.00,3.36066626E+3,
681.00,3.43913330E+3,
682.00,3.90742358E+3,
683.00,3.97765552E+3,
684.00,4.26267676E+3,
685.00,4.61228662E+3,
686.00,4.72660498E+3,
687.00,5.11734375E+3,
688.00,5.52772266E+3,
689.00,5.91553125E+3,
690.00,6.25287939E+3,
691.00,6.83233545E+3,
692.00,7.29216699E+3,
693.00,7.90583887E+3,
694.00,8.87476465E+3,
695.00,9.51250684E+3,
696.00,1.01025049E+4,
697.00,1.09524355E+4,
698.00,1.21624043E+4,
699.00,1.23874688E+4,
700.00,1.28184473E+4,
701.00,1.34741035E+4,
702.00,1.42094971E+4,
703.00,1.48601709E+4,
704.00,1.54020576E+4,
705.00,1.60970488E+4,
706.00,1.67796465E+4,
707.00,1.73766152E+4,
708.00,1.81956113E+4,
709.00,1.92414004E+4,
710.00,1.97090332E+4,
711.00,2.03750742E+4,
712.00,2.11276270E+4,
713.00,2.21126660E+4,
714.00,2.30870957E+4,
715.00,2.33773750E+4,
716.00,2.50447324E+4,
717.00,2.57169160E+4,
718.00,2.62675918E+4,
719.00,2.74875957E+4,
720.00,2.87088203E+4,
721.00,2.96557910E+4,
722.00,3.03390488E+4,
723.00,3.12825742E+4,
724.00,3.27698945E+4,
725.00,3.28732188E+4,
726.00,3.39866836E+4,
727.00,3.59058750E+4,
728.00,3.62963750E+4,
729.00,3.75113906E+4,
730.00,3.84169688E+4,
731.00,4.00247930E+4,
732.00,4.13280391E+4,
733.00,4.21751523E+4,
734.00,4.29630547E+4,
735.00,4.38311055E+4,
736.00,4.48813125E+4,
737.00,4.66478477E+4,
738.00,4.70356680E+4,
739.00,4.91007148E+4,
740.00,5.00673125E+4,
741.00,5.11494414E+4,
742.00,5.26263867E+4,
743.00,5.35595742E+4,
744.00,5.47836289E+4,
745.00,5.58502266E+4,
746.00,5.71983242E+4,
747.00,5.88578164E+4,
748.00,6.01891016E+4,
749.00,6.16848320E+4,
750.00,6.25787656E+4,
751.00,6.39094102E+4,
752.00,6.50621719E+4,
753.00,6.61352500E+4,
754.00,6.70316406E+4,
755.00,6.89170469E+4,
756.00,6.99922422E+4,
757.00,7.13490234E+4,
758.00,7.23568516E+4,
759.00,7.33870078E+4,
760.00,7.45131484E+4,
761.00,7.62869063E+4,
762.00,7.72241016E+4,
763.00,7.84293438E+4,
764.00,7.97567266E+4,
765.00,8.06954531E+4,
766.00,8.22329375E+4,
767.00,8.38481250E+4,
768.00,8.38815859E+4,
769.00,8.52131563E+4,
770.00,8.67187500E+4,
771.00,8.76913281E+4,
772.00,8.89430859E+4,
773.00,8.91725234E+4,
774.00,9.01532813E+4,
775.00,9.27677500E+4,
776.00,9.30491328E+4,
777.00,9.39344844E+4,
778.00,9.47232734E+4,
779.00,9.60613359E+4,
780.00,9.78332891E+4,
781.00,9.80853984E+4,
782.00,9.90883672E+4,
783.00,9.98003438E+4,
784.00,1.00856398E+5,
785.00,1.01974266E+5,
786.00,1.02559852E+5,
787.00,1.03402055E+5,
788.00,1.04629805E+5,
789.00,1.05585133E+5,
790.00,1.06863531E+5,
791.00,1.06090969E+5,
792.00,1.07799406E+5,
793.00,1.07559156E+5,
794.00,1.08196891E+5,
795.00,1.09704086E+5,
796.00,1.10960805E+5,
797.00,1.10986555E+5,
798.00,1.11588906E+5,
799.00,1.12385289E+5,
800.00,1.12653961E+5,
801.00,1.13274578E+5,
802.00,1.14859180E+5,
803.00,1.14055320E+5,
804.00,1.15194133E+5,
805.00,1.14795813E+5,
806.00,1.16597883E+5,
807.00,1.16002086E+5,
808.00,1.17296555E+5,
809.00,1.17867891E+5,
810.00,1.18224492E+5,
811.00,1.18153727E+5,
812.00,1.19357781E+5,
813.00,1.19308172E+5,
814.00,1.19385445E+5,
815.00,1.19829539E+5,
816.00,1.18645453E+5,
817.00,1.19737406E+5,
818.00,1.19808273E+5,
819.00,1.19764703E+5,
820.00,1.19900898E+5,
821.00,1.18629820E+5,
822.00,1.20016234E+5,
823.00,1.19576211E+5,
824.00,1.20187133E+5,
825.00,1.19448391E+5,
826.00,1.19669289E+5,
827.00,1.20276508E+5,
828.00,1.20882688E+5,
829.00,1.19786602E+5,
830.00,1.18999836E+5,
831.00,1.19313000E+5,
832.00,1.19770305E+5,
833.00,1.19303633E+5,
834.00,1.18862711E+5,
835.00,1.18991828E+5,
836.00,1.19470656E+5,
837.00,1.18833578E+5,
838.00,1.18198102E+5,
839.00,1.17170367E+5,
840.00,1.17479656E+5,
841.00,1.18009156E+5,
842.00,1.17557313E+5,
843.00,1.16665281E+5,
844.00,1.16453250E+5,
845.00,1.16863531E+5,
846.00,1.15879148E+5,
847.00,1.15336320E+5,
848.00,1.15610281E+5,
849.00,1.15549211E+5,
850.00,1.14808555E+5,
851.00,1.13386375E+5,
852.00,1.14563039E+5,
853.00,1.13628555E+5,
854.00,1.12533898E+5,
855.00,1.11834523E+5,
856.00,1.11615000E+5,
857.00,1.11074727E+5,
858.00,1.10008383E+5,
859.00,1.10034875E+5,
860.00,1.09021117E+5,
861.00,1.08998141E+5,
862.00,1.08957227E+5,
863.00,1.07566000E+5,
864.00,1.06947922E+5,
865.00,1.06394383E+5,
866.00,1.05649492E+5,
867.00,1.05341344E+5,
868.00,1.05016602E+5,
869.00,1.04292609E+5,
870.00,1.03038141E+5,
871.00,1.02526922E+5,
872.00,1.01669430E+5,
873.00,1.01631531E+5,
874.00,1.00974930E+5,
875.00,9.91648125E+4,
876.00,9.73955313E+4,
877.00,9.83120234E+4,
878.00,9.76566875E+4,
879.00,9.61543594E+4,
880.00,9.54853203E+4,
881.00,9.50583906E+4,
882.00,9.41439688E+4,
883.00,9.29727031E+4,
884.00,9.26536953E+4,
885.00,9.23330078E+4,
886.00,9.08814609E+4,
887.00,9.05439063E+4,
888.00,8.94778516E+4,
889.00,8.86154453E+4,
890.00,8.81781016E+4,
891.00,8.74394453E+4,
892.00,8.65918984E+4,
893.00,8.50727500E+4,
894.00,8.46781719E+4,
895.00,8.42602188E+4,
896.00,8.36720938E+4,
897.00,8.29443281E+4,
898.00,8.23379531E+4,
899.00,8.10873594E+4,
900.00,8.01857422E+4,
901.00,7.90013281E+4,
902.00,7.82181016E+4,
903.00,7.79229609E+4,
904.00,7.72409453E+4,
905.00,7.62398281E+4,
906.00,7.56086797E+4,
907.00,7.47991563E+4,
908.00,7.48089922E+4,
909.00,7.37746328E+4,
910.00,7.27766172E+4,
911.00,7.25584375E+4,
912.00,7.15026406E+4,
913.00,7.12681953E+4,
914.00,7.03967344E+4,
915.00,6.94654219E+4,
916.00,6.90831406E+4,
917.00,6.82316016E+4,
918.00,6.74104219E+4,
919.00,6.66179297E+4,
920.00,6.62083906E+4,
921.00,6.47312734E+4,
922.00,6.42467422E+4,
923.00,6.36428789E+4,
924.00,6.27397930E+4,
925.00,6.16050703E+4,
926.00,6.14757148E+4,
927.00,6.06480625E+4,
928.00,5.98658203E+4,
929.00,5.89850352E+4,
930.00,5.82613906E+4,
931.00,5.77146094E+4,
932.00,5.72402109E+4,
933.00,5.70545469E+4,
934.00,5.57747109E+4,
935.00,5.53067969E+4,
936.00,5.45634492E+4,
937.00,5.36928672E+4,
938.00,5.29128203E+4,
939.00,5.26402617E+4,
940.00,5.18190391E+4,
941.00,5.12819102E+4,
942.00,5.08104883E+4,
943.00,5.00921836E+4,
944.00,4.95225898E+4,
945.00,4.87692930E+4,
946.00,4.82733789E+4,
947.00,4.71755391E+4,
948.00,4.67019648E+4,
949.00,4.60262227E+4,
950.00,4.53290586E+4,
951.00,4.48007734E+4,
952.00,4.42677891E+4,
953.00,4.38413555E+4,
954.00,4.33678906E+4,
955.00,4.28233320E+4,
956.00,4.22013789E+4,
957.00,4.16081133E+4,
958.00,4.10242813E+4,
959.00,4.06156563E+4,
960.00,3.98989102E+4,
961.00,3.96477773E+4,
962.00,3.90863164E+4,
963.00,3.86360898E+4,
964.00,3.80108711E+4,
965.00,3.73542813E+4,
966.00,3.67580586E+4,
967.00,3.64571875E+4,
968.00,3.60834375E+4,
969.00,3.56061602E+4,
970.00,3.51607539E+4,
971.00,3.49813477E+4,
972.00,3.44970742E+4,
973.00,3.40560313E+4,
974.00,3.39808867E+4,
975.00,3.31116914E+4,
976.00,3.29550000E+4,
977.00,3.21950332E+4,
978.00,3.19549727E+4,
979.00,3.13136973E+4,
980.00,3.09832344E+4,
981.00,3.09533770E+4,
982.00,3.03765918E+4,
983.00,2.99077148E+4,
984.00,2.95075918E+4,
985.00,2.91524473E+4,
986.00,2.86621426E+4,
987.00,2.82726484E+4,
988.00,2.78544922E+4,
989.00,2.74564492E+4,
990.00,2.71890176E+4,
991.00,2.67869473E+4,
992.00,2.64865391E+4,
993.00,2.59229766E+4,
994.00,2.56909160E+4,
995.00,2.53422344E+4,
996.00,2.48108047E+4,
997.00,2.44767031E+4,
998.00,2.40263535E+4,
999.00,2.39082344E+4,
1000.00,2.33894141E+4,
1001.000,2.29870801E+4,
1002.000,2.27827285E+4,
1003.000,2.22693379E+4,
1004.000,2.20703945E+4,
1005.000,2.15744609E+4,
1006.000,2.13112793E+4,
1007.000,2.09036113E+4,
1008.000,2.07324609E+4,
1009.000,2.04296504E+4,
1010.00,1.99473730E+4,
1011.000,1.97289785E+4,
1012.000,1.93749590E+4,
1013.000,1.92962012E+4,
1014.000,1.88405293E+4,
1015.000,1.86265195E+4,
1016.000,1.85149531E+4,
1017.000,1.80444902E+4,
1018.000,1.78163125E+4,
1019.000,1.74999531E+4,
1020.00,1.73719082E+4,
1021.000,1.70226836E+4,
1022.000,1.68707539E+4,
1023.000,1.65185742E+4,
1024.000,1.62676445E+4,
1025.000,1.60133174E+4,
1026.000,1.58415850E+4,
1027.000,1.56014473E+4,
1028.000,1.53156602E+4,
1029.000,1.51035684E+4,
1030.00,1.47580391E+4,
1031.000,1.45476406E+4,
1032.000,1.42945918E+4,
1033.000,1.42686748E+4,
1034.000,1.39656924E+4,
1035.000,1.38523936E+4,
1036.000,1.35838740E+4,
1037.000,1.33121475E+4,
1038.000,1.30574170E+4,
1039.000,1.29078486E+4,
1040.00,1.26206650E+4,
1041.000,1.25058613E+4,
1042.000,1.22609854E+4,
1043.000,1.22190254E+4,
1044.000,1.20305957E+4,
1045.000,1.17162559E+4,
1046.000,1.15755176E+4,
1047.000,1.14522539E+4,
1048.000,1.12231035E+4,
1049.000,1.11193193E+4,
1050.00,1.09705381E+4,
1051.000,1.06808936E+4,
1052.000,1.05973174E+4,
1053.000,1.03061348E+4,
1054.000,1.02173018E+4,
1055.000,1.00240859E+4,
1056.000,9.94764160E+3,
1057.000,9.81477051E+3,
1058.000,9.57144336E+3,
1059.000,9.45355273E+3,
1060.00,9.34432910E+3,
1061.000,9.18741895E+3,
1062.000,8.97683301E+3,
1063.000,8.79968164E+3,
1064.000,8.67071094E+3,
1065.000,8.60567285E+3,
1066.000,8.43413086E+3,
1067.000,8.35354688E+3,
1068.000,8.20932129E+3,
1069.000,8.03737549E+3,
1070.00,7.92691895E+3,
1071.000,7.81534229E+3,
1072.000,7.65016943E+3,
1073.000,7.52717090E+3,
1074.000,7.48592871E+3,
1075.000,7.21939502E+3,
1076.000,7.18562842E+3,
1077.000,7.04995166E+3,
1078.000,7.00025830E+3,
1079.000,6.84872656E+3,
1080.00,6.77390479E+3,
1081.000,6.70523828E+3,
1082.000,6.51251807E+3,
1083.000,6.41896240E+3,
1084.000,6.35916113E+3,
1085.000,6.18534668E+3,
1086.000,6.20502588E+3,
1087.000,6.02305664E+3,
1088.000,5.96357666E+3,
1089.000,5.82833691E+3,
1090.00,5.75599951E+3,
1091.000,5.67767627E+3,
1092.000,5.63121631E+3,
1093.000,5.53585547E+3,
1094.000,5.39096484E+3,
1095.000,5.33840283E+3,
1096.000,5.22332959E+3,
1097.000,5.11556445E+3,
1098.000,5.04358301E+3,
1099.000,4.99639893E+3,
1100.00,4.84450732E+3,
1101.000,4.83964307E+3,
1102.000,4.77991455E+3,
1103.000,4.68980469E+3,
1104.000,4.58656787E+3,
1105.000,4.54051611E+3,
1106.000,4.48769678E+3,
1107.000,4.44117041E+3,
1108.000,4.28433301E+3,
1109.000,4.19371143E+3,
1110.00,4.17005469E+3,
1111.000,4.14235791E+3,
1112.000,4.03250806E+3,
1113.000,3.99408276E+3,
1114.000,3.96146899E+3,
1115.000,3.85761377E+3,
1116.000,3.77850830E+3,
1117.000,3.74372998E+3,
1118.000,3.70803711E+3,
1119.000,3.59945801E+3,
1120.00,3.55962793E+3,
1121.000,3.53541870E+3,
1122.000,3.49488892E+3,
1123.000,3.44294556E+3,
1124.000,3.38079077E+3,
1125.000,3.29601099E+3,
1126.000,3.27163184E+3,
1127.000,3.16921777E+3,
1128.000,3.15605103E+3,
1129.000,3.06057935E+3,
1130.00,3.00784131E+3,
1131.000,2.96248608E+3,
1132.000,2.91501147E+3,
1133.000,2.92702905E+3,
1134.000,2.90735083E+3,
1135.000,2.81601978E+3,
1136.000,2.82461865E+3,
1137.000,2.69721021E+3,
1138.000,2.63399341E+3,
1139.000,2.60543628E+3,
1140.00,2.63804126E+3,
1141.000,2.53706934E+3,
1142.000,2.52832153E+3,
1143.000,2.48553906E+3,
1144.000,2.44606030E+3,
1145.000,2.39261133E+3,
1146.000,2.36446460E+3,
1147.000,2.32583496E+3,
1148.000,2.25833374E+3,
1149.000,2.26311621E+3,
1150.00,2.20728369E+3,
1151.000,2.18411377E+3,
1152.000,2.17619629E+3,
1153.000,2.09612378E+3,
1154.000,2.09223120E+3,
1155.000,2.05649634E+3,
1156.000,2.01858362E+3,
1157.000,2.00274341E+3,
1158.000,1.95799390E+3,
1159.000,1.92143298E+3,
1160.00,1.90637085E+3,
1161.000,1.91090906E+3,
1162.000,1.86698596E+3,
1163.000,1.80407117E+3,
1164.000,1.75908533E+3,
1165.000,1.77454053E+3,
1166.000,1.74839600E+3,
1167.000,1.70723499E+3,
1168.000,1.65631482E+3,
1169.000,1.65903357E+3,
1170.00,1.66991321E+3,
1171.000,1.63099109E+3,
1172.000,1.59698926E+3,
1173.000,1.53453845E+3,
1174.000,1.55324878E+3,
1175.000,1.49915918E+3,
1176.000,1.51759033E+3,
1177.000,1.47198267E+3,
1178.000,1.46626831E+3,
1179.000,1.44762988E+3,
1180.00,1.38084766E+3,
1181.000,1.40758203E+3,
1182.000,1.37290308E+3,
1183.000,1.33115063E+3,
1184.000,1.33642334E+3,
1185.000,1.31639490E+3,
1186.000,1.28312219E+3,
1187.000,1.30602161E+3,
1188.000,1.24403357E+3,
1189.000,1.22944031E+3,
1190.00,1.23107007E+3,
1191.000,1.19713745E+3,
1192.000,1.17388293E+3,
1193.000,1.17742908E+3,
1194.000,1.19243713E+3,
1195.000,1.16873828E+3,
1196.000,1.11786316E+3,
1197.000,1.07990076E+3,
1198.000,1.08202502E+3,
1199.000,1.05843201E+3,
1200.00,1.09729712E+3,
1201.000,1.04588770E+3,
1202.000,1.02813013E+3,
1203.000,1.03519043E+3,
1204.000,9.78813538E+2,
1205.000,9.86322571E+2,
1206.000,1.00661768E+3,
1207.000,9.85864380E+2,
1208.000,9.61924438E+2,
1209.000,9.37846497E+2,
1210.00,9.35662231E+2,
1211.000,9.08956238E+2,
1212.000,9.12565247E+2,
1213.000,9.33714722E+2,
1214.000,9.06710266E+2,
1215.000,9.00667786E+2,
1216.000,8.32180603E+2,
1217.000,8.57638000E+2,
1218.000,8.56964172E+2,
1219.000,8.73589355E+2,
1220.00,8.50745789E+2,
1221.000,8.22359131E+2,
1222.000,8.40647278E+2,
1223.000,8.13197205E+2,
1224.000,7.93704834E+2,
1225.000,8.01384583E+2,
1226.000,7.60719971E+2,
1227.000,7.66912781E+2,
1228.000,7.68633972E+2,
1229.000,7.60658447E+2,
1230.00,7.44620728E+2,
1231.000,7.37375977E+2,
1232.000,7.76256287E+2,
1233.000,7.47124634E+2,
1234.000,7.38435974E+2,
1235.000,7.14719116E+2,
1236.000,7.14452454E+2,
1237.000,7.22489136E+2,
1238.000,6.98792969E+2,
1239.000,7.24443298E+2,
1240.00,7.09051392E+2,
1241.000,6.82932312E+2,
1242.000,6.91677368E+2,
1243.000,6.78425354E+2,
1244.000,7.08740845E+2,
1245.000,6.55434570E+2,
1246.000,6.82068726E+2,
1247.000,6.62283264E+2,
1248.000,6.68631348E+2,
1249.000,6.85671021E+2,
1250.00,6.80427246E+2,
1251.000,6.78207336E+2,
1252.000,6.54831909E+2,
1253.000,6.65192322E+2,
1254.000,6.26641846E+2,
1255.000,6.26301147E+2,
1256.000,6.58292725E+2,
1257.000,6.54602722E+2,
1258.000,6.08070007E+2,
1259.000,6.09685608E+2,
1260.00,6.11927063E+2,
1261.000,6.17639771E+2,
1262.000,6.19310486E+2,
1263.000,6.51668335E+2,
1264.000,6.17308655E+2,
1265.000,6.72623535E+2,
1266.000,6.02080994E+2,
1267.000,6.24409912E+2,
1268.000,6.39330078E+2,
1269.000,6.13176941E+2,
1270.00,6.08224060E+2,
1271.000,6.27552307E+2,
1272.000,6.38590027E+2,
1273.000,6.52797119E+2,
1274.000,6.39476807E+2,
1275.000,6.37982117E+2,
1276.000,6.07410278E+2,
1277.000,6.45172180E+2,
1278.000,6.31400635E+2,
1279.000,6.31626587E+2,
1280.00,6.57378906E+2,
1281.000,6.81645569E+2,
1282.000,6.68358276E+2,
1283.000,6.44777344E+2,
1284.000,6.76624390E+2,
1285.000,6.54584412E+2,
1286.000,6.90109924E+2,
1287.000,6.91182678E+2,
1288.000,7.32546082E+2,
1289.000,7.07862549E+2,
1290.00,7.12807617E+2,
1291.000,7.40683899E+2,
1292.000,7.24607361E+2,
1293.000,7.58405334E+2,
1294.000,7.24610168E+2,
1295.000,7.33313354E+2,
1296.000,7.43995605E+2,
1297.000,7.60155396E+2,
1298.000,7.68041748E+2,
1299.000,7.71490051E+2,
1300.00,7.86554993E+2,
1301.000,7.68422546E+2,
1302.000,7.90550110E+2,
1303.000,8.13151123E+2,
1304.000,8.40630554E+2,
1305.000,8.41373291E+2,
1306.000,8.67930176E+2,
1307.000,8.72264771E+2,
1308.000,8.77912231E+2,
1309.000,8.77656555E+2,
1310.00,9.10473267E+2,
1311.000,9.09312317E+2,
1312.000,9.46096558E+2,
1313.000,9.67234192E+2,
1314.000,9.37488647E+2,
1315.000,9.25549866E+2,
1316.000,9.68112244E+2,
1317.000,9.53240845E+2,
1318.000,1.01140997E+3,
1319.000,9.79744690E+2,
1320.00,1.03170813E+3,
1321.000,1.02195819E+3,
1322.000,1.04569507E+3,
1323.000,1.09021350E+3,
1324.000,1.09779309E+3,
1325.000,1.10009192E+3,
1326.000,1.12040271E+3,
1327.000,1.11794226E+3,
1328.000,1.12412756E+3,
1329.000,1.17197388E+3,
1330.00,1.19912939E+3,
1331.000,1.20488586E+3,
1332.000,1.26182471E+3,
1333.000,1.21483130E+3,
1334.000,1.20150134E+3,
1335.000,1.25321313E+3,
1336.000,1.28661133E+3,
1337.000,1.31744666E+3,
1338.000,1.29706165E+3,
1339.000,1.36908533E+3,
1340.00,1.36416882E+3,
1341.000,1.35127222E+3,
1342.000,1.43240576E+3,
1343.000,1.37681311E+3,
1344.000,1.42344324E+3,
1345.000,1.44364563E+3,
1346.000,1.46524609E+3,
1347.000,1.52505469E+3,
1348.000,1.57967029E+3,
1349.000,1.55995679E+3,
1350.00,1.56373926E+3,
1351.000,1.59491956E+3,
1352.000,1.62290967E+3,
1353.000,1.61020618E+3,
1354.000,1.71973083E+3,
1355.000,1.74414465E+3,
1356.000,1.76574561E+3,
1357.000,1.79489294E+3,
1358.000,1.79579858E+3,
1359.000,1.82941895E+3,
1360.00,1.85545935E+3,
1361.000,1.90328589E+3,
1362.000,1.97284351E+3,
1363.000,1.95187537E+3,
1364.000,1.92024915E+3,
1365.000,2.03494739E+3,
1366.000,1.99074609E+3,
1367.000,1.99701685E+3,
1368.000,2.06905884E+3,
1369.000,2.07422705E+3,
1370.00,2.04364734E+3,
1371.000,2.11983374E+3,
1372.000,2.17799585E+3,
1373.000,2.16669751E+3,
1374.000,2.13090942E+3,
1375.000,2.23679590E+3,
1376.000,2.26320044E+3,
1377.000,2.28419580E+3,
1378.000,2.29718896E+3,
1379.000,2.37959326E+3,
1380.00,2.40786719E+3,
1381.000,2.49122852E+3,
1382.000,2.59890356E+3,
1383.000,2.56152124E+3,
1384.000,2.51103442E+3,
1385.000,2.39996606E+3,
1386.000,2.42209692E+3,
1387.000,2.50439673E+3,
1388.000,2.57579565E+3,
1389.000,2.60979736E+3,
1390.00,2.56892017E+3,
1391.000,2.52348438E+3,
1392.000,2.68434985E+3,
1393.000,2.76892139E+3,
1394.000,2.67091650E+3,
1395.000,2.81572241E+3,
1396.000,2.96776563E+3,
1397.000,2.82824854E+3,
1398.000,2.70650610E+3,
1399.000,2.77195752E+3,
1400.00,3.00856641E+3,
1401.000,3.05534326E+3,
1402.000,2.99066748E+3,
1403.000,2.83102686E+3,
1404.000,3.01041187E+3,
1405.000,3.12911279E+3,
1406.000,3.17475317E+3,
1407.000,3.11320654E+3,
1408.000,3.18940356E+3,
1409.000,3.17636133E+3,
1410.00,3.28344531E+3,
1411.000,3.21874927E+3,
1412.000,3.18347974E+3,
1413.000,3.26233667E+3,
1414.000,3.40415210E+3,
1415.000,3.41127466E+3,
1416.000,3.34781128E+3,
1417.000,3.35981665E+3,
1418.000,3.46717358E+3,
1419.000,3.48067017E+3,
1420.00,3.54189746E+3,
1421.000,3.50641162E+3,
1422.000,3.53655688E+3,
1423.000,3.57101440E+3,
1424.000,3.66759009E+3,
1425.000,3.68794165E+3,
1426.000,3.63366162E+3,
1427.000,3.69872412E+3,
1428.000,3.73047925E+3,
1429.000,3.79585840E+3,
1430.00,3.80466553E+3,
1431.000,3.84505151E+3,
1432.000,3.85220483E+3,
1433.000,3.91780005E+3,
1434.000,3.94820776E+3,
1435.000,3.93051855E+3,
1436.000,3.95185962E+3,
1437.000,3.97936865E+3,
1438.000,4.02621509E+3,
1439.000,4.00257935E+3,
1440.00,4.15037744E+3,
1441.000,4.14738428E+3,
1442.000,4.13723584E+3,
1443.000,4.20867432E+3,
1444.000,4.16206104E+3,
1445.000,4.23561670E+3,
1446.000,4.25559766E+3,
1447.000,4.34125391E+3,
1448.000,4.30151318E+3,
1449.000,4.31813623E+3,
1450.00,4.44484326E+3,
1451.000,4.49003320E+3,
1452.000,4.49742432E+3,
1453.000,4.49422119E+3,
1454.000,4.54398535E+3,
1455.000,4.59069336E+3,
1456.000,4.51483252E+3,
1457.000,4.55369971E+3,
1458.000,4.49725049E+3,
1459.000,4.61777734E+3,
1460.00,4.58528564E+3,
1461.000,4.72397021E+3,
1462.000,4.62036328E+3,
1463.000,4.69399463E+3,
1464.000,4.74439453E+3,
1465.000,4.65549805E+3,
1466.000,4.80083105E+3,
1467.000,4.85144287E+3,
1468.000,4.85501416E+3,
1469.000,4.87943945E+3,
1470.00,4.87985303E+3,
1471.000,4.84528613E+3,
1472.000,4.97759082E+3,
1473.000,4.89380762E+3,
1474.000,4.89808496E+3,
1475.000,4.99515967E+3,
1476.000,4.93963232E+3,
1477.000,4.94379346E+3,
1478.000,5.05320215E+3,
1479.000,5.06975342E+3,
1480.00,5.09895605E+3,
1481.000,5.16028955E+3,
1482.000,5.12038477E+3,
1483.000,5.11986035E+3,
1484.000,5.00553516E+3,
1485.000,5.17438965E+3,
1486.000,5.20548926E+3,
1487.000,5.20857227E+3,
1488.000,5.20679639E+3,
1489.000,5.09708789E+3,
1490.00,5.21555762E+3,
1491.000,5.30021240E+3,
1492.000,5.20774561E+3,
1493.000,5.25101563E+3,
1494.000,5.31973877E+3,
1495.000,5.27676270E+3,
1496.000,5.22324414E+3,
1497.000,5.33580469E+3,
1498.000,5.28785498E+3,
1499.000,5.34838086E+3,
1500.00,5.28156836E+3,
1501.000,5.39059033E+3,
1502.000,5.32658057E+3,
1503.000,5.38733057E+3,
1504.000,5.39940576E+3,
1505.000,5.37969873E+3,
1506.000,5.43531494E+3,
1507.000,5.35525098E+3,
1508.000,5.46918604E+3,
1509.000,5.49560449E+3,
1510.00,5.38871973E+3,
1511.000,5.43229102E+3,
1512.000,5.52214258E+3,
1513.000,5.44419629E+3,
1514.000,5.44757617E+3,
1515.000,5.49040137E+3,
1516.000,5.51322559E+3,
1517.000,5.47823486E+3,
1518.000,5.39443994E+3,
1519.000,5.53530713E+3,
1520.00,5.49476758E+3,
1521.000,5.53085645E+3,
1522.000,5.46469678E+3,
1523.000,5.46963281E+3,
1524.000,5.58337891E+3,
1525.000,5.47588184E+3,
1526.000,5.46482275E+3,
1527.000,5.46225586E+3,
1528.000,5.55293018E+3,
1529.000,5.48787500E+3,
1530.00,5.50700586E+3,
1531.000,5.53549512E+3,
1532.000,5.57191162E+3,
1533.000,5.48668213E+3,
1534.000,5.48324463E+3,
1535.000,5.49209912E+3,
1536.000,5.47899219E+3,
1537.000,5.54068018E+3,
1538.000,5.44507764E+3,
1539.000,5.39952295E+3,
1540.00,5.49325293E+3,
1541.000,5.42459521E+3,
1542.000,5.42217432E+3,
1543.000,5.44108252E+3,
1544.000,5.44270947E+3,
1545.000,5.46410986E+3,
1546.000,5.50045459E+3,
1547.000,5.43179980E+3,
1548.000,5.36757227E+3,
1549.000,5.34447705E+3,
1550.00,5.40839111E+3,
1551.000,5.41491113E+3,
1552.000,5.49085107E+3,
1553.000,5.38757080E+3,
1554.000,5.43730078E+3,
1555.000,5.37611865E+3,
1556.000,5.43303857E+3,
1557.000,5.32297607E+3,
1558.000,5.32388281E+3,
1559.000,5.35185498E+3,
1560.00,5.28096094E+3,
1561.000,5.29797510E+3,
1562.000,5.26004688E+3,
1563.000,5.29655518E+3,
1564.000,5.23141162E+3,
1565.000,5.19060742E+3,
1566.000,5.24814404E+3,
1567.000,5.19781689E+3,
1568.000,5.29017090E+3,
1569.000,5.19716064E+3,
1570.00,5.22363574E+3,
1571.000,5.12416504E+3,
1572.000,5.12426660E+3,
1573.000,5.21618506E+3,
1574.000,5.14772412E+3,
1575.000,5.07556299E+3,
1576.000,5.11384375E+3,
1577.000,5.00588525E+3,
1578.000,5.10848389E+3,
1579.000,4.98256055E+3,
1580.00,5.04099023E+3,
1581.000,4.99236719E+3,
1582.000,4.95797998E+3,
1583.000,5.08408447E+3,
1584.000,4.95744141E+3,
1585.000,4.93838574E+3,
1586.000,4.93470020E+3,
1587.000,4.99299561E+3,
1588.000,4.87400049E+3,
1589.000,4.97615137E+3,
1590.00,4.84172900E+3,
1591.000,4.83548291E+3,
1592.000,4.78485010E+3,
1593.000,4.87352148E+3,
1594.000,4.90020703E+3,
1595.000,4.77229736E+3,
1596.000,4.80177148E+3,
1597.000,4.67247314E+3,
1598.000,4.76418506E+3,
1599.000,4.78124707E+3,
1600.00,4.68388281E+3,
1601.000,4.67328320E+3,
1602.000,4.61675439E+3,
1603.000,4.56968848E+3,
1604.000,4.74511377E+3,
1605.000,4.71295654E+3,
1606.000,4.61377686E+3,
1607.000,4.60524512E+3,
1608.000,4.59592529E+3,
1609.000,4.57081543E+3,
1610.00,4.56560596E+3,
1611.000,4.49803857E+3,
1612.000,4.52184229E+3,
1613.000,4.38161426E+3,
1614.000,4.47730762E+3,
1615.000,4.38790625E+3,
1616.000,4.37506787E+3,
1617.000,4.49891064E+3,
1618.000,4.42608545E+3,
1619.000,4.46916113E+3,
1620.00,4.34419189E+3,
1621.000,4.27868115E+3,
1622.000,4.39941504E+3,
1623.000,4.38323242E+3,
1624.000,4.32224756E+3,
1625.000,4.31616553E+3,
1626.000,4.35519336E+3,
1627.000,4.26018848E+3,
1628.000,4.27863281E+3,
1629.000,4.25803711E+3,
1630.00,4.28229980E+3,
1631.000,4.22502295E+3,
1632.000,4.28554248E+3,
1633.000,4.23200586E+3,
1634.000,4.35194189E+3,
1635.000,4.17915625E+3,
1636.000,4.11566309E+3,
1637.000,4.20887842E+3,
1638.000,4.12242041E+3,
1639.000,4.18985156E+3,
1640.00,4.25962842E+3,
1641.000,4.11828271E+3,
1642.000,4.17720459E+3,
1643.000,4.12288281E+3,
1644.000,4.07579028E+3,
1645.000,4.19469434E+3,
1646.000,3.96847998E+3,
1647.000,3.95618994E+3,
1648.000,3.79998730E+3,
1649.000,4.03387573E+3,
1650.00,3.94437817E+3,
