Labels,225,
Type,Emission Scan,
Comment,,
Start,600.00,
Stop,1200.00,
Step,1.00,
Fixed/Offset,455.00,
Xaxis,Wavelength,
Yaxis,Counts,
Scan Corr. by File,True,
Corr. by Ref. Det.,True,
Fixed/Offset Corr. by File,False,
Repeats,1,
Dwell Time,0.10,
Lamp,Xenon,
Temp,0.00,
Scan Polariser,None,
Scan Slit,3.50,
Fixed/Offset Polariser,None,
Fixed/Offset Slit,3.50,
Detector,Det2,

600.00,-1.84787247E+2,
601.00,1.98784637E+2,
602.00,1.59642059E+2,
603.00,-4.35288200E+1,
604.00,-7.76685143E+0,
605.00,2.81451141E+2,
606.00,-1.15727234E+2,
607.00,-7.42257004E+1,
608.00,2.83904144E+2,
609.00,-1.68989502E+2,
610.00,2.10984772E+2,
611.00,-7.11063862E+0,
612.00,-1.81376053E+2,
613.00,7.93717499E+1,
614.00,-6.45951233E+1,
615.00,7.71606827E+1,
616.00,6.57596159E+0,
617.00,1.46143539E+2,
618.00,-1.54627716E+2,
619.00,1.26893837E+2,
620.00,-6.28232040E+1,
621.00,-2.10637848E+2,
622.00,6.13219023E+0,
623.00,-2.38133865E+2,
624.00,-1.65873825E+2,
625.00,9.94987030E+1,
626.00,1.95792297E+2,
627.00,2.74514008E+2,
628.00,2.02079987E+2,
629.00,8.08198643E+0,
630.00,1.23456215E+2,
631.00,9.08287125E+1,
632.00,3.19983002E+2,
633.00,2.00018951E+2,
634.00,1.88027100E+2,
635.00,2.18245682E+2,
636.00,3.04943634E+2,
637.00,3.56172180E+2,
638.00,2.45114304E+2,
639.00,2.79684052E+2,
640.00,2.64754761E+2,
641.00,2.13966583E+2,
642.00,2.69105438E+2,
643.00,4.73785858E+2,
644.00,2.70252380E+2,
645.00,3.09700500E+2,
646.00,4.95682129E+2,
647.00,3.49202209E+2,
648.00,4.40784515E+2,
649.00,3.78760376E+2,
650.00,5.97136475E+2,
651.00,2.52016708E+2,
652.00,5.39680481E+2,
653.00,6.14301880E+2,
654.00,7.23982544E+2,
655.00,6.13705078E+2,
656.00,7.20672852E+2,
657.00,9.38345642E+2,
658.00,9.18350830E+2,
659.00,9.52881470E+2,
660.00,8.98674011E+2,
661.00,9.80417053E+2,
662.00,8.99961609E+2,
663.00,9.04088806E+2,
664.00,1.28591431E+3,
665.00,1.25977454E+3,
666.00,1.31480237E+3,
667.00,1.28444153E+3,
668.00,1.08475806E+3,
669.00,1.52276563E+3,
670.00,1.56841321E+3,
671.00,1.51803174E+3,
672.00,1.52504028E+3,
673.00,1.76497449E+3,
674.00,1.85356909E+3,
675.00,1.92395483E+3,
676.00,2.08354688E+3,
677.00,1.91609827E+3,
678.00,2.22405615E+3,
679.00,2.45031274E+3,
680.00,2.37416040E+3,
681.00,2.43409692E+3,
682.00,2.94586206E+3,
683.00,2.66583105E+3,
684.00,3.22244946E+3,
685.00,3.27025171E+3,
686.00,3.40341235E+3,
687.00,3.44257593E+3,
688.00,3.70959888E+3,
689.00,3.44226465E+3,
690.00,4.14209863E+3,
691.00,4.39320313E+3,
692.00,4.27440674E+3,
693.00,4.79414795E+3,
694.00,4.58985254E+3,
695.00,4.95854639E+3,
696.00,5.60904053E+3,
697.00,5.83967676E+3,
698.00,5.87050537E+3,
699.00,6.72238184E+3,
700.00,6.44106982E+3,
701.00,6.86678076E+3,
702.00,7.15043945E+3,
703.00,7.34297119E+3,
704.00,7.74850439E+3,
705.00,7.70124121E+3,
706.00,8.41270801E+3,
707.00,7.87216455E+3,
708.00,8.38877539E+3,
709.00,9.22131445E+3,
710.00,9.38530371E+3,
711.00,9.29735840E+3,
712.00,9.44504785E+3,
713.00,1.00859688E+4,
714.00,1.04634248E+4,
715.00,1.07097988E+4,
716.00,1.10995313E+4,
717.00,1.08983418E+4,
718.00,1.17425840E+4,
719.00,1.21912344E+4,
720.00,1.25735527E+4,
721.00,1.26071992E+4,
722.00,1.28350850E+4,
723.00,1.30360469E+4,
724.00,1.36606016E+4,
725.00,1.45037734E+4,
726.00,1.46195068E+4,
727.00,1.45375420E+4,
728.00,1.52512314E+4,
729.00,1.52656533E+4,
730.00,1.57744453E+4,
731.00,1.64138945E+4,
732.00,1.63226631E+4,
733.00,1.71650332E+4,
734.00,1.72272539E+4,
735.00,1.74489355E+4,
736.00,1.77631621E+4,
737.00,1.83522520E+4,
738.00,1.83119707E+4,
739.00,1.88272129E+4,
740.00,1.99751465E+4,
741.00,1.99255918E+4,
742.00,2.01432852E+4,
743.00,2.08787266E+4,
744.00,2.14093828E+4,
745.00,2.20597539E+4,
746.00,2.22415313E+4,
747.00,2.28946934E+4,
748.00,2.32762188E+4,
749.00,2.32332422E+4,
750.00,2.44415742E+4,
751.00,2.40118613E+4,
752.00,2.44921680E+4,
753.00,2.45957734E+4,
754.00,2.57924492E+4,
755.00,2.56688203E+4,
756.00,2.60425684E+4,
757.00,2.64676426E+4,
758.00,2.71084102E+4,
759.00,2.71738730E+4,
760.00,2.83625605E+4,
761.00,2.81085820E+4,
762.00,2.85249668E+4,
763.00,2.86282188E+4,
764.00,2.99135566E+4,
765.00,3.10225098E+4,
766.00,3.10007656E+4,
767.00,3.11257305E+4,
768.00,3.10678945E+4,
769.00,3.19813359E+4,
770.00,3.25112656E+4,
771.00,3.26761777E+4,
772.00,3.35937695E+4,
773.00,3.35905000E+4,
774.00,3.44588828E+4,
775.00,3.49668086E+4,
776.00,3.48699492E+4,
777.00,3.57587148E+4,
778.00,3.63507031E+4,
779.00,3.63140938E+4,
780.00,3.68532695E+4,
781.00,3.73891953E+4,
782.00,3.72310078E+4,
783.00,3.78188867E+4,
784.00,3.83285234E+4,
785.00,3.80559609E+4,
786.00,3.88656328E+4,
787.00,3.94601133E+4,
788.00,3.93604766E+4,
789.00,3.94967344E+4,
790.00,3.97232109E+4,
791.00,4.01669297E+4,
792.00,4.10264063E+4,
793.00,4.12678164E+4,
794.00,4.12233281E+4,
795.00,4.15196094E+4,
796.00,4.13597500E+4,
797.00,4.24777109E+4,
798.00,4.22370391E+4,
799.00,4.27463555E+4,
800.00,4.24065039E+4,
801.00,4.34359141E+4,
802.00,4.30874531E+4,
803.00,4.41000273E+4,
804.00,4.35732383E+4,
805.00,4.36491094E+4,
806.00,4.43962266E+4,
807.00,4.48925508E+4,
808.00,4.41776641E+4,
809.00,4.49113281E+4,
810.00,4.53321758E+4,
811.00,4.54636719E+4,
812.00,4.55950898E+4,
813.00,4.55687969E+4,
814.00,4.53075391E+4,
815.00,4.59786133E+4,
816.00,4.63599961E+4,
817.00,4.61613398E+4,
818.00,4.65088594E+4,
819.00,4.61360898E+4,
820.00,4.61877852E+4,
821.00,4.64915859E+4,
822.00,4.67670000E+4,
823.00,4.64586406E+4,
824.00,4.64721328E+4,
825.00,4.64668203E+4,
826.00,4.61448594E+4,
827.00,4.58499570E+4,
828.00,4.64526914E+4,
829.00,4.61259180E+4,
830.00,4.67110586E+4,
831.00,4.65965664E+4,
832.00,4.61434297E+4,
833.00,4.71356602E+4,
834.00,4.61813203E+4,
835.00,4.69772344E+4,
836.00,4.62778242E+4,
837.00,4.63467383E+4,
838.00,4.60348906E+4,
839.00,4.60102656E+4,
840.00,4.64434375E+4,
841.00,4.65311172E+4,
842.00,4.59395039E+4,
843.00,4.64246094E+4,
844.00,4.53994570E+4,
845.00,4.56185117E+4,
846.00,4.50967422E+4,
847.00,4.52984063E+4,
848.00,4.49520938E+4,
849.00,4.47805117E+4,
850.00,4.48033906E+4,
851.00,4.42435000E+4,
852.00,4.48127969E+4,
853.00,4.45000898E+4,
854.00,4.40265117E+4,
855.00,4.44188477E+4,
856.00,4.38428242E+4,
857.00,4.38098281E+4,
858.00,4.36039141E+4,
859.00,4.34190664E+4,
860.00,4.26708281E+4,
861.00,4.26665703E+4,
862.00,4.27178164E+4,
863.00,4.28891211E+4,
864.00,4.22112070E+4,
865.00,4.19266680E+4,
866.00,4.18680469E+4,
867.00,4.17308438E+4,
868.00,4.12036953E+4,
869.00,4.08722109E+4,
870.00,4.10956523E+4,
871.00,4.04318398E+4,
872.00,4.00852227E+4,
873.00,4.00175469E+4,
874.00,4.00129766E+4,
875.00,4.00207227E+4,
876.00,3.90724922E+4,
877.00,3.93515547E+4,
878.00,3.89876133E+4,
879.00,3.82654609E+4,
880.00,3.83825625E+4,
881.00,3.74495273E+4,
882.00,3.75420352E+4,
883.00,3.75683906E+4,
884.00,3.69589297E+4,
885.00,3.72090586E+4,
886.00,3.69180781E+4,
887.00,3.59341719E+4,
888.00,3.60744648E+4,
889.00,3.58616211E+4,
890.00,3.53509766E+4,
891.00,3.52984883E+4,
892.00,3.53216328E+4,
893.00,3.42735898E+4,
894.00,3.44049336E+4,
895.00,3.43598789E+4,
896.00,3.38066875E+4,
897.00,3.39861289E+4,
898.00,3.34177578E+4,
899.00,3.34333516E+4,
900.00,3.26086309E+4,
901.00,3.24250117E+4,
902.00,3.22814043E+4,
903.00,3.20466738E+4,
904.00,3.20116641E+4,
905.00,3.14752617E+4,
906.00,3.10699668E+4,
907.00,3.09128809E+4,
908.00,3.03314629E+4,
909.00,3.03083809E+4,
910.00,3.03339629E+4,
911.00,2.99671953E+4,
912.00,2.92802930E+4,
913.00,2.95354414E+4,
914.00,2.94298613E+4,
915.00,2.88262676E+4,
916.00,2.86538594E+4,
917.00,2.82968809E+4,
918.00,2.83963203E+4,
919.00,2.77003457E+4,
920.00,2.77677559E+4,
921.00,2.74572988E+4,
922.00,2.69146836E+4,
923.00,2.64117734E+4,
924.00,2.66430781E+4,
925.00,2.60815762E+4,
926.00,2.60579902E+4,
927.00,2.57368984E+4,
928.00,2.54420449E+4,
929.00,2.51759512E+4,
930.00,2.47998086E+4,
931.00,2.44331133E+4,
932.00,2.47067305E+4,
933.00,2.42380703E+4,
934.00,2.40113594E+4,
935.00,2.37039668E+4,
936.00,2.34178418E+4,
937.00,2.32395859E+4,
938.00,2.28582949E+4,
939.00,2.26907207E+4,
940.00,2.21808457E+4,
941.00,2.20303223E+4,
942.00,2.22191250E+4,
943.00,2.18361113E+4,
944.00,2.16651992E+4,
945.00,2.12083906E+4,
946.00,2.08707852E+4,
947.00,2.08251309E+4,
948.00,2.06982324E+4,
949.00,2.06162617E+4,
950.00,2.01861445E+4,
951.00,1.98475488E+4,
952.00,1.96033652E+4,
953.00,1.95380703E+4,
954.00,1.92506055E+4,
955.00,1.89152441E+4,
956.00,1.87910156E+4,
957.00,1.85440938E+4,
958.00,1.83551445E+4,
959.00,1.81713301E+4,
960.00,1.78573184E+4,
961.00,1.78565977E+4,
962.00,1.75687324E+4,
963.00,1.73860078E+4,
964.00,1.73126172E+4,
965.00,1.69924727E+4,
966.00,1.68943984E+4,
967.00,1.66668691E+4,
968.00,1.65568789E+4,
969.00,1.62285225E+4,
970.00,1.62937578E+4,
971.00,1.58913711E+4,
972.00,1.59141055E+4,
973.00,1.57717393E+4,
974.00,1.56825029E+4,
975.00,1.53832813E+4,
976.00,1.51327334E+4,
977.00,1.51515313E+4,
978.00,1.48937061E+4,
979.00,1.45892480E+4,
980.00,1.45044395E+4,
981.00,1.43364932E+4,
982.00,1.41418730E+4,
983.00,1.38740342E+4,
984.00,1.39765781E+4,
985.00,1.35067178E+4,
986.00,1.33612451E+4,
987.00,1.33506201E+4,
988.00,1.31710820E+4,
989.00,1.28930527E+4,
990.00,1.28327090E+4,
991.00,1.26803730E+4,
992.00,1.25409258E+4,
993.00,1.23988027E+4,
994.00,1.21956543E+4,
995.00,1.21454424E+4,
996.00,1.19255000E+4,
997.00,1.17923652E+4,
998.00,1.16379980E+4,
999.00,1.14336787E+4,
1000.00,1.13839014E+4,
1001.000,1.11769199E+4,
1002.000,1.09328838E+4,
1003.000,1.08624463E+4,
1004.000,1.08006230E+4,
1005.000,1.05603535E+4,
1006.000,1.04018164E+4,
1007.000,1.03563457E+4,
1008.000,1.02029443E+4,
1009.000,9.97777344E+3,
1010.00,9.86515918E+3,
1011.000,9.82868945E+3,
1012.000,9.72034668E+3,
1013.000,9.51592383E+3,
1014.000,9.39097070E+3,
1015.000,9.42248926E+3,
1016.000,9.29011035E+3,
1017.000,9.08740332E+3,
1018.000,9.01431738E+3,
1019.000,8.83107031E+3,
1020.00,8.83362891E+3,
1021.000,8.80179395E+3,
1022.000,8.51593066E+3,
1023.000,8.35938281E+3,
1024.000,8.37615430E+3,
1025.000,8.21703418E+3,
1026.000,8.17266650E+3,
1027.000,8.02027002E+3,
1028.000,7.80474365E+3,
1029.000,7.80861230E+3,
1030.00,7.64055371E+3,
1031.000,7.58874463E+3,
1032.000,7.41784521E+3,
1033.000,7.37451807E+3,
1034.000,7.36072266E+3,
1035.000,7.14652441E+3,
1036.000,7.04795947E+3,
1037.000,7.06920166E+3,
1038.000,6.96080762E+3,
1039.000,6.83412939E+3,
1040.00,6.61707373E+3,
1041.000,6.64034229E+3,
1042.000,6.53330322E+3,
1043.000,6.58603174E+3,
1044.000,6.49230908E+3,
1045.000,6.28790674E+3,
1046.000,6.21739209E+3,
1047.000,6.16550977E+3,
1048.000,6.05673535E+3,
1049.000,5.92317529E+3,
1050.00,5.89014648E+3,
1051.000,5.80370313E+3,
1052.000,5.69580713E+3,
1053.000,5.66749170E+3,
1054.000,5.56335254E+3,
1055.000,5.53219775E+3,
1056.000,5.49188623E+3,
1057.000,5.36501025E+3,
1058.000,5.27334814E+3,
1059.000,5.23556348E+3,
1060.00,5.18044189E+3,
1061.000,5.02590576E+3,
1062.000,5.06991650E+3,
1063.000,4.89892871E+3,
1064.000,4.85165479E+3,
1065.000,4.81842090E+3,
1066.000,4.71351953E+3,
1067.000,4.70174023E+3,
1068.000,4.50975439E+3,
1069.000,4.55748242E+3,
1070.00,4.43881348E+3,
1071.000,4.50421973E+3,
1072.000,4.31873242E+3,
1073.000,4.41807471E+3,
1074.000,4.30737402E+3,
1075.000,4.22388672E+3,
1076.000,4.12119189E+3,
1077.000,4.18209326E+3,
1078.000,4.06627905E+3,
1079.000,4.01640967E+3,
1080.00,3.99637695E+3,
1081.000,3.92565332E+3,
1082.000,3.83145898E+3,
1083.000,3.73637402E+3,
1084.000,3.72851099E+3,
1085.000,3.61362256E+3,
1086.000,3.63438892E+3,
1087.000,3.59990039E+3,
1088.000,3.58261816E+3,
1089.000,3.50813013E+3,
1090.00,3.43456323E+3,
1091.000,3.40805444E+3,
1092.000,3.36618115E+3,
1093.000,3.36918823E+3,
1094.000,3.30828857E+3,
1095.000,3.32272241E+3,
1096.000,3.16179297E+3,
1097.000,3.08935791E+3,
1098.000,3.05520313E+3,
1099.000,3.02317383E+3,
1100.00,2.98779053E+3,
1101.000,3.01417896E+3,
1102.000,2.97611987E+3,
1103.000,2.85270361E+3,
1104.000,2.90474609E+3,
1105.000,2.80563501E+3,
1106.000,2.79951270E+3,
1107.000,2.68392188E+3,
1108.000,2.74569580E+3,
1109.000,2.66284375E+3,
1110.00,2.68981323E+3,
1111.000,2.56793262E+3,
1112.000,2.59777075E+3,
1113.000,2.55008447E+3,
1114.000,2.52286499E+3,
1115.000,2.45486792E+3,
1116.000,2.46396240E+3,
1117.000,2.47415747E+3,
1118.000,2.39724585E+3,
1119.000,2.37569897E+3,
1120.00,2.23871338E+3,
1121.000,2.34778003E+3,
1122.000,2.29106470E+3,
1123.000,2.22259644E+3,
1124.000,2.18721997E+3,
1125.000,2.17958936E+3,
1126.000,2.16019360E+3,
1127.000,2.12182568E+3,
1128.000,2.12211963E+3,
1129.000,2.06446973E+3,
1130.00,2.01949976E+3,
1131.000,1.98711768E+3,
1132.000,1.96824890E+3,
1133.000,1.99079529E+3,
1134.000,1.94453406E+3,
1135.000,1.92184119E+3,
1136.000,1.86819849E+3,
1137.000,1.88842224E+3,
1138.000,1.82644104E+3,
1139.000,1.81258594E+3,
1140.00,1.80433765E+3,
1141.000,1.71592590E+3,
1142.000,1.71151440E+3,
1143.000,1.72709009E+3,
1144.000,1.70134973E+3,
1145.000,1.73962366E+3,
1146.000,1.66771265E+3,
1147.000,1.64968677E+3,
1148.000,1.60125012E+3,
1149.000,1.60109082E+3,
1150.00,1.54937292E+3,
1151.000,1.57481567E+3,
1152.000,1.52475366E+3,
1153.000,1.45760339E+3,
1154.000,1.49662317E+3,
1155.000,1.41887244E+3,
1156.000,1.43562500E+3,
1157.000,1.43080981E+3,
1158.000,1.37007361E+3,
1159.000,1.36676746E+3,
1160.00,1.36492822E+3,
1161.000,1.36614807E+3,
1162.000,1.32925745E+3,
1163.000,1.36339319E+3,
1164.000,1.29693286E+3,
1165.000,1.27325610E+3,
1166.000,1.29651929E+3,
1167.000,1.23073535E+3,
1168.000,1.23576477E+3,
1169.000,1.14663806E+3,
1170.00,1.20787231E+3,
1171.000,1.20871521E+3,
1172.000,1.19403088E+3,
1173.000,1.21245007E+3,
1174.000,1.11833398E+3,
1175.000,1.12502454E+3,
1176.000,1.13557715E+3,
1177.000,1.06654565E+3,
1178.000,1.04647546E+3,
1179.000,1.06579211E+3,
1180.00,1.06348145E+3,
1181.000,1.03492310E+3,
1182.000,1.04119287E+3,
1183.000,1.05981067E+3,
1184.000,9.70415283E+2,
1185.000,1.01171320E+3,
1186.000,9.42682495E+2,
1187.000,1.00498859E+3,
1188.000,9.53690308E+2,
1189.000,9.64742004E+2,
1190.00,8.72867065E+2,
1191.000,9.49065613E+2,
1192.000,9.01624939E+2,
1193.000,9.25857117E+2,
1194.000,8.91390869E+2,
1195.000,8.61690369E+2,
1196.000,9.08235596E+2,
1197.000,8.06964966E+2,
1198.000,8.67302124E+2,
1199.000,8.51572205E+2,
1200.00,8.58965454E+2,
