Labels,75,
Type,Emission Scan,
Comment,,
Start,600.00,
Stop,1300.00,
Step,1.00,
Fixed/Offset,460.00,
Xaxis,Wavelength,
Yaxis,Counts,
Scan Corr. by File,True,
Corr. by Ref. Det.,True,
Fixed/Offset Corr. by File,False,
Repeats,1,
Dwell Time,0.10,
Lamp,Xenon,
Temp,0.00,
Scan Polariser,None,
Scan Slit,3.4999192,
Fixed/Offset Polariser,None,
Fixed/Offset Slit,3.4999833,
Detector,Det2,

600.00,-1.80180923E+2,
601.00,5.25076408E+1,
602.00,2.12683929E+2,
603.00,2.21520157E+2,
604.00,1.91187592E+2,
605.00,8.39966049E+1,
606.00,1.75757996E+2,
607.00,1.22651474E+2,
608.00,1.85124619E+2,
609.00,-3.63525748E+0,
610.00,2.73436249E+2,
611.00,1.42484484E+1,
612.00,2.10690327E+1,
613.00,4.30656677E+2,
614.00,3.75443268E+2,
615.00,1.07092514E+2,
616.00,1.48099777E+2,
617.00,1.46532013E+2,
618.00,6.79199371E+1,
619.00,1.97071747E+2,
620.00,1.50477081E+2,
621.00,2.78908844E+1,
622.00,2.09138535E+2,
623.00,1.14669662E+2,
624.00,7.72518005E+1,
625.00,7.00776062E+1,
626.00,3.01215210E+2,
627.00,3.10763397E+2,
628.00,2.10225677E+2,
629.00,1.78887650E+2,
630.00,2.59432983E+2,
631.00,7.37702408E+1,
632.00,3.25996002E+2,
633.00,2.59371277E+2,
634.00,3.24645508E+2,
635.00,3.23362701E+2,
636.00,1.93940933E+2,
637.00,3.96418732E+2,
638.00,3.43313446E+2,
639.00,4.93643311E+2,
640.00,4.53232697E+2,
641.00,3.88635712E+2,
642.00,4.36189362E+2,
643.00,4.11645538E+2,
644.00,6.25870056E+2,
645.00,5.56773682E+2,
646.00,5.36840332E+2,
647.00,6.26405518E+2,
648.00,8.85550110E+2,
649.00,6.95659485E+2,
650.00,9.50530457E+2,
651.00,9.67554871E+2,
652.00,1.09165503E+3,
653.00,1.11327661E+3,
654.00,1.28568787E+3,
655.00,1.34711523E+3,
656.00,1.48042822E+3,
657.00,1.41909790E+3,
658.00,1.60152979E+3,
659.00,2.01708813E+3,
660.00,1.93121033E+3,
661.00,1.92297803E+3,
662.00,2.21955127E+3,
663.00,2.34988721E+3,
664.00,2.47225342E+3,
665.00,2.65725391E+3,
666.00,2.95201172E+3,
667.00,3.16974048E+3,
668.00,3.18038647E+3,
669.00,3.50187085E+3,
670.00,3.79999536E+3,
671.00,4.15068652E+3,
672.00,4.24324121E+3,
673.00,4.94345410E+3,
674.00,4.97305322E+3,
675.00,5.44209619E+3,
676.00,5.83036572E+3,
677.00,6.25722510E+3,
678.00,6.86780176E+3,
679.00,7.22039648E+3,
680.00,7.51871436E+3,
681.00,8.13213184E+3,
682.00,8.91781836E+3,
683.00,9.34076367E+3,
684.00,1.02239795E+4,
685.00,1.09521553E+4,
686.00,1.15065498E+4,
687.00,1.20896348E+4,
688.00,1.30827061E+4,
689.00,1.37111699E+4,
690.00,1.43270137E+4,
691.00,1.57424219E+4,
692.00,1.69304863E+4,
693.00,1.73122617E+4,
694.00,1.94096152E+4,
695.00,2.04949199E+4,
696.00,2.15394609E+4,
697.00,2.30993633E+4,
698.00,2.45304063E+4,
699.00,2.58172891E+4,
700.00,2.70821816E+4,
701.00,2.77441250E+4,
702.00,2.94023496E+4,
703.00,3.06450527E+4,
704.00,3.21725625E+4,
705.00,3.23232539E+4,
706.00,3.52413867E+4,
707.00,3.62037656E+4,
708.00,3.80570547E+4,
709.00,3.99175820E+4,
710.00,4.11797031E+4,
711.00,4.29347148E+4,
712.00,4.46745586E+4,
713.00,4.67602695E+4,
714.00,4.85970156E+4,
715.00,5.05560039E+4,
716.00,5.26801406E+4,
717.00,5.42106523E+4,
718.00,5.61360703E+4,
719.00,5.86355156E+4,
720.00,6.11022305E+4,
721.00,6.28551328E+4,
722.00,6.40953398E+4,
723.00,6.53122891E+4,
724.00,6.78574141E+4,
725.00,6.96358906E+4,
726.00,7.17381484E+4,
727.00,7.45136484E+4,
728.00,7.65717578E+4,
729.00,7.82068984E+4,
730.00,8.05395469E+4,
731.00,8.33894531E+4,
732.00,8.44494688E+4,
733.00,8.56542031E+4,
734.00,8.93710313E+4,
735.00,9.12788203E+4,
736.00,9.30069219E+4,
737.00,9.42596875E+4,
738.00,9.66552969E+4,
739.00,9.95802969E+4,
740.00,1.01373125E+5,
741.00,1.03807773E+5,
742.00,1.06980203E+5,
743.00,1.08901984E+5,
744.00,1.11126203E+5,
745.00,1.12463258E+5,
746.00,1.13565852E+5,
747.00,1.17951094E+5,
748.00,1.19885820E+5,
749.00,1.20776891E+5,
750.00,1.23750883E+5,
751.00,1.24688109E+5,
752.00,1.28175695E+5,
753.00,1.30335500E+5,
754.00,1.31950953E+5,
755.00,1.33843641E+5,
756.00,1.35591703E+5,
757.00,1.37325250E+5,
758.00,1.39904750E+5,
759.00,1.42569578E+5,
760.00,1.44331828E+5,
761.00,1.45571031E+5,
762.00,1.46991906E+5,
763.00,1.50458578E+5,
764.00,1.50742984E+5,
765.00,1.53453828E+5,
766.00,1.55680750E+5,
767.00,1.57785391E+5,
768.00,1.57974844E+5,
769.00,1.60960281E+5,
770.00,1.63254500E+5,
771.00,1.62667078E+5,
772.00,1.65710844E+5,
773.00,1.67012875E+5,
774.00,1.69907750E+5,
775.00,1.69545547E+5,
776.00,1.72558016E+5,
777.00,1.73917063E+5,
778.00,1.74096438E+5,
779.00,1.75749766E+5,
780.00,1.78116844E+5,
781.00,1.77217844E+5,
782.00,1.79146766E+5,
783.00,1.81102594E+5,
784.00,1.82123094E+5,
785.00,1.84388797E+5,
786.00,1.83889297E+5,
787.00,1.85840047E+5,
788.00,1.85079016E+5,
789.00,1.86624500E+5,
790.00,1.87158828E+5,
791.00,1.88094109E+5,
792.00,1.87963266E+5,
793.00,1.90943609E+5,
794.00,1.89710953E+5,
795.00,1.90825297E+5,
796.00,1.92805828E+5,
797.00,1.93642281E+5,
798.00,1.94521703E+5,
799.00,1.94057688E+5,
800.00,1.95504078E+5,
801.00,1.92026125E+5,
802.00,1.92727750E+5,
803.00,1.94133969E+5,
804.00,1.94551516E+5,
805.00,1.94762000E+5,
806.00,1.94412250E+5,
807.00,1.95684219E+5,
808.00,1.94323688E+5,
809.00,1.96114531E+5,
810.00,1.96572313E+5,
811.00,1.96072125E+5,
812.00,1.96184875E+5,
813.00,1.95777078E+5,
814.00,1.95904906E+5,
815.00,1.96467172E+5,
816.00,1.94586125E+5,
817.00,1.95281016E+5,
818.00,1.94423469E+5,
819.00,1.93702297E+5,
820.00,1.94493844E+5,
821.00,1.93231516E+5,
822.00,1.94345922E+5,
823.00,1.92011500E+5,
824.00,1.91780750E+5,
825.00,1.92829344E+5,
826.00,1.91699594E+5,
827.00,1.90583328E+5,
828.00,1.90239203E+5,
829.00,1.88937875E+5,
830.00,1.89745938E+5,
831.00,1.86804250E+5,
832.00,1.86933156E+5,
833.00,1.85345703E+5,
834.00,1.85509359E+5,
835.00,1.84549750E+5,
836.00,1.84661203E+5,
837.00,1.84274125E+5,
838.00,1.84511609E+5,
839.00,1.82031594E+5,
840.00,1.81922844E+5,
841.00,1.80961828E+5,
842.00,1.80921719E+5,
843.00,1.79129141E+5,
844.00,1.78342625E+5,
845.00,1.77888875E+5,
846.00,1.77446594E+5,
847.00,1.75570969E+5,
848.00,1.73965625E+5,
849.00,1.74753453E+5,
850.00,1.71729656E+5,
851.00,1.71830281E+5,
852.00,1.70904578E+5,
853.00,1.69594375E+5,
854.00,1.69351813E+5,
855.00,1.68137188E+5,
856.00,1.66728188E+5,
857.00,1.65677500E+5,
858.00,1.64516922E+5,
859.00,1.64685219E+5,
860.00,1.62766313E+5,
861.00,1.61821875E+5,
862.00,1.60512297E+5,
863.00,1.58531906E+5,
864.00,1.58460609E+5,
865.00,1.56110641E+5,
866.00,1.55165719E+5,
867.00,1.54641781E+5,
868.00,1.52954813E+5,
869.00,1.51677156E+5,
870.00,1.50520359E+5,
871.00,1.48799609E+5,
872.00,1.47216625E+5,
873.00,1.47560063E+5,
874.00,1.46058703E+5,
875.00,1.45167594E+5,
876.00,1.42716047E+5,
877.00,1.41935578E+5,
878.00,1.40901547E+5,
879.00,1.40406297E+5,
880.00,1.39842125E+5,
881.00,1.38893859E+5,
882.00,1.35973734E+5,
883.00,1.35660891E+5,
884.00,1.34689438E+5,
885.00,1.33417875E+5,
886.00,1.31807094E+5,
887.00,1.31431266E+5,
888.00,1.30143031E+5,
889.00,1.27901414E+5,
890.00,1.27436945E+5,
891.00,1.27059008E+5,
892.00,1.25137180E+5,
893.00,1.23617125E+5,
894.00,1.22316344E+5,
895.00,1.21335461E+5,
896.00,1.20338680E+5,
897.00,1.19640992E+5,
898.00,1.19240563E+5,
899.00,1.17309336E+5,
900.00,1.15811086E+5,
901.00,1.14925273E+5,
902.00,1.13874977E+5,
903.00,1.13172117E+5,
904.00,1.11950977E+5,
905.00,1.10912453E+5,
906.00,1.09710945E+5,
907.00,1.08205188E+5,
908.00,1.07759719E+5,
909.00,1.06442906E+5,
910.00,1.04991211E+5,
911.00,1.04467219E+5,
912.00,1.03275203E+5,
913.00,1.02568398E+5,
914.00,1.00546547E+5,
915.00,9.98176172E+4,
916.00,9.95592969E+4,
917.00,9.81710391E+4,
918.00,9.75086719E+4,
919.00,9.59125859E+4,
920.00,9.47569766E+4,
921.00,9.44825313E+4,
922.00,9.30190703E+4,
923.00,9.18214688E+4,
924.00,9.10004453E+4,
925.00,9.01819219E+4,
926.00,8.85531016E+4,
927.00,8.79536875E+4,
928.00,8.70027734E+4,
929.00,8.63143125E+4,
930.00,8.49487344E+4,
931.00,8.33774531E+4,
932.00,8.34806016E+4,
933.00,8.20615469E+4,
934.00,8.15493594E+4,
935.00,8.06769375E+4,
936.00,7.97809844E+4,
937.00,7.91284766E+4,
938.00,7.77970156E+4,
939.00,7.69811797E+4,
940.00,7.58526406E+4,
941.00,7.50881484E+4,
942.00,7.41205781E+4,
943.00,7.30067188E+4,
944.00,7.26063672E+4,
945.00,7.12161641E+4,
946.00,7.08968906E+4,
947.00,6.98415313E+4,
948.00,6.89499531E+4,
949.00,6.79809766E+4,
950.00,6.73288359E+4,
951.00,6.63385391E+4,
952.00,6.58372266E+4,
953.00,6.51146211E+4,
954.00,6.43811758E+4,
955.00,6.33490781E+4,
956.00,6.19764961E+4,
957.00,6.11268281E+4,
958.00,6.06482891E+4,
959.00,5.98431367E+4,
960.00,5.96123672E+4,
961.00,5.86604609E+4,
962.00,5.78785859E+4,
963.00,5.73914727E+4,
964.00,5.65735547E+4,
965.00,5.60821211E+4,
966.00,5.52692773E+4,
967.00,5.45563320E+4,
968.00,5.39307852E+4,
969.00,5.35306641E+4,
970.00,5.27664180E+4,
971.00,5.24423594E+4,
972.00,5.17138359E+4,
973.00,5.13420938E+4,
974.00,5.05868594E+4,
975.00,4.96602969E+4,
976.00,4.98068867E+4,
977.00,4.90834570E+4,
978.00,4.86996719E+4,
979.00,4.79317461E+4,
980.00,4.70516484E+4,
981.00,4.64596133E+4,
982.00,4.60581484E+4,
983.00,4.55964414E+4,
984.00,4.48914609E+4,
985.00,4.40404648E+4,
986.00,4.37671406E+4,
987.00,4.27416445E+4,
988.00,4.24552031E+4,
989.00,4.19752500E+4,
990.00,4.12648633E+4,
991.00,4.08841172E+4,
992.00,4.02924844E+4,
993.00,3.95953477E+4,
994.00,3.92645703E+4,
995.00,3.87369609E+4,
996.00,3.79887383E+4,
997.00,3.74748516E+4,
998.00,3.70228359E+4,
999.00,3.67630117E+4,
1000.00,3.61254727E+4,
1001.000,3.55545391E+4,
1002.000,3.51990742E+4,
1003.000,3.46574922E+4,
1004.000,3.42263906E+4,
1005.000,3.38625742E+4,
1006.000,3.35180508E+4,
1007.000,3.29825586E+4,
1008.000,3.26603828E+4,
1009.000,3.19296641E+4,
1010.00,3.15622520E+4,
1011.000,3.09346660E+4,
1012.000,3.05686406E+4,
1013.000,3.03164844E+4,
1014.000,2.98688145E+4,
1015.000,2.95194531E+4,
1016.000,2.87047793E+4,
1017.000,2.83947949E+4,
1018.000,2.81470684E+4,
1019.000,2.76664453E+4,
1020.00,2.74088867E+4,
1021.000,2.72669395E+4,
1022.000,2.67261113E+4,
1023.000,2.62223027E+4,
1024.000,2.59226270E+4,
1025.000,2.56928965E+4,
1026.000,2.52960879E+4,
1027.000,2.48814883E+4,
1028.000,2.46639336E+4,
1029.000,2.39848223E+4,
1030.00,2.41362441E+4,
1031.000,2.38082012E+4,
1032.000,2.32912305E+4,
1033.000,2.28973594E+4,
1034.000,2.25861992E+4,
1035.000,2.22738965E+4,
1036.000,2.19841387E+4,
1037.000,2.16464902E+4,
1038.000,2.14036289E+4,
1039.000,2.12612461E+4,
1040.00,2.08771836E+4,
1041.000,2.05047383E+4,
1042.000,2.04218301E+4,
1043.000,1.98720195E+4,
1044.000,1.96687148E+4,
1045.000,1.91879414E+4,
1046.000,1.92941504E+4,
1047.000,1.89028340E+4,
1048.000,1.86094766E+4,
1049.000,1.84749590E+4,
1050.00,1.81225918E+4,
1051.000,1.79666328E+4,
1052.000,1.76375371E+4,
1053.000,1.73611699E+4,
1054.000,1.71301582E+4,
1055.000,1.68389121E+4,
1056.000,1.68455566E+4,
1057.000,1.63694893E+4,
1058.000,1.60794902E+4,
1059.000,1.61053975E+4,
1060.00,1.56355801E+4,
1061.000,1.54363770E+4,
1062.000,1.50932080E+4,
1063.000,1.49943906E+4,
1064.000,1.46377568E+4,
1065.000,1.45472393E+4,
1066.000,1.45386963E+4,
1067.000,1.43409629E+4,
1068.000,1.41471016E+4,
1069.000,1.37430713E+4,
1070.00,1.35950830E+4,
1071.000,1.33821914E+4,
1072.000,1.31725527E+4,
1073.000,1.31501963E+4,
1074.000,1.28582227E+4,
1075.000,1.28082598E+4,
1076.000,1.24310674E+4,
1077.000,1.22702109E+4,
1078.000,1.22423379E+4,
1079.000,1.19861191E+4,
1080.00,1.17248281E+4,
1081.000,1.15345410E+4,
1082.000,1.14095820E+4,
1083.000,1.10706182E+4,
1084.000,1.11020400E+4,
1085.000,1.10295879E+4,
1086.000,1.08839287E+4,
1087.000,1.07690488E+4,
1088.000,1.05738652E+4,
1089.000,1.04207207E+4,
1090.00,1.03094814E+4,
1091.000,1.01218242E+4,
1092.000,1.00464248E+4,
1093.000,9.74752344E+3,
1094.000,9.69091211E+3,
1095.000,9.49084277E+3,
1096.000,9.40854297E+3,
1097.000,9.31214746E+3,
1098.000,9.08759961E+3,
1099.000,9.00421680E+3,
1100.00,8.88829199E+3,
1101.000,8.68087988E+3,
1102.000,8.58510352E+3,
1103.000,8.50770508E+3,
1104.000,8.37247656E+3,
1105.000,8.21309863E+3,
1106.000,8.28092383E+3,
1107.000,8.04620459E+3,
1108.000,7.86405322E+3,
1109.000,7.95418018E+3,
1110.00,7.66893555E+3,
1111.000,7.55902979E+3,
1112.000,7.52791455E+3,
1113.000,7.29162012E+3,
1114.000,7.32689209E+3,
1115.000,7.14465674E+3,
1116.000,7.03993701E+3,
1117.000,7.05654541E+3,
1118.000,6.78856348E+3,
1119.000,6.77598633E+3,
1120.00,6.70675488E+3,
1121.000,6.63168359E+3,
1122.000,6.60582227E+3,
1123.000,6.42821680E+3,
1124.000,6.34637891E+3,
1125.000,6.32200146E+3,
1126.000,6.20410352E+3,
1127.000,6.01843213E+3,
1128.000,5.96306836E+3,
1129.000,5.97782959E+3,
1130.00,5.80676953E+3,
1131.000,5.72071924E+3,
1132.000,5.57057324E+3,
1133.000,5.64732373E+3,
1134.000,5.51225391E+3,
1135.000,5.42625439E+3,
1136.000,5.31114014E+3,
1137.000,5.23566455E+3,
1138.000,5.18995459E+3,
1139.000,5.13375537E+3,
1140.00,4.97098828E+3,
1141.000,5.00653174E+3,
1142.000,4.98604199E+3,
1143.000,4.78996680E+3,
1144.000,4.75678271E+3,
1145.000,4.76439453E+3,
1146.000,4.70158887E+3,
1147.000,4.63845361E+3,
1148.000,4.48692041E+3,
1149.000,4.43710791E+3,
1150.00,4.37880615E+3,
1151.000,4.30326465E+3,
1152.000,4.26994043E+3,
1153.000,4.20529541E+3,
1154.000,4.11132568E+3,
1155.000,4.07873657E+3,
1156.000,3.97560474E+3,
1157.000,3.98068506E+3,
1158.000,3.86543457E+3,
1159.000,3.80044214E+3,
1160.00,3.70387280E+3,
1161.000,3.71089722E+3,
1162.000,3.74738501E+3,
1163.000,3.65580127E+3,
1164.000,3.58968799E+3,
1165.000,3.56924414E+3,
1166.000,3.49466479E+3,
1167.000,3.44243530E+3,
1168.000,3.35575708E+3,
1169.000,3.38499268E+3,
1170.00,3.35699512E+3,
1171.000,3.27593018E+3,
1172.000,3.22305615E+3,
1173.000,3.19267407E+3,
1174.000,3.13760327E+3,
1175.000,3.11948657E+3,
1176.000,3.06168604E+3,
1177.000,3.02114990E+3,
1178.000,2.92793945E+3,
1179.000,2.83774902E+3,
1180.00,2.80587964E+3,
1181.000,2.87022559E+3,
1182.000,2.83503784E+3,
1183.000,2.78364111E+3,
1184.000,2.67366235E+3,
1185.000,2.70834033E+3,
1186.000,2.67571558E+3,
1187.000,2.66978369E+3,
1188.000,2.56058594E+3,
1189.000,2.53761914E+3,
1190.00,2.52304272E+3,
1191.000,2.48716187E+3,
1192.000,2.46493799E+3,
1193.000,2.42264844E+3,
1194.000,2.40379297E+3,
1195.000,2.36186719E+3,
1196.000,2.31741162E+3,
1197.000,2.30302246E+3,
1198.000,2.23280298E+3,
1199.000,2.18688208E+3,
1200.00,2.17316870E+3,
1201.000,2.16055322E+3,
1202.000,2.17161743E+3,
1203.000,2.08743921E+3,
1204.000,2.05869263E+3,
1205.000,1.98023303E+3,
1206.000,2.02474182E+3,
1207.000,2.00328528E+3,
1208.000,1.98283020E+3,
1209.000,1.95184326E+3,
1210.00,1.96282971E+3,
1211.000,1.95184790E+3,
1212.000,1.86994885E+3,
1213.000,1.78520325E+3,
1214.000,1.82020789E+3,
1215.000,1.76937939E+3,
1216.000,1.76183008E+3,
1217.000,1.82733557E+3,
1218.000,1.74074939E+3,
1219.000,1.75150195E+3,
1220.00,1.69835449E+3,
1221.000,1.67144800E+3,
1222.000,1.67725732E+3,
1223.000,1.61959729E+3,
1224.000,1.61632849E+3,
1225.000,1.59239795E+3,
1226.000,1.57531665E+3,
1227.000,1.59787830E+3,
1228.000,1.53906152E+3,
1229.000,1.51275354E+3,
1230.00,1.46989111E+3,
1231.000,1.45599854E+3,
1232.000,1.45939502E+3,
1233.000,1.42997949E+3,
1234.000,1.39331689E+3,
1235.000,1.38647351E+3,
1236.000,1.32902380E+3,
1237.000,1.32320129E+3,
1238.000,1.31094080E+3,
1239.000,1.25889917E+3,
1240.00,1.30207837E+3,
1241.000,1.22867957E+3,
1242.000,1.27674207E+3,
1243.000,1.25990454E+3,
1244.000,1.24521472E+3,
1245.000,1.22976746E+3,
1246.000,1.24159827E+3,
1247.000,1.18795691E+3,
1248.000,1.12473633E+3,
1249.000,1.13012854E+3,
1250.00,1.15405457E+3,
1251.000,1.09945813E+3,
1252.000,1.09140991E+3,
1253.000,1.02814880E+3,
1254.000,1.07271216E+3,
1255.000,9.90676086E+2,
1256.000,9.71918213E+2,
1257.000,9.94973389E+2,
1258.000,9.38369629E+2,
1259.000,9.19260559E+2,
1260.00,9.18999207E+2,
1261.000,9.17368103E+2,
1262.000,9.54709961E+2,
1263.000,9.27265259E+2,
1264.000,9.17896790E+2,
1265.000,9.05993164E+2,
1266.000,9.11334229E+2,
1267.000,8.85857239E+2,
1268.000,8.55376831E+2,
1269.000,7.77757629E+2,
1270.00,8.28711975E+2,
1271.000,8.00794983E+2,
1272.000,7.73755371E+2,
1273.000,7.85958740E+2,
1274.000,7.97761169E+2,
1275.000,7.84469727E+2,
1276.000,7.35000122E+2,
1277.000,7.67243713E+2,
1278.000,7.77247986E+2,
1279.000,7.33419983E+2,
1280.00,6.46923645E+2,
1281.000,6.84168274E+2,
1282.000,6.75413086E+2,
1283.000,7.08276978E+2,
1284.000,6.66026428E+2,
1285.000,6.79606323E+2,
1286.000,6.78820618E+2,
1287.000,6.65689819E+2,
1288.000,6.50118652E+2,
1289.000,6.68168030E+2,
1290.00,6.36127319E+2,
1291.000,6.16032104E+2,
1292.000,6.09275879E+2,
1293.000,6.37429810E+2,
1294.000,5.86465759E+2,
1295.000,5.68293152E+2,
1296.000,5.57411377E+2,
1297.000,6.02440430E+2,
1298.000,5.47300537E+2,
1299.000,5.91458557E+2,
1300.00,5.24086975E+2,
