Labels,0,
Type,Emission Scan,
Comment,,
Start,1100.00,
Stop,1650.00,
Step,1.00,
Fixed/Offset,415.00,
Xaxis,Wavelength,
Yaxis,Counts,
Scan Corr. by File,True,
Corr. by Ref. Det.,True,
Fixed/Offset Corr. by File,False,
Repeats,1,
Dwell Time,0.10,
Lamp,Xenon,
Temp,0.00,
Scan Polariser,None,
Scan Slit,4.9999852,
Fixed/Offset Polariser,None,
Fixed/Offset Slit,4.999990,
Detector,Det2,

1100.00,4.82520523E+1,
1101.000,7.25569153E+1,
1102.000,5.97284470E+1,
1103.000,7.95232086E+1,
1104.000,6.30363579E+1,
1105.000,4.64845695E+1,
1106.000,4.35135193E+1,
1107.000,7.17472458E+1,
1108.000,4.88700142E+1,
1109.000,6.10854836E+1,
1110.00,4.71913872E+1,
1111.000,4.48877373E+1,
1112.000,7.90277023E+1,
1113.000,6.71403580E+1,
1114.000,5.35703888E+1,
1115.000,8.56659470E+1,
1116.000,4.09390259E+1,
1117.000,2.50218163E+1,
1118.000,6.05234947E+1,
1119.000,6.19513969E+1,
1120.00,6.56608734E+1,
1121.000,4.27235832E+1,
1122.000,4.85019302E+1,
1123.000,6.69740372E+1,
1124.000,6.00502205E+1,
1125.000,6.65733490E+1,
1126.000,7.98391418E+1,
1127.000,7.05231476E+1,
1128.000,4.75183182E+1,
1129.000,4.59535179E+1,
1130.00,6.89726639E+1,
1131.000,8.29080811E+1,
1132.000,5.13053436E+1,
1133.000,7.97301483E+1,
1134.000,6.28289185E+1,
1135.000,8.12366333E+1,
1136.000,7.68187790E+1,
1137.000,7.27537460E+1,
1138.000,8.09785461E+1,
1139.000,1.04023033E+2,
1140.00,7.16600647E+1,
1141.000,8.65654221E+1,
1142.000,1.08807549E+2,
1143.000,8.89402771E+1,
1144.000,1.25802185E+2,
1145.000,9.78526764E+1,
1146.000,1.16642418E+2,
1147.000,1.05792091E+2,
1148.000,1.02571083E+2,
1149.000,1.14334290E+2,
1150.00,1.32116455E+2,
1151.000,1.00742897E+2,
1152.000,1.25752525E+2,
1153.000,9.55236969E+1,
1154.000,1.17314514E+2,
1155.000,1.23039963E+2,
1156.000,1.10907402E+2,
1157.000,1.35333527E+2,
1158.000,1.38522034E+2,
1159.000,1.59335022E+2,
1160.00,1.27257729E+2,
1161.000,1.31672409E+2,
1162.000,1.35715347E+2,
1163.000,1.56473404E+2,
1164.000,1.81507950E+2,
1165.000,1.76102646E+2,
1166.000,1.51100327E+2,
1167.000,1.71991913E+2,
1168.000,1.82264923E+2,
1169.000,1.54059586E+2,
1170.00,1.74981293E+2,
1171.000,1.85661499E+2,
1172.000,2.07583054E+2,
1173.000,1.97615097E+2,
1174.000,1.80521179E+2,
1175.000,2.14512543E+2,
1176.000,2.08744537E+2,
1177.000,2.25118835E+2,
1178.000,2.23614212E+2,
1179.000,2.02245300E+2,
1180.00,2.42376114E+2,
1181.000,2.35218674E+2,
1182.000,2.46543518E+2,
1183.000,2.64713898E+2,
1184.000,2.65652313E+2,
1185.000,2.58074493E+2,
1186.000,2.67900330E+2,
1187.000,2.40696106E+2,
1188.000,2.68258972E+2,
1189.000,2.54205948E+2,
1190.00,2.95382233E+2,
1191.000,2.75626404E+2,
1192.000,2.79228851E+2,
1193.000,2.86972778E+2,
1194.000,2.89128082E+2,
1195.000,3.43265656E+2,
1196.000,3.17398987E+2,
1197.000,3.47975647E+2,
1198.000,3.51919952E+2,
1199.000,3.58220734E+2,
1200.00,3.42261505E+2,
1201.000,3.53971191E+2,
1202.000,3.80893707E+2,
1203.000,3.89391541E+2,
1204.000,3.62063690E+2,
1205.000,3.77301819E+2,
1206.000,3.95367889E+2,
1207.000,4.28582123E+2,
1208.000,4.14967255E+2,
1209.000,4.12911346E+2,
1210.00,4.15289154E+2,
1211.000,4.36566345E+2,
1212.000,4.22796997E+2,
1213.000,4.34244232E+2,
1214.000,4.09885529E+2,
1215.000,4.66804901E+2,
1216.000,4.74560181E+2,
1217.000,5.09843414E+2,
1218.000,5.16401306E+2,
1219.000,5.45554443E+2,
1220.00,5.33242737E+2,
1221.000,5.32819458E+2,
1222.000,5.82773071E+2,
1223.000,5.64938843E+2,
1224.000,5.56742065E+2,
1225.000,5.89941833E+2,
1226.000,5.74931763E+2,
1227.000,5.97762634E+2,
1228.000,6.03960327E+2,
1229.000,6.02961243E+2,
1230.00,6.34255127E+2,
1231.000,6.47064697E+2,
1232.000,6.81691406E+2,
1233.000,6.78779602E+2,
1234.000,6.43344666E+2,
1235.000,6.91117798E+2,
1236.000,7.10469360E+2,
1237.000,7.26063416E+2,
1238.000,7.15130249E+2,
1239.000,7.63469360E+2,
1240.00,7.42564331E+2,
1241.000,7.42960876E+2,
1242.000,7.90979675E+2,
1243.000,7.82468018E+2,
1244.000,8.22346741E+2,
1245.000,8.05720886E+2,
1246.000,8.38851318E+2,
1247.000,8.64992065E+2,
1248.000,8.83825439E+2,
1249.000,8.96095886E+2,
1250.00,9.02348206E+2,
1251.000,9.42156677E+2,
1252.000,9.80807312E+2,
1253.000,9.52344910E+2,
1254.000,9.62365173E+2,
1255.000,1.01646082E+3,
1256.000,1.01838391E+3,
1257.000,1.01944446E+3,
1258.000,1.05022754E+3,
1259.000,1.07782007E+3,
1260.00,1.09684668E+3,
1261.000,1.07345361E+3,
1262.000,1.10410950E+3,
1263.000,1.16262646E+3,
1264.000,1.18452039E+3,
1265.000,1.18700745E+3,
1266.000,1.23460217E+3,
1267.000,1.25623547E+3,
1268.000,1.27297900E+3,
1269.000,1.31446973E+3,
1270.00,1.31796375E+3,
1271.000,1.35369238E+3,
1272.000,1.37875317E+3,
1273.000,1.40496216E+3,
1274.000,1.39534448E+3,
1275.000,1.42620056E+3,
1276.000,1.48897363E+3,
1277.000,1.51314075E+3,
1278.000,1.55805737E+3,
1279.000,1.59456665E+3,
1280.00,1.64787720E+3,
1281.000,1.65739270E+3,
1282.000,1.69216101E+3,
1283.000,1.69808459E+3,
1284.000,1.79499377E+3,
1285.000,1.81193274E+3,
1286.000,1.86140747E+3,
1287.000,1.81822473E+3,
1288.000,1.91196985E+3,
1289.000,1.94221155E+3,
1290.00,1.97877661E+3,
1291.000,2.00803528E+3,
1292.000,2.07315015E+3,
1293.000,2.16529590E+3,
1294.000,2.16605420E+3,
1295.000,2.16890479E+3,
1296.000,2.21312476E+3,
1297.000,2.21332178E+3,
1298.000,2.31284912E+3,
1299.000,2.44246875E+3,
1300.00,2.48765039E+3,
1301.000,2.46041357E+3,
1302.000,2.50574390E+3,
1303.000,2.56678223E+3,
1304.000,2.66331763E+3,
1305.000,2.72320435E+3,
1306.000,2.74839282E+3,
1307.000,2.81571338E+3,
1308.000,2.85159521E+3,
1309.000,2.96494189E+3,
1310.00,3.01590771E+3,
1311.000,2.95422119E+3,
1312.000,3.10094507E+3,
1313.000,3.23215845E+3,
1314.000,3.33426636E+3,
1315.000,3.26225513E+3,
1316.000,3.36012524E+3,
1317.000,3.42306689E+3,
1318.000,3.47842285E+3,
1319.000,3.58325757E+3,
1320.00,3.64995435E+3,
1321.000,3.75270679E+3,
1322.000,3.81596704E+3,
1323.000,3.85087158E+3,
1324.000,3.95200537E+3,
1325.000,4.00462891E+3,
1326.000,4.08935156E+3,
1327.000,4.21002783E+3,
1328.000,4.19547754E+3,
1329.000,4.29619971E+3,
1330.00,4.39430908E+3,
1331.000,4.48766797E+3,
1332.000,4.58415088E+3,
1333.000,4.62542432E+3,
1334.000,4.79655615E+3,
1335.000,4.81450586E+3,
1336.000,4.92662402E+3,
1337.000,5.03157520E+3,
1338.000,5.09300781E+3,
1339.000,5.21284717E+3,
1340.00,5.26913086E+3,
1341.000,5.33996973E+3,
1342.000,5.48768359E+3,
1343.000,5.56706299E+3,
1344.000,5.67295117E+3,
1345.000,5.73202539E+3,
1346.000,5.82134668E+3,
1347.000,5.99786621E+3,
1348.000,6.07581592E+3,
1349.000,6.20921143E+3,
1350.00,6.16518164E+3,
1351.000,6.48191406E+3,
1352.000,6.56454980E+3,
1353.000,6.65843262E+3,
1354.000,6.78031201E+3,
1355.000,6.99460059E+3,
1356.000,7.14647803E+3,
1357.000,7.06379932E+3,
1358.000,7.12961523E+3,
1359.000,7.29176318E+3,
1360.00,7.49860889E+3,
1361.000,7.80414697E+3,
1362.000,8.06385400E+3,
1363.000,7.91306641E+3,
1364.000,7.92249121E+3,
1365.000,8.14307373E+3,
1366.000,8.05666895E+3,
1367.000,8.19729102E+3,
1368.000,8.40266309E+3,
1369.000,8.62415137E+3,
1370.00,8.70942676E+3,
1371.000,8.83276660E+3,
1372.000,9.03161914E+3,
1373.000,8.89534766E+3,
1374.000,8.91597949E+3,
1375.000,9.19872266E+3,
1376.000,9.33584863E+3,
1377.000,9.58074219E+3,
1378.000,9.73424121E+3,
1379.000,9.67469922E+3,
1380.00,1.00723154E+4,
1381.000,1.03477842E+4,
1382.000,1.06873184E+4,
1383.000,1.07874072E+4,
1384.000,1.05548291E+4,
1385.000,1.04470439E+4,
1386.000,1.03512568E+4,
1387.000,1.05619180E+4,
1388.000,1.10143760E+4,
1389.000,1.10903389E+4,
1390.00,1.08999775E+4,
1391.000,1.11073223E+4,
1392.000,1.14621133E+4,
1393.000,1.16050801E+4,
1394.000,1.15684111E+4,
1395.000,1.19292510E+4,
1396.000,1.23901826E+4,
1397.000,1.18782842E+4,
1398.000,1.16476152E+4,
1399.000,1.19312451E+4,
1400.00,1.28957813E+4,
1401.000,1.30694268E+4,
1402.000,1.25323242E+4,
1403.000,1.22590918E+4,
1404.000,1.31114170E+4,
1405.000,1.35340527E+4,
1406.000,1.33091377E+4,
1407.000,1.34505059E+4,
1408.000,1.35569502E+4,
1409.000,1.38413203E+4,
1410.00,1.39636113E+4,
1411.000,1.38558809E+4,
1412.000,1.39921191E+4,
1413.000,1.41768955E+4,
1414.000,1.45575273E+4,
1415.000,1.48315508E+4,
1416.000,1.44987236E+4,
1417.000,1.48448096E+4,
1418.000,1.50834678E+4,
1419.000,1.52968438E+4,
1420.00,1.53753896E+4,
1421.000,1.54143438E+4,
1422.000,1.54128457E+4,
1423.000,1.58378721E+4,
1424.000,1.60501660E+4,
1425.000,1.60294766E+4,
1426.000,1.60742783E+4,
1427.000,1.61703223E+4,
1428.000,1.64151816E+4,
1429.000,1.65179063E+4,
1430.00,1.65438691E+4,
1431.000,1.69991035E+4,
1432.000,1.71230195E+4,
1433.000,1.70883652E+4,
1434.000,1.72012227E+4,
1435.000,1.72533105E+4,
1436.000,1.74243047E+4,
1437.000,1.75925605E+4,
1438.000,1.77742109E+4,
1439.000,1.77421992E+4,
1440.00,1.79551836E+4,
1441.000,1.81607031E+4,
1442.000,1.84366055E+4,
1443.000,1.81712676E+4,
1444.000,1.84580293E+4,
1445.000,1.87634980E+4,
1446.000,1.89782539E+4,
1447.000,1.89636270E+4,
1448.000,1.88202988E+4,
1449.000,1.91002852E+4,
1450.00,1.92168613E+4,
1451.000,1.94785547E+4,
1452.000,1.95872051E+4,
1453.000,1.94688574E+4,
1454.000,1.97800977E+4,
1455.000,1.97875410E+4,
1456.000,1.99414043E+4,
1457.000,1.99181855E+4,
1458.000,2.01924883E+4,
1459.000,2.01291680E+4,
1460.00,2.04881426E+4,
1461.000,2.05802949E+4,
1462.000,2.06043711E+4,
1463.000,2.07683965E+4,
1464.000,2.08426523E+4,
1465.000,2.09552617E+4,
1466.000,2.10821074E+4,
1467.000,2.14926445E+4,
1468.000,2.13063203E+4,
1469.000,2.15025898E+4,
1470.00,2.14547852E+4,
1471.000,2.16751133E+4,
1472.000,2.18589785E+4,
1473.000,2.15794297E+4,
1474.000,2.17485625E+4,
1475.000,2.19069395E+4,
1476.000,2.19608418E+4,
1477.000,2.22038750E+4,
1478.000,2.24636895E+4,
1479.000,2.22546641E+4,
1480.00,2.25221602E+4,
1481.000,2.25103340E+4,
1482.000,2.26190879E+4,
1483.000,2.26579063E+4,
1484.000,2.27058848E+4,
1485.000,2.28980684E+4,
1486.000,2.29514824E+4,
1487.000,2.29436934E+4,
1488.000,2.32059863E+4,
1489.000,2.30481035E+4,
1490.00,2.31789824E+4,
1491.000,2.31567734E+4,
1492.000,2.33499883E+4,
1493.000,2.32807793E+4,
1494.000,2.35477246E+4,
1495.000,2.37142500E+4,
1496.000,2.37210781E+4,
1497.000,2.38086582E+4,
1498.000,2.38166367E+4,
1499.000,2.37566719E+4,
1500.00,2.36344160E+4,
1501.000,2.37960020E+4,
1502.000,2.40211211E+4,
1503.000,2.39936602E+4,
1504.000,2.41905820E+4,
1505.000,2.43196113E+4,
1506.000,2.39283633E+4,
1507.000,2.42646621E+4,
1508.000,2.40981465E+4,
1509.000,2.41346465E+4,
1510.00,2.44631543E+4,
1511.000,2.44250781E+4,
1512.000,2.44325313E+4,
1513.000,2.42497832E+4,
1514.000,2.42711836E+4,
1515.000,2.45468066E+4,
1516.000,2.43573223E+4,
1517.000,2.46787520E+4,
1518.000,2.45834785E+4,
1519.000,2.46781113E+4,
1520.00,2.44326367E+4,
1521.000,2.45237305E+4,
1522.000,2.45925801E+4,
1523.000,2.48066563E+4,
1524.000,2.47673555E+4,
1525.000,2.45307051E+4,
1526.000,2.46312070E+4,
1527.000,2.47372344E+4,
1528.000,2.48090938E+4,
1529.000,2.46394824E+4,
1530.00,2.46310117E+4,
1531.000,2.46429219E+4,
1532.000,2.47151973E+4,
1533.000,2.47083945E+4,
1534.000,2.46389160E+4,
1535.000,2.47623203E+4,
1536.000,2.47341191E+4,
1537.000,2.45801563E+4,
1538.000,2.46334199E+4,
1539.000,2.44971250E+4,
1540.00,2.44846445E+4,
1541.000,2.47509551E+4,
1542.000,2.48100332E+4,
1543.000,2.45283242E+4,
1544.000,2.44220879E+4,
1545.000,2.45331406E+4,
1546.000,2.43448457E+4,
1547.000,2.44385664E+4,
1548.000,2.46255078E+4,
1549.000,2.45340586E+4,
1550.00,2.44281113E+4,
1551.000,2.43029102E+4,
1552.000,2.43112969E+4,
1553.000,2.43225254E+4,
1554.000,2.42730176E+4,
1555.000,2.42246191E+4,
1556.000,2.39477129E+4,
1557.000,2.42170020E+4,
1558.000,2.42017813E+4,
1559.000,2.41518438E+4,
1560.00,2.42179961E+4,
1561.000,2.39863281E+4,
1562.000,2.39942656E+4,
1563.000,2.38238398E+4,
1564.000,2.40666172E+4,
1565.000,2.37396719E+4,
1566.000,2.38360332E+4,
1567.000,2.36646855E+4,
1568.000,2.38247715E+4,
1569.000,2.34118828E+4,
1570.00,2.36460352E+4,
1571.000,2.35826289E+4,
1572.000,2.33920000E+4,
1573.000,2.33191016E+4,
1574.000,2.33273066E+4,
1575.000,2.33309063E+4,
1576.000,2.30914570E+4,
1577.000,2.34760156E+4,
1578.000,2.31552520E+4,
1579.000,2.30365566E+4,
1580.00,2.32274395E+4,
1581.000,2.29882715E+4,
1582.000,2.29322051E+4,
1583.000,2.29783691E+4,
1584.000,2.28227090E+4,
1585.000,2.27082246E+4,
1586.000,2.27322324E+4,
1587.000,2.25617559E+4,
1588.000,2.24753613E+4,
1589.000,2.23630547E+4,
1590.00,2.22841777E+4,
1591.000,2.24818555E+4,
1592.000,2.24652363E+4,
1593.000,2.21900117E+4,
1594.000,2.20894844E+4,
1595.000,2.20715703E+4,
1596.000,2.22401211E+4,
1597.000,2.20499219E+4,
1598.000,2.19530527E+4,
1599.000,2.19795000E+4,
1600.00,2.17182383E+4,
1601.000,2.16654023E+4,
1602.000,2.16360977E+4,
1603.000,2.14711094E+4,
1604.000,2.15086660E+4,
1605.000,2.13301992E+4,
1606.000,2.12776582E+4,
1607.000,2.11025078E+4,
1608.000,2.11579824E+4,
1609.000,2.11297090E+4,
1610.00,2.09749746E+4,
1611.000,2.07918379E+4,
1612.000,2.08305430E+4,
1613.000,2.10225059E+4,
1614.000,2.07461367E+4,
1615.000,2.08142148E+4,
1616.000,2.08092813E+4,
1617.000,2.05741621E+4,
1618.000,2.06237754E+4,
1619.000,2.04786523E+4,
1620.00,2.05028633E+4,
1621.000,2.05511035E+4,
1622.000,2.03722949E+4,
1623.000,2.03569941E+4,
1624.000,2.00188867E+4,
1625.000,2.00755488E+4,
1626.000,2.01051113E+4,
1627.000,1.99654453E+4,
1628.000,2.00710059E+4,
1629.000,2.00401777E+4,
1630.00,2.01049844E+4,
1631.000,1.99480703E+4,
1632.000,1.99976387E+4,
1633.000,2.00350723E+4,
1634.000,2.00901699E+4,
1635.000,2.01923516E+4,
1636.000,1.99589570E+4,
1637.000,1.98574492E+4,
1638.000,1.98559316E+4,
1639.000,1.99078984E+4,
1640.00,1.96269023E+4,
1641.000,1.96246836E+4,
1642.000,2.00790703E+4,
1643.000,1.97086543E+4,
1644.000,2.01129902E+4,
1645.000,1.95991934E+4,
1646.000,1.94398574E+4,
1647.000,1.93231230E+4,
1648.000,1.93965508E+4,
1649.000,1.89364863E+4,
1650.00,1.87812949E+4,
