Labels,0,
Type,Emission Scan,
Comment,,
Start,1100.00,
Stop,1650.00,
Step,1.00,
Fixed/Offset,415.00,
Xaxis,Wavelength,
Yaxis,Counts,
Scan Corr. by File,True,
Corr. by Ref. Det.,True,
Fixed/Offset Corr. by File,False,
Repeats,1,
Dwell Time,0.10,
Lamp,Xenon,
Temp,0.00,
Scan Polariser,None,
Scan Slit,4.9999852,
Fixed/Offset Polariser,None,
Fixed/Offset Slit,4.999990,
Detector,Det2,

1100.00,5.79749947E+1,
1101.000,3.81608734E+1,
1102.000,3.60351181E+1,
1103.000,4.53374901E+1,
1104.000,2.23732624E+1,
1105.000,3.80065193E+1,
1106.000,4.30938683E+1,
1107.000,3.11462173E+1,
1108.000,3.70062027E+1,
1109.000,1.21541395E+1,
1110.00,4.46979370E+1,
1111.000,2.34284973E+1,
1112.000,3.88312531E+1,
1113.000,4.99756317E+1,
1114.000,3.84773827E+1,
1115.000,2.03207512E+1,
1116.000,4.92105179E+1,
1117.000,5.29597969E+1,
1118.000,7.10340424E+1,
1119.000,1.97951584E+1,
1120.00,6.36207123E+1,
1121.000,4.60882988E+1,
1122.000,4.55079384E+1,
1123.000,3.33753624E+1,
1124.000,5.30327988E+1,
1125.000,4.13761139E+1,
1126.000,4.80548820E+1,
1127.000,3.18273907E+1,
1128.000,4.09841347E+1,
1129.000,4.70579224E+1,
1130.00,4.60481415E+1,
1131.000,6.41634064E+1,
1132.000,6.54414291E+1,
1133.000,1.43934431E+1,
1134.000,5.16343880E+1,
1135.000,3.48150444E+1,
1136.000,5.24925041E+1,
1137.000,4.70773277E+1,
1138.000,7.45296173E+1,
1139.000,4.30325928E+1,
1140.00,5.75884323E+1,
1141.000,3.82380905E+1,
1142.000,5.00925255E+1,
1143.000,3.27039604E+1,
1144.000,8.84664383E+1,
1145.000,3.01805191E+1,
1146.000,1.15099495E+2,
1147.000,7.77199097E+1,
1148.000,5.92532654E+1,
1149.000,5.14170761E+1,
1150.00,9.40247269E+1,
1151.000,9.18716125E+1,
1152.000,7.50959549E+1,
1153.000,9.67655640E+1,
1154.000,7.47034683E+1,
1155.000,9.30980377E+1,
1156.000,7.56109695E+1,
1157.000,7.27427521E+1,
1158.000,6.51392899E+1,
1159.000,7.10495071E+1,
1160.00,9.28937531E+1,
1161.000,1.17352684E+2,
1162.000,1.19509087E+2,
1163.000,9.02836761E+1,
1164.000,7.44337234E+1,
1165.000,1.15430458E+2,
1166.000,1.31838654E+2,
1167.000,9.83466415E+1,
1168.000,1.17742981E+2,
1169.000,9.35555420E+1,
1170.00,1.08962646E+2,
1171.000,1.05052971E+2,
1172.000,9.87571259E+1,
1173.000,8.36213608E+1,
1174.000,1.20415726E+2,
1175.000,1.27347298E+2,
1176.000,1.11299423E+2,
1177.000,1.14805771E+2,
1178.000,1.53011627E+2,
1179.000,1.36459839E+2,
1180.00,1.13937546E+2,
1181.000,1.42198654E+2,
1182.000,1.06641983E+2,
1183.000,1.24867889E+2,
1184.000,1.57309036E+2,
1185.000,1.48430115E+2,
1186.000,1.45009186E+2,
1187.000,1.55553802E+2,
1188.000,1.45651016E+2,
1189.000,1.51085693E+2,
1190.00,1.54586105E+2,
1191.000,1.67654587E+2,
1192.000,1.65180206E+2,
1193.000,1.57049179E+2,
1194.000,1.74729568E+2,
1195.000,1.77499420E+2,
1196.000,1.38570160E+2,
1197.000,1.84886154E+2,
1198.000,1.75670715E+2,
1199.000,1.77181595E+2,
1200.00,1.70129776E+2,
1201.000,1.77336395E+2,
1202.000,1.74285431E+2,
1203.000,1.64101334E+2,
1204.000,1.80845016E+2,
1205.000,2.05617035E+2,
1206.000,2.15100571E+2,
1207.000,2.16146606E+2,
1208.000,2.21927322E+2,
1209.000,1.98210495E+2,
1210.00,1.90854004E+2,
1211.000,2.30211044E+2,
1212.000,1.98932236E+2,
1213.000,2.17985352E+2,
1214.000,2.01310242E+2,
1215.000,2.11351517E+2,
1216.000,2.53180435E+2,
1217.000,2.35315567E+2,
1218.000,2.35857391E+2,
1219.000,2.32130325E+2,
1220.00,2.53400085E+2,
1221.000,2.59786682E+2,
1222.000,2.67509125E+2,
1223.000,2.47541321E+2,
1224.000,2.70135223E+2,
1225.000,2.30476837E+2,
1226.000,2.91701447E+2,
1227.000,2.69600372E+2,
1228.000,2.94739838E+2,
1229.000,2.67658752E+2,
1230.00,2.82758972E+2,
1231.000,2.96591309E+2,
1232.000,2.83135864E+2,
1233.000,3.46841400E+2,
1234.000,3.10520935E+2,
1235.000,3.17487640E+2,
1236.000,3.27955872E+2,
1237.000,3.07126190E+2,
1238.000,2.90217712E+2,
1239.000,3.59680206E+2,
1240.00,3.56000702E+2,
1241.000,3.54543182E+2,
1242.000,3.26580170E+2,
1243.000,3.51896881E+2,
1244.000,3.55809082E+2,
1245.000,3.44443756E+2,
1246.000,3.30962921E+2,
1247.000,3.93439209E+2,
1248.000,3.76260773E+2,
1249.000,3.75780548E+2,
1250.00,4.02264069E+2,
1251.000,4.03236633E+2,
1252.000,4.07254150E+2,
1253.000,4.05471222E+2,
1254.000,3.71778168E+2,
1255.000,4.06034393E+2,
1256.000,4.12889252E+2,
1257.000,4.02107056E+2,
1258.000,3.84017609E+2,
1259.000,4.36698639E+2,
1260.00,4.32092743E+2,
1261.000,4.65745270E+2,
1262.000,4.35934570E+2,
1263.000,4.49593262E+2,
1264.000,4.80473480E+2,
1265.000,4.42066620E+2,
1266.000,4.84961090E+2,
1267.000,5.14432800E+2,
1268.000,4.73611023E+2,
1269.000,4.96175323E+2,
1270.00,5.04217621E+2,
1271.000,5.24195374E+2,
1272.000,5.32256897E+2,
1273.000,5.62277161E+2,
1274.000,5.22497375E+2,
1275.000,5.47336609E+2,
1276.000,5.59554321E+2,
1277.000,5.69381104E+2,
1278.000,5.99846802E+2,
1279.000,5.88343079E+2,
1280.00,6.09243896E+2,
1281.000,6.24749573E+2,
1282.000,6.41999512E+2,
1283.000,6.48244324E+2,
1284.000,6.49599915E+2,
1285.000,6.98532166E+2,
1286.000,6.64625854E+2,
1287.000,6.98483398E+2,
1288.000,6.88481384E+2,
1289.000,7.26783325E+2,
1290.00,7.48164307E+2,
1291.000,7.40012268E+2,
1292.000,7.45330933E+2,
1293.000,7.66448608E+2,
1294.000,7.87279907E+2,
1295.000,8.39401550E+2,
1296.000,8.47963928E+2,
1297.000,8.25551392E+2,
1298.000,9.09524963E+2,
1299.000,8.68526123E+2,
1300.00,8.94264709E+2,
1301.000,9.49564941E+2,
1302.000,9.78575928E+2,
1303.000,9.67827332E+2,
1304.000,9.50068787E+2,
1305.000,1.00868976E+3,
1306.000,9.96990845E+2,
1307.000,1.04350403E+3,
1308.000,1.03285974E+3,
1309.000,1.06381860E+3,
1310.00,1.10387427E+3,
1311.000,1.12317212E+3,
1312.000,1.18972705E+3,
1313.000,1.14023499E+3,
1314.000,1.20230310E+3,
1315.000,1.24012378E+3,
1316.000,1.23358423E+3,
1317.000,1.27212170E+3,
1318.000,1.30726831E+3,
1319.000,1.27990637E+3,
1320.00,1.31659827E+3,
1321.000,1.37705005E+3,
1322.000,1.40412793E+3,
1323.000,1.42088489E+3,
1324.000,1.49472632E+3,
1325.000,1.45853784E+3,
1326.000,1.54426404E+3,
1327.000,1.53248938E+3,
1328.000,1.52319250E+3,
1329.000,1.62283667E+3,
1330.00,1.67304346E+3,
1331.000,1.70419043E+3,
1332.000,1.73391992E+3,
1333.000,1.72527026E+3,
1334.000,1.76787671E+3,
1335.000,1.82099573E+3,
1336.000,1.86911169E+3,
1337.000,1.86252026E+3,
1338.000,1.86513196E+3,
1339.000,1.95098828E+3,
1340.00,2.00219409E+3,
1341.000,2.04685376E+3,
1342.000,2.07772119E+3,
1343.000,2.10282886E+3,
1344.000,2.17703662E+3,
1345.000,2.25410083E+3,
1346.000,2.23332715E+3,
1347.000,2.28165723E+3,
1348.000,2.37564258E+3,
1349.000,2.34345410E+3,
1350.00,2.36313892E+3,
1351.000,2.48804443E+3,
1352.000,2.56415063E+3,
1353.000,2.57598853E+3,
1354.000,2.58634204E+3,
1355.000,2.73182739E+3,
1356.000,2.81200610E+3,
1357.000,2.73734790E+3,
1358.000,2.77309229E+3,
1359.000,2.85293066E+3,
1360.00,2.95695435E+3,
1361.000,3.04627393E+3,
1362.000,3.18418140E+3,
1363.000,3.12723267E+3,
1364.000,3.08937891E+3,
1365.000,3.18822241E+3,
1366.000,3.22140454E+3,
1367.000,3.20967041E+3,
1368.000,3.37304272E+3,
1369.000,3.39147437E+3,
1370.00,3.45261597E+3,
1371.000,3.51412061E+3,
1372.000,3.63335327E+3,
1373.000,3.65025244E+3,
1374.000,3.60905078E+3,
1375.000,3.65001392E+3,
1376.000,3.83440234E+3,
1377.000,3.94505054E+3,
1378.000,3.92180664E+3,
1379.000,4.02475464E+3,
1380.00,4.13904004E+3,
1381.000,4.27487744E+3,
1382.000,4.27828418E+3,
1383.000,4.34080762E+3,
1384.000,4.30253467E+3,
1385.000,4.29545215E+3,
1386.000,4.38015576E+3,
1387.000,4.41607666E+3,
1388.000,4.48860449E+3,
1389.000,4.60668848E+3,
1390.00,4.60882031E+3,
1391.000,4.68553516E+3,
1392.000,4.76753174E+3,
1393.000,4.88709082E+3,
1394.000,4.77608643E+3,
1395.000,5.06523828E+3,
1396.000,5.31504541E+3,
1397.000,5.14576416E+3,
1398.000,4.99255176E+3,
1399.000,5.11102148E+3,
1400.00,5.51218701E+3,
1401.000,5.60511035E+3,
1402.000,5.38582324E+3,
1403.000,5.27139063E+3,
1404.000,5.70556055E+3,
1405.000,5.99562695E+3,
1406.000,5.84706152E+3,
1407.000,5.86700293E+3,
1408.000,5.95745654E+3,
1409.000,6.06290137E+3,
1410.00,6.23051221E+3,
1411.000,6.24450635E+3,
1412.000,6.24448145E+3,
1413.000,6.23671240E+3,
1414.000,6.47876611E+3,
1415.000,6.54952393E+3,
1416.000,6.56581055E+3,
1417.000,6.54810059E+3,
1418.000,6.77501904E+3,
1419.000,6.96480957E+3,
1420.00,6.93265723E+3,
1421.000,6.98235303E+3,
1422.000,7.07826514E+3,
1423.000,7.22753809E+3,
1424.000,7.39752588E+3,
1425.000,7.33981055E+3,
1426.000,7.44393896E+3,
1427.000,7.54342773E+3,
1428.000,7.66944043E+3,
1429.000,7.81837744E+3,
1430.00,7.82424609E+3,
1431.000,7.92395850E+3,
1432.000,8.04807324E+3,
1433.000,8.07879346E+3,
1434.000,8.27206055E+3,
1435.000,8.35124219E+3,
1436.000,8.30338184E+3,
1437.000,8.45438379E+3,
1438.000,8.56448828E+3,
1439.000,8.65949121E+3,
1440.00,8.72694727E+3,
1441.000,8.87744238E+3,
1442.000,9.02816406E+3,
1443.000,8.98391406E+3,
1444.000,8.97565723E+3,
1445.000,9.27794141E+3,
1446.000,9.32583398E+3,
1447.000,9.45628809E+3,
1448.000,9.48920313E+3,
1449.000,9.44621582E+3,
1450.00,9.75896191E+3,
1451.000,9.75844922E+3,
1452.000,9.84493457E+3,
1453.000,9.82633203E+3,
1454.000,1.00945293E+4,
1455.000,1.01999922E+4,
1456.000,1.03410840E+4,
1457.000,1.02861699E+4,
1458.000,1.04993105E+4,
1459.000,1.04890293E+4,
1460.00,1.06075527E+4,
1461.000,1.06919131E+4,
1462.000,1.06891504E+4,
1463.000,1.09157500E+4,
1464.000,1.10356641E+4,
1465.000,1.09884922E+4,
1466.000,1.11373291E+4,
1467.000,1.12967744E+4,
1468.000,1.13070713E+4,
1469.000,1.15021348E+4,
1470.00,1.15856807E+4,
1471.000,1.18074033E+4,
1472.000,1.19471484E+4,
1473.000,1.18786973E+4,
1474.000,1.18636777E+4,
1475.000,1.19774746E+4,
1476.000,1.21194570E+4,
1477.000,1.22665596E+4,
1478.000,1.25448340E+4,
1479.000,1.24503643E+4,
1480.00,1.25980840E+4,
1481.000,1.25395498E+4,
1482.000,1.27183115E+4,
1483.000,1.27015615E+4,
1484.000,1.28839795E+4,
1485.000,1.29268359E+4,
1486.000,1.30835791E+4,
1487.000,1.30517334E+4,
1488.000,1.31139854E+4,
1489.000,1.32544570E+4,
1490.00,1.35289482E+4,
1491.000,1.36039863E+4,
1492.000,1.35024658E+4,
1493.000,1.36509453E+4,
1494.000,1.38329521E+4,
1495.000,1.38139355E+4,
1496.000,1.39597832E+4,
1497.000,1.40781836E+4,
1498.000,1.41330957E+4,
1499.000,1.41246895E+4,
1500.00,1.42365840E+4,
1501.000,1.43591709E+4,
1502.000,1.44217148E+4,
1503.000,1.43183135E+4,
1504.000,1.45983652E+4,
1505.000,1.46203359E+4,
1506.000,1.46825020E+4,
1507.000,1.46873369E+4,
1508.000,1.47658037E+4,
1509.000,1.49115430E+4,
1510.00,1.50911465E+4,
1511.000,1.52064648E+4,
1512.000,1.51437373E+4,
1513.000,1.51961572E+4,
1514.000,1.53361592E+4,
1515.000,1.54273262E+4,
1516.000,1.53559512E+4,
1517.000,1.53303779E+4,
1518.000,1.55067217E+4,
1519.000,1.55886328E+4,
1520.00,1.56147119E+4,
1521.000,1.57558555E+4,
1522.000,1.58027715E+4,
1523.000,1.58973242E+4,
1524.000,1.58579941E+4,
1525.000,1.59677969E+4,
1526.000,1.62182363E+4,
1527.000,1.60938799E+4,
1528.000,1.62545469E+4,
1529.000,1.61387656E+4,
1530.00,1.63130479E+4,
1531.000,1.64310234E+4,
1532.000,1.63777158E+4,
1533.000,1.64069023E+4,
1534.000,1.63521035E+4,
1535.000,1.65128418E+4,
1536.000,1.66246836E+4,
1537.000,1.66428301E+4,
1538.000,1.66537207E+4,
1539.000,1.66281680E+4,
1540.00,1.68397129E+4,
1541.000,1.68220605E+4,
1542.000,1.67951621E+4,
1543.000,1.67417305E+4,
1544.000,1.68487578E+4,
1545.000,1.69756309E+4,
1546.000,1.69217305E+4,
1547.000,1.69555684E+4,
1548.000,1.71230820E+4,
1549.000,1.70795605E+4,
1550.00,1.71809668E+4,
1551.000,1.71224043E+4,
1552.000,1.72520723E+4,
1553.000,1.73108691E+4,
1554.000,1.72967188E+4,
1555.000,1.72067695E+4,
1556.000,1.73159785E+4,
1557.000,1.73006660E+4,
1558.000,1.75011289E+4,
1559.000,1.74836797E+4,
1560.00,1.73972109E+4,
1561.000,1.73392344E+4,
1562.000,1.73890352E+4,
1563.000,1.74969082E+4,
1564.000,1.76675273E+4,
1565.000,1.76152520E+4,
1566.000,1.74696914E+4,
1567.000,1.76055840E+4,
1568.000,1.75458262E+4,
1569.000,1.75695000E+4,
1570.00,1.75765176E+4,
1571.000,1.75090586E+4,
1572.000,1.74584492E+4,
1573.000,1.75730391E+4,
1574.000,1.74326934E+4,
1575.000,1.74248984E+4,
1576.000,1.75411797E+4,
1577.000,1.76382813E+4,
1578.000,1.76516328E+4,
1579.000,1.76113945E+4,
1580.00,1.75918730E+4,
1581.000,1.75761953E+4,
1582.000,1.77218164E+4,
1583.000,1.75013281E+4,
1584.000,1.76066055E+4,
1585.000,1.75622617E+4,
1586.000,1.75901992E+4,
1587.000,1.76154355E+4,
1588.000,1.74858320E+4,
1589.000,1.75422793E+4,
1590.00,1.74803281E+4,
1591.000,1.76277715E+4,
1592.000,1.74819844E+4,
1593.000,1.76529375E+4,
1594.000,1.74805469E+4,
1595.000,1.74548184E+4,
1596.000,1.75760801E+4,
1597.000,1.74216973E+4,
1598.000,1.74457754E+4,
1599.000,1.73946074E+4,
1600.00,1.76497500E+4,
1601.000,1.75736504E+4,
1602.000,1.74649668E+4,
1603.000,1.76307832E+4,
1604.000,1.75357910E+4,
1605.000,1.74529121E+4,
1606.000,1.74628457E+4,
1607.000,1.73297129E+4,
1608.000,1.72732539E+4,
1609.000,1.73405059E+4,
1610.00,1.73205801E+4,
1611.000,1.72836680E+4,
1612.000,1.72593672E+4,
1613.000,1.73842832E+4,
1614.000,1.73783164E+4,
1615.000,1.75540723E+4,
1616.000,1.71995410E+4,
1617.000,1.73190313E+4,
1618.000,1.73166836E+4,
1619.000,1.71456172E+4,
1620.00,1.73566191E+4,
1621.000,1.71841895E+4,
1622.000,1.69425684E+4,
1623.000,1.73650059E+4,
1624.000,1.73478477E+4,
1625.000,1.73683965E+4,
1626.000,1.71232129E+4,
1627.000,1.71392051E+4,
1628.000,1.72653477E+4,
1629.000,1.72181816E+4,
1630.00,1.72398359E+4,
1631.000,1.74063770E+4,
1632.000,1.74615762E+4,
1633.000,1.73090020E+4,
1634.000,1.76270000E+4,
1635.000,1.74373066E+4,
1636.000,1.76407227E+4,
1637.000,1.75910449E+4,
1638.000,1.77647891E+4,
1639.000,1.79919434E+4,
1640.00,1.78537168E+4,
1641.000,1.77632578E+4,
1642.000,1.77092266E+4,
1643.000,1.81128828E+4,
1644.000,1.78080605E+4,
1645.000,1.82112070E+4,
1646.000,1.79004707E+4,
1647.000,1.78771641E+4,
1648.000,1.77516152E+4,
1649.000,1.78532793E+4,
1650.00,1.75056250E+4,
