Labels,125,
Type,Emission Scan,
Comment,,
Start,600.00,
Stop,1650.00,
Step,1.00,
Fixed/Offset,455.00,
Xaxis,Wavelength,
Yaxis,Counts,
Scan Corr. by File,True,
Corr. by Ref. Det.,True,
Fixed/Offset Corr. by File,False,
Repeats,1,
Dwell Time,0.10,
Lamp,Xenon,
Temp,0.00,
Scan Polariser,None,
Scan Slit,5.30,
Fixed/Offset Polariser,None,
Fixed/Offset Slit,5.20,
Detector,Det2,

600.00,-1.27607292E+2,
601.00,6.59710236E+1,
602.00,-2.16394760E+2,
603.00,1.32096802E+2,
604.00,-2.11434288E+1,
605.00,1.76729324E+2,
606.00,5.74620781E+1,
607.00,-5.51188946E+0,
608.00,-2.11607788E+2,
609.00,-6.51576843E+1,
610.00,-2.01577957E+2,
611.00,-1.16598579E+2,
612.00,-8.61460495E+0,
613.00,5.81816368E+1,
614.00,1.19672890E+2,
615.00,6.62263060E+0,
616.00,-2.11965332E+1,
617.00,9.81335602E+1,
618.00,2.53921604E+1,
619.00,-1.58139282E+2,
620.00,1.25552467E+2,
621.00,-1.18600441E+2,
622.00,4.84755020E+1,
623.00,-1.16518814E+2,
624.00,9.37474899E+1,
625.00,1.24093956E+2,
626.00,7.11585007E+1,
627.00,-4.33232536E+1,
628.00,-9.99316483E+1,
629.00,1.31892075E+2,
630.00,6.96509171E+1,
631.00,6.27851753E+1,
632.00,-2.39179778E+0,
633.00,6.56853867E+1,
634.00,9.10294876E+1,
635.00,7.36048431E+1,
636.00,1.16649389E+1,
637.00,4.19007759E+1,
638.00,1.53167038E+2,
639.00,1.07888199E+2,
640.00,-1.74581318E+1,
641.00,5.19191284E+1,
642.00,-5.69234009E+1,
643.00,9.88896332E+1,
644.00,-4.16194611E+1,
645.00,7.41247864E+1,
646.00,4.89335442E+1,
647.00,-8.00791626E+1,
648.00,-5.27931480E+1,
649.00,4.67656784E+1,
650.00,5.04206467E+1,
651.00,-1.01015854E+0,
652.00,-7.66098557E+1,
653.00,4.93380852E+1,
654.00,8.70128250E+1,
655.00,-1.71028671E+1,
656.00,-6.58567200E+1,
657.00,1.74245712E+2,
658.00,1.21554420E+2,
659.00,9.19963913E+1,
660.00,-1.12459507E+1,
661.00,9.25656796E+0,
662.00,8.68520203E+1,
663.00,1.42522903E+2,
664.00,1.30384628E+2,
665.00,2.28259487E+1,
666.00,7.40763168E+1,
667.00,9.72067795E+1,
668.00,1.83746246E+2,
669.00,2.18397781E+2,
670.00,1.34271423E+2,
671.00,1.04734909E+2,
672.00,2.62762665E+2,
673.00,1.69034485E+2,
674.00,2.00059799E+2,
675.00,3.25867340E+2,
676.00,1.69000534E+2,
677.00,1.89788223E+2,
678.00,2.52321899E+2,
679.00,1.69033859E+2,
680.00,3.43768066E+2,
681.00,2.02250031E+2,
682.00,2.71337585E+2,
683.00,2.17204834E+2,
684.00,3.12904541E+2,
685.00,4.31046295E+2,
686.00,4.42202606E+2,
687.00,3.55661285E+2,
688.00,4.60751556E+2,
689.00,5.46872314E+2,
690.00,5.73529602E+2,
691.00,6.18434265E+2,
692.00,2.77456360E+2,
693.00,5.95984680E+2,
694.00,5.37403992E+2,
695.00,8.21665649E+2,
696.00,7.54821106E+2,
697.00,7.67555481E+2,
698.00,7.60177490E+2,
699.00,6.54942078E+2,
700.00,1.02994226E+3,
701.00,1.13180273E+3,
702.00,9.28784851E+2,
703.00,1.10010022E+3,
704.00,1.15489746E+3,
705.00,1.18088586E+3,
706.00,1.30896533E+3,
707.00,1.17746045E+3,
708.00,1.25781580E+3,
709.00,1.22409839E+3,
710.00,1.52367615E+3,
711.00,1.40815759E+3,
712.00,1.59412878E+3,
713.00,1.56666357E+3,
714.00,1.58468604E+3,
715.00,1.71191931E+3,
716.00,1.89362720E+3,
717.00,1.75663098E+3,
718.00,1.81216711E+3,
719.00,1.85276123E+3,
720.00,2.13080908E+3,
721.00,2.23640088E+3,
722.00,2.15788696E+3,
723.00,2.26364307E+3,
724.00,2.25528613E+3,
725.00,2.53235718E+3,
726.00,2.52023486E+3,
727.00,2.52984741E+3,
728.00,2.51410889E+3,
729.00,2.78314893E+3,
730.00,2.76708862E+3,
731.00,2.82845239E+3,
732.00,2.88959692E+3,
733.00,2.95902490E+3,
734.00,3.07822461E+3,
735.00,3.16552124E+3,
736.00,3.39356470E+3,
737.00,3.37998608E+3,
738.00,3.76531616E+3,
739.00,3.52874146E+3,
740.00,3.84887524E+3,
741.00,3.86646289E+3,
742.00,3.79111328E+3,
743.00,3.87817163E+3,
744.00,4.05482788E+3,
745.00,4.13617529E+3,
746.00,4.24024170E+3,
747.00,4.45885449E+3,
748.00,4.35501709E+3,
749.00,4.70006299E+3,
750.00,4.68768701E+3,
751.00,4.81186670E+3,
752.00,4.82796729E+3,
753.00,4.74074072E+3,
754.00,4.91161230E+3,
755.00,5.22170068E+3,
756.00,5.34918262E+3,
757.00,5.49034375E+3,
758.00,5.51647119E+3,
759.00,5.28525244E+3,
760.00,5.66424463E+3,
761.00,5.75300293E+3,
762.00,5.84828613E+3,
763.00,5.90651807E+3,
764.00,5.79800098E+3,
765.00,6.04251709E+3,
766.00,6.37874658E+3,
767.00,6.42457275E+3,
768.00,6.55794189E+3,
769.00,6.58009082E+3,
770.00,6.47267529E+3,
771.00,6.89917920E+3,
772.00,6.89604004E+3,
773.00,7.11089014E+3,
774.00,7.17508984E+3,
775.00,7.18665381E+3,
776.00,7.12913037E+3,
777.00,7.41155713E+3,
778.00,7.79647900E+3,
779.00,7.67090039E+3,
780.00,7.80839648E+3,
781.00,7.90782861E+3,
782.00,8.08031201E+3,
783.00,8.17589600E+3,
784.00,8.36591016E+3,
785.00,8.42555078E+3,
786.00,8.10841016E+3,
787.00,8.12412109E+3,
788.00,8.32082422E+3,
789.00,8.38097852E+3,
790.00,8.64968848E+3,
791.00,8.93471582E+3,
792.00,8.84482227E+3,
793.00,9.00515820E+3,
794.00,9.08029492E+3,
795.00,9.17738281E+3,
796.00,9.18572461E+3,
797.00,9.26676172E+3,
798.00,9.39700098E+3,
799.00,9.32390430E+3,
800.00,9.64987793E+3,
801.00,9.51874512E+3,
802.00,9.51595605E+3,
803.00,9.87697852E+3,
804.00,9.77388867E+3,
805.00,1.01906582E+4,
806.00,9.88226855E+3,
807.00,1.03177188E+4,
808.00,1.02609609E+4,
809.00,1.02536484E+4,
810.00,1.03395313E+4,
811.00,1.02427734E+4,
812.00,1.04242676E+4,
813.00,1.06102100E+4,
814.00,1.05677793E+4,
815.00,1.10072773E+4,
816.00,1.08536240E+4,
817.00,1.09490088E+4,
818.00,1.12514961E+4,
819.00,1.12259473E+4,
820.00,1.10399541E+4,
821.00,1.11323018E+4,
822.00,1.13138896E+4,
823.00,1.11505703E+4,
824.00,1.13309980E+4,
825.00,1.11154268E+4,
826.00,1.13238271E+4,
827.00,1.13229580E+4,
828.00,1.13265684E+4,
829.00,1.14464932E+4,
830.00,1.17479414E+4,
831.00,1.15051572E+4,
832.00,1.16581426E+4,
833.00,1.17290957E+4,
834.00,1.15555098E+4,
835.00,1.20543877E+4,
836.00,1.19145596E+4,
837.00,1.19421523E+4,
838.00,1.19813223E+4,
839.00,1.18744502E+4,
840.00,1.18139932E+4,
841.00,1.19240361E+4,
842.00,1.19914854E+4,
843.00,1.21314600E+4,
844.00,1.19430947E+4,
845.00,1.20734004E+4,
846.00,1.21782285E+4,
847.00,1.19715391E+4,
848.00,1.19845684E+4,
849.00,1.20943945E+4,
850.00,1.21134111E+4,
851.00,1.21422500E+4,
852.00,1.19958574E+4,
853.00,1.21762734E+4,
854.00,1.20162383E+4,
855.00,1.21775967E+4,
856.00,1.20356328E+4,
857.00,1.19378174E+4,
858.00,1.21386260E+4,
859.00,1.22555332E+4,
860.00,1.20490596E+4,
861.00,1.21758779E+4,
862.00,1.21874746E+4,
863.00,1.20954209E+4,
864.00,1.21503340E+4,
865.00,1.20310508E+4,
866.00,1.22066836E+4,
867.00,1.20200967E+4,
868.00,1.21837607E+4,
869.00,1.22283525E+4,
870.00,1.18513164E+4,
871.00,1.20751113E+4,
872.00,1.21376064E+4,
873.00,1.21040332E+4,
874.00,1.19811738E+4,
875.00,1.19485947E+4,
876.00,1.21461172E+4,
877.00,1.17394395E+4,
878.00,1.18223467E+4,
879.00,1.17609756E+4,
880.00,1.16841338E+4,
881.00,1.17342041E+4,
882.00,1.14934365E+4,
883.00,1.17852598E+4,
884.00,1.16963525E+4,
885.00,1.17251094E+4,
886.00,1.14634668E+4,
887.00,1.13478281E+4,
888.00,1.13950273E+4,
889.00,1.12535645E+4,
890.00,1.12486064E+4,
891.00,1.12532510E+4,
892.00,1.11337549E+4,
893.00,1.11266318E+4,
894.00,1.11681963E+4,
895.00,1.11058242E+4,
896.00,1.11962920E+4,
897.00,1.10163779E+4,
898.00,1.09849824E+4,
899.00,1.08621328E+4,
900.00,1.09449971E+4,
901.00,1.07278711E+4,
902.00,1.08065137E+4,
903.00,1.07993145E+4,
904.00,1.07489736E+4,
905.00,1.06019150E+4,
906.00,1.06586982E+4,
907.00,1.06063809E+4,
908.00,1.06256543E+4,
909.00,1.04753193E+4,
910.00,1.04779717E+4,
911.00,1.03518135E+4,
912.00,1.03391563E+4,
913.00,1.01955840E+4,
914.00,1.02504316E+4,
915.00,1.01632783E+4,
916.00,1.02059463E+4,
917.00,1.01661914E+4,
918.00,1.00615664E+4,
919.00,9.87304883E+3,
920.00,9.83218555E+3,
921.00,9.84636816E+3,
922.00,9.67178125E+3,
923.00,9.60796289E+3,
924.00,9.54490137E+3,
925.00,9.59397363E+3,
926.00,9.50921094E+3,
927.00,9.33008594E+3,
928.00,9.25429590E+3,
929.00,9.28687109E+3,
930.00,9.17527734E+3,
931.00,9.22149023E+3,
932.00,9.14210156E+3,
933.00,9.05191797E+3,
934.00,9.05886328E+3,
935.00,9.03247266E+3,
936.00,8.91136328E+3,
937.00,8.75033691E+3,
938.00,8.67899805E+3,
939.00,8.58198535E+3,
940.00,8.49946289E+3,
941.00,8.44364453E+3,
942.00,8.46447754E+3,
943.00,8.36234961E+3,
944.00,8.28009277E+3,
945.00,8.17573242E+3,
946.00,8.05772217E+3,
947.00,7.95766602E+3,
948.00,8.01147314E+3,
949.00,7.87985254E+3,
950.00,7.77924268E+3,
951.00,7.70204688E+3,
952.00,7.71416992E+3,
953.00,7.61888623E+3,
954.00,7.61395801E+3,
955.00,7.48983203E+3,
956.00,7.44858545E+3,
957.00,7.40702881E+3,
958.00,7.31466992E+3,
959.00,7.17527197E+3,
960.00,7.06055762E+3,
961.00,7.08289844E+3,
962.00,7.07829150E+3,
963.00,6.91200684E+3,
964.00,6.80518115E+3,
965.00,6.75488574E+3,
966.00,6.64819580E+3,
967.00,6.59645117E+3,
968.00,6.67140723E+3,
969.00,6.58510107E+3,
970.00,6.43600781E+3,
971.00,6.44966846E+3,
972.00,6.32238525E+3,
973.00,6.35346289E+3,
974.00,6.28006152E+3,
975.00,6.16213721E+3,
976.00,6.12785986E+3,
977.00,6.11582129E+3,
978.00,6.03143066E+3,
979.00,5.83337646E+3,
980.00,5.87328516E+3,
981.00,5.76699512E+3,
982.00,5.70281104E+3,
983.00,5.65113916E+3,
984.00,5.57531738E+3,
985.00,5.60017920E+3,
986.00,5.51725000E+3,
987.00,5.38533545E+3,
988.00,5.35222949E+3,
989.00,5.28651904E+3,
990.00,5.16625830E+3,
991.00,5.26785107E+3,
992.00,5.14379492E+3,
993.00,5.05189746E+3,
994.00,4.99570898E+3,
995.00,4.87543799E+3,
996.00,4.87594971E+3,
997.00,4.77465381E+3,
998.00,4.77941406E+3,
999.00,4.68162451E+3,
1000.00,4.63952539E+3,
1001.000,4.44613135E+3,
1002.000,4.54588721E+3,
1003.000,4.39921875E+3,
1004.000,4.38282275E+3,
1005.000,4.34784766E+3,
1006.000,4.26614258E+3,
1007.000,4.20861426E+3,
1008.000,4.17693604E+3,
1009.000,4.12539111E+3,
1010.00,4.04164990E+3,
1011.000,4.01497046E+3,
1012.000,3.89791797E+3,
1013.000,3.91443384E+3,
1014.000,3.85025513E+3,
1015.000,3.84790771E+3,
1016.000,3.76099707E+3,
1017.000,3.72442773E+3,
1018.000,3.67871851E+3,
1019.000,3.61895410E+3,
1020.00,3.58380298E+3,
1021.000,3.55767480E+3,
1022.000,3.47089160E+3,
1023.000,3.44908862E+3,
1024.000,3.40075049E+3,
1025.000,3.34837671E+3,
1026.000,3.29453149E+3,
1027.000,3.27498877E+3,
1028.000,3.26173584E+3,
1029.000,3.20038574E+3,
1030.00,3.16163013E+3,
1031.000,3.16152563E+3,
1032.000,3.07292285E+3,
1033.000,2.99794458E+3,
1034.000,2.96958716E+3,
1035.000,2.96070239E+3,
1036.000,2.92520044E+3,
1037.000,2.85464648E+3,
1038.000,2.79889697E+3,
1039.000,2.87290991E+3,
1040.00,2.79256812E+3,
1041.000,2.61913892E+3,
1042.000,2.65017700E+3,
1043.000,2.63552466E+3,
1044.000,2.59011182E+3,
1045.000,2.56650244E+3,
1046.000,2.47612280E+3,
1047.000,2.43797900E+3,
1048.000,2.50083325E+3,
1049.000,2.40886304E+3,
1050.00,2.35072900E+3,
1051.000,2.34115454E+3,
1052.000,2.33704077E+3,
1053.000,2.26079663E+3,
1054.000,2.29074146E+3,
1055.000,2.25201318E+3,
1056.000,2.21211133E+3,
1057.000,2.18952197E+3,
1058.000,2.12506616E+3,
1059.000,2.10031885E+3,
1060.00,2.10301880E+3,
1061.000,2.08160352E+3,
1062.000,2.10275732E+3,
1063.000,2.02980310E+3,
1064.000,1.95136182E+3,
1065.000,1.99265430E+3,
1066.000,1.95274255E+3,
1067.000,1.93840161E+3,
1068.000,1.88984619E+3,
1069.000,1.84763586E+3,
1070.00,1.83768652E+3,
1071.000,1.81155835E+3,
1072.000,1.75625500E+3,
1073.000,1.77354028E+3,
1074.000,1.70975781E+3,
1075.000,1.70309180E+3,
1076.000,1.69412805E+3,
1077.000,1.62798083E+3,
1078.000,1.62360339E+3,
1079.000,1.60774585E+3,
1080.00,1.57870325E+3,
1081.000,1.60791589E+3,
1082.000,1.55306189E+3,
1083.000,1.49799561E+3,
1084.000,1.48312842E+3,
1085.000,1.49616675E+3,
1086.000,1.43456409E+3,
1087.000,1.46744958E+3,
1088.000,1.42872974E+3,
1089.000,1.41826941E+3,
1090.00,1.35989185E+3,
1091.000,1.41637708E+3,
1092.000,1.37946497E+3,
1093.000,1.31539954E+3,
1094.000,1.29918506E+3,
1095.000,1.34486401E+3,
1096.000,1.28768689E+3,
1097.000,1.28042102E+3,
1098.000,1.24955896E+3,
1099.000,1.24307043E+3,
1100.00,1.21446631E+3,
1101.000,1.22349060E+3,
1102.000,1.17719861E+3,
1103.000,1.15667261E+3,
1104.000,1.18220374E+3,
1105.000,1.11485278E+3,
1106.000,1.09735571E+3,
1107.000,1.13417859E+3,
1108.000,1.08866992E+3,
1109.000,1.05700684E+3,
1110.00,1.05901233E+3,
1111.000,1.03047375E+3,
1112.000,1.08188916E+3,
1113.000,1.02340863E+3,
1114.000,1.01752563E+3,
1115.000,1.00762286E+3,
1116.000,9.48048035E+2,
1117.000,9.95958862E+2,
1118.000,9.76387634E+2,
1119.000,9.72304077E+2,
1120.00,9.14327087E+2,
1121.000,9.59526428E+2,
1122.000,9.03256287E+2,
1123.000,9.09814819E+2,
1124.000,8.75961792E+2,
1125.000,8.75381897E+2,
1126.000,8.79670593E+2,
1127.000,8.37742737E+2,
1128.000,8.56741943E+2,
1129.000,8.36649170E+2,
1130.00,7.90685608E+2,
1131.000,8.51200806E+2,
1132.000,7.97341003E+2,
1133.000,7.88583862E+2,
1134.000,7.85488159E+2,
1135.000,8.08287537E+2,
1136.000,7.42043518E+2,
1137.000,7.60082886E+2,
1138.000,7.47819641E+2,
1139.000,7.13459290E+2,
1140.00,6.85520569E+2,
1141.000,7.22240479E+2,
1142.000,7.08719238E+2,
1143.000,7.11139893E+2,
1144.000,7.09173889E+2,
1145.000,6.64769104E+2,
1146.000,6.87055908E+2,
1147.000,6.57703918E+2,
1148.000,6.42545898E+2,
1149.000,6.24336853E+2,
1150.00,6.85771606E+2,
1151.000,6.45977417E+2,
1152.000,6.45435852E+2,
1153.000,6.17145142E+2,
1154.000,6.26696106E+2,
1155.000,6.35735962E+2,
1156.000,6.09624207E+2,
1157.000,6.10481812E+2,
1158.000,6.29316772E+2,
1159.000,5.87939941E+2,
1160.00,5.79895020E+2,
1161.000,5.79926025E+2,
1162.000,5.82049500E+2,
1163.000,5.57310486E+2,
1164.000,5.52920959E+2,
1165.000,5.73097656E+2,
1166.000,5.34942017E+2,
1167.000,5.84924133E+2,
1168.000,5.51742615E+2,
1169.000,5.30341370E+2,
1170.00,5.33659485E+2,
1171.000,5.37273926E+2,
1172.000,5.23950073E+2,
1173.000,5.09869263E+2,
1174.000,5.38310364E+2,
1175.000,5.40492188E+2,
1176.000,5.12405334E+2,
1177.000,5.04435883E+2,
1178.000,4.84145264E+2,
1179.000,5.05189331E+2,
1180.00,4.79431732E+2,
1181.000,4.73935883E+2,
1182.000,4.85342987E+2,
1183.000,4.93229218E+2,
1184.000,4.88326996E+2,
1185.000,4.89830139E+2,
1186.000,4.83037354E+2,
1187.000,4.64264404E+2,
1188.000,4.36809570E+2,
1189.000,4.59732849E+2,
1190.00,4.81629974E+2,
1191.000,4.61659882E+2,
1192.000,4.48425140E+2,
1193.000,4.79319000E+2,
1194.000,4.54095032E+2,
1195.000,4.27635254E+2,
1196.000,4.50500824E+2,
1197.000,4.40342010E+2,
1198.000,4.48622864E+2,
1199.000,4.07341553E+2,
1200.00,4.64440521E+2,
1201.000,4.67071777E+2,
1202.000,4.50261047E+2,
1203.000,4.22700012E+2,
1204.000,4.37953613E+2,
1205.000,4.47874146E+2,
1206.000,4.44975311E+2,
1207.000,4.25620178E+2,
1208.000,4.37304932E+2,
1209.000,4.27442535E+2,
1210.00,4.36937805E+2,
1211.000,4.55815613E+2,
1212.000,4.22138123E+2,
1213.000,4.42688202E+2,
1214.000,4.44848328E+2,
1215.000,4.08515106E+2,
1216.000,4.19511780E+2,
1217.000,4.36022583E+2,
1218.000,4.67891479E+2,
1219.000,4.41144318E+2,
1220.00,4.54457886E+2,
1221.000,4.14000702E+2,
1222.000,4.22808807E+2,
1223.000,4.50569916E+2,
1224.000,4.43381287E+2,
1225.000,4.51351898E+2,
1226.000,4.50033478E+2,
1227.000,4.57009705E+2,
1228.000,4.29200104E+2,
1229.000,4.38775055E+2,
1230.00,4.27873627E+2,
1231.000,4.39983459E+2,
1232.000,4.86508148E+2,
1233.000,4.82159912E+2,
1234.000,4.71062286E+2,
1235.000,4.74548889E+2,
1236.000,4.74765137E+2,
1237.000,4.76672180E+2,
1238.000,5.07805237E+2,
1239.000,4.82801239E+2,
1240.00,4.58364288E+2,
1241.000,4.70206421E+2,
1242.000,4.97017853E+2,
1243.000,4.98369873E+2,
1244.000,4.89674622E+2,
1245.000,4.81439575E+2,
1246.000,5.04952179E+2,
1247.000,5.05709625E+2,
1248.000,5.06627350E+2,
1249.000,5.13525085E+2,
1250.00,5.45226257E+2,
1251.000,5.26447754E+2,
1252.000,5.23146423E+2,
1253.000,5.19198669E+2,
1254.000,5.47976196E+2,
1255.000,5.24028137E+2,
1256.000,5.22069641E+2,
1257.000,5.45002930E+2,
1258.000,5.68375305E+2,
1259.000,5.65172546E+2,
1260.00,5.45065430E+2,
1261.000,5.53715332E+2,
1262.000,5.57041077E+2,
1263.000,5.71922791E+2,
1264.000,5.93399109E+2,
1265.000,5.67828247E+2,
1266.000,5.89619507E+2,
1267.000,5.73963257E+2,
1268.000,5.68732544E+2,
1269.000,5.66398682E+2,
1270.00,5.91914368E+2,
1271.000,6.03523926E+2,
1272.000,6.22483398E+2,
1273.000,6.19693359E+2,
1274.000,6.08471252E+2,
1275.000,6.48259827E+2,
1276.000,6.25432556E+2,
1277.000,6.49288391E+2,
1278.000,6.65137390E+2,
1279.000,6.34307617E+2,
1280.00,6.47031433E+2,
1281.000,6.92454651E+2,
1282.000,6.71775757E+2,
1283.000,7.20575562E+2,
1284.000,7.37177612E+2,
1285.000,6.85686157E+2,
1286.000,6.74666626E+2,
1287.000,7.19075134E+2,
1288.000,7.17321716E+2,
1289.000,7.22508484E+2,
1290.00,7.70643372E+2,
1291.000,7.58154358E+2,
1292.000,7.55224548E+2,
1293.000,7.65881470E+2,
1294.000,8.25103943E+2,
1295.000,7.60842529E+2,
1296.000,7.83244812E+2,
1297.000,8.14659302E+2,
1298.000,8.44048462E+2,
1299.000,8.42313965E+2,
1300.00,8.63649109E+2,
1301.000,8.46831116E+2,
1302.000,8.91688171E+2,
1303.000,8.55838623E+2,
1304.000,9.04531311E+2,
1305.000,9.43501709E+2,
1306.000,9.57471375E+2,
1307.000,9.38726440E+2,
1308.000,9.02168762E+2,
1309.000,9.52242554E+2,
1310.00,9.47335693E+2,
1311.000,9.66696472E+2,
1312.000,9.84895996E+2,
1313.000,1.00132965E+3,
1314.000,1.02094568E+3,
1315.000,1.04825342E+3,
1316.000,1.04808862E+3,
1317.000,1.05097668E+3,
1318.000,1.10089441E+3,
1319.000,1.08154138E+3,
1320.00,1.08084436E+3,
1321.000,1.11985913E+3,
1322.000,1.11657202E+3,
1323.000,1.12674536E+3,
1324.000,1.14234351E+3,
1325.000,1.17729651E+3,
1326.000,1.17398767E+3,
1327.000,1.20149768E+3,
1328.000,1.24147925E+3,
1329.000,1.26143665E+3,
1330.00,1.21775830E+3,
1331.000,1.24262402E+3,
1332.000,1.26565991E+3,
1333.000,1.28048877E+3,
1334.000,1.27614294E+3,
1335.000,1.31907434E+3,
1336.000,1.34825317E+3,
1337.000,1.37656384E+3,
1338.000,1.40106689E+3,
1339.000,1.38782983E+3,
1340.00,1.42530652E+3,
1341.000,1.41013831E+3,
1342.000,1.41342761E+3,
1343.000,1.50378613E+3,
1344.000,1.47715320E+3,
1345.000,1.50469775E+3,
1346.000,1.51056433E+3,
1347.000,1.53568225E+3,
1348.000,1.61438989E+3,
1349.000,1.61240210E+3,
1350.00,1.59699780E+3,
1351.000,1.60542383E+3,
1352.000,1.70256897E+3,
1353.000,1.66880872E+3,
1354.000,1.72343347E+3,
1355.000,1.81533325E+3,
1356.000,1.77494153E+3,
1357.000,1.74651257E+3,
1358.000,1.76490723E+3,
1359.000,1.76213025E+3,
1360.00,1.84828467E+3,
1361.000,1.90373206E+3,
1362.000,1.97283374E+3,
1363.000,1.93553308E+3,
1364.000,1.92264539E+3,
1365.000,1.99084045E+3,
1366.000,1.94109875E+3,
1367.000,1.95854321E+3,
1368.000,1.98792700E+3,
1369.000,2.01280859E+3,
1370.00,2.08793701E+3,
1371.000,2.08703198E+3,
1372.000,2.18111108E+3,
1373.000,2.06864697E+3,
1374.000,2.08546216E+3,
1375.000,2.12443335E+3,
1376.000,2.22595630E+3,
1377.000,2.25020508E+3,
1378.000,2.22712256E+3,
1379.000,2.24742920E+3,
1380.00,2.37491504E+3,
1381.000,2.46705396E+3,
1382.000,2.47432983E+3,
1383.000,2.54946460E+3,
1384.000,2.43837671E+3,
1385.000,2.41530322E+3,
1386.000,2.38667603E+3,
1387.000,2.42272656E+3,
1388.000,2.44709741E+3,
1389.000,2.46002588E+3,
1390.00,2.43138623E+3,
1391.000,2.38738281E+3,
1392.000,2.53933252E+3,
1393.000,2.52555957E+3,
1394.000,2.51789844E+3,
1395.000,2.56784546E+3,
1396.000,2.66533667E+3,
1397.000,2.60961987E+3,
1398.000,2.56922803E+3,
1399.000,2.61313525E+3,
1400.00,2.85914722E+3,
1401.000,2.88028149E+3,
1402.000,2.70690527E+3,
1403.000,2.58016016E+3,
1404.000,2.81164282E+3,
1405.000,2.89705786E+3,
1406.000,2.90298950E+3,
1407.000,2.84575781E+3,
1408.000,2.92160913E+3,
1409.000,2.94620410E+3,
1410.00,3.02971875E+3,
1411.000,2.94728833E+3,
1412.000,2.93232593E+3,
1413.000,3.03483179E+3,
1414.000,3.09492554E+3,
1415.000,3.16122900E+3,
1416.000,3.05750659E+3,
1417.000,3.05121997E+3,
1418.000,3.13751367E+3,
1419.000,3.24397388E+3,
1420.00,3.18706543E+3,
1421.000,3.22183936E+3,
1422.000,3.25385278E+3,
1423.000,3.26144653E+3,
1424.000,3.32533984E+3,
1425.000,3.34215601E+3,
1426.000,3.29484766E+3,
1427.000,3.37843481E+3,
1428.000,3.38562646E+3,
1429.000,3.39062549E+3,
1430.00,3.46732642E+3,
1431.000,3.51332764E+3,
1432.000,3.46484375E+3,
1433.000,3.54638672E+3,
1434.000,3.65771582E+3,
1435.000,3.58881128E+3,
1436.000,3.56789697E+3,
1437.000,3.65253662E+3,
1438.000,3.67430298E+3,
1439.000,3.68108154E+3,
1440.00,3.66303687E+3,
1441.000,3.73768994E+3,
1442.000,3.73025293E+3,
1443.000,3.85541602E+3,
1444.000,3.87601196E+3,
1445.000,3.85040308E+3,
1446.000,3.90206177E+3,
1447.000,3.94549805E+3,
1448.000,3.93499194E+3,
1449.000,3.92472388E+3,
1450.00,4.02195947E+3,
1451.000,3.98041211E+3,
1452.000,4.04427051E+3,
1453.000,3.99395825E+3,
1454.000,4.03435156E+3,
1455.000,4.07562402E+3,
1456.000,4.10933154E+3,
1457.000,4.14764844E+3,
1458.000,4.11748975E+3,
1459.000,4.25485010E+3,
1460.00,4.19321045E+3,
1461.000,4.17367041E+3,
1462.000,4.22560986E+3,
1463.000,4.29410010E+3,
1464.000,4.20841650E+3,
1465.000,4.34558301E+3,
1466.000,4.35957129E+3,
1467.000,4.39807617E+3,
1468.000,4.43320410E+3,
1469.000,4.38914795E+3,
1470.00,4.44866357E+3,
1471.000,4.52360449E+3,
1472.000,4.54080713E+3,
1473.000,4.53300244E+3,
1474.000,4.53163574E+3,
1475.000,4.59618262E+3,
1476.000,4.52858691E+3,
1477.000,4.58405566E+3,
1478.000,4.71220215E+3,
1479.000,4.60558154E+3,
1480.00,4.63016357E+3,
1481.000,4.76335547E+3,
1482.000,4.74115430E+3,
1483.000,4.71415381E+3,
1484.000,4.78730957E+3,
1485.000,4.80304883E+3,
1486.000,4.81621875E+3,
1487.000,4.82455762E+3,
1488.000,4.85636475E+3,
1489.000,4.90749365E+3,
1490.00,4.92548779E+3,
1491.000,4.90024707E+3,
1492.000,4.92164258E+3,
1493.000,4.92734521E+3,
1494.000,5.01861279E+3,
1495.000,5.04699854E+3,
1496.000,4.96836279E+3,
1497.000,5.06610986E+3,
1498.000,5.02390381E+3,
1499.000,5.08880029E+3,
1500.00,5.05456787E+3,
1501.000,5.10855713E+3,
1502.000,5.19203174E+3,
1503.000,5.25539160E+3,
1504.000,5.16577393E+3,
1505.000,5.15443555E+3,
1506.000,5.17440820E+3,
1507.000,5.17505713E+3,
1508.000,5.24111377E+3,
1509.000,5.24072510E+3,
1510.00,5.19478369E+3,
1511.000,5.27096484E+3,
1512.000,5.22534131E+3,
1513.000,5.25171045E+3,
1514.000,5.19958154E+3,
1515.000,5.27357617E+3,
1516.000,5.30475586E+3,
1517.000,5.31484814E+3,
1518.000,5.29554443E+3,
1519.000,5.36428418E+3,
1520.00,5.38507227E+3,
1521.000,5.35055518E+3,
1522.000,5.38116260E+3,
1523.000,5.39747412E+3,
1524.000,5.36954004E+3,
1525.000,5.32487207E+3,
1526.000,5.41329736E+3,
1527.000,5.56809863E+3,
1528.000,5.46565869E+3,
1529.000,5.47297461E+3,
1530.00,5.50600928E+3,
1531.000,5.58752344E+3,
1532.000,5.54579639E+3,
1533.000,5.52384326E+3,
1534.000,5.53525537E+3,
1535.000,5.50384912E+3,
1536.000,5.54278125E+3,
1537.000,5.52023975E+3,
1538.000,5.58861426E+3,
1539.000,5.52496387E+3,
1540.00,5.67018555E+3,
1541.000,5.63111621E+3,
1542.000,5.60282568E+3,
1543.000,5.64618604E+3,
1544.000,5.57875635E+3,
1545.000,5.64603223E+3,
1546.000,5.56427637E+3,
1547.000,5.48737500E+3,
1548.000,5.62484814E+3,
1549.000,5.56964697E+3,
1550.00,5.58860205E+3,
1551.000,5.57265967E+3,
1552.000,5.61098779E+3,
1553.000,5.70581348E+3,
1554.000,5.63046631E+3,
1555.000,5.61465869E+3,
1556.000,5.75878564E+3,
1557.000,5.62419873E+3,
1558.000,5.68102100E+3,
1559.000,5.58223682E+3,
1560.00,5.61759131E+3,
1561.000,5.62633838E+3,
1562.000,5.60788672E+3,
1563.000,5.62917285E+3,
1564.000,5.60336963E+3,
1565.000,5.54810449E+3,
1566.000,5.59408398E+3,
1567.000,5.66080176E+3,
1568.000,5.56275000E+3,
1569.000,5.54781152E+3,
1570.00,5.65155029E+3,
1571.000,5.54486084E+3,
1572.000,5.60246045E+3,
1573.000,5.57095215E+3,
1574.000,5.56921143E+3,
1575.000,5.59687061E+3,
1576.000,5.46736963E+3,
1577.000,5.50687500E+3,
1578.000,5.56453271E+3,
1579.000,5.47330273E+3,
1580.00,5.60845850E+3,
1581.000,5.65146240E+3,
1582.000,5.52368652E+3,
1583.000,5.56676709E+3,
1584.000,5.55684424E+3,
1585.000,5.55853760E+3,
1586.000,5.58425195E+3,
1587.000,5.56188330E+3,
1588.000,5.61103613E+3,
1589.000,5.58940527E+3,
1590.00,5.45923291E+3,
1591.000,5.52213818E+3,
1592.000,5.45792139E+3,
1593.000,5.43574121E+3,
1594.000,5.47974219E+3,
1595.000,5.37596875E+3,
1596.000,5.43167139E+3,
1597.000,5.44171582E+3,
1598.000,5.41712061E+3,
1599.000,5.38480518E+3,
1600.00,5.51778271E+3,
1601.000,5.44104346E+3,
1602.000,5.40821777E+3,
1603.000,5.54419434E+3,
1604.000,5.45430615E+3,
1605.000,5.44761182E+3,
1606.000,5.39408252E+3,
1607.000,5.36608496E+3,
1608.000,5.44215967E+3,
1609.000,5.43094434E+3,
1610.00,5.41399268E+3,
1611.000,5.31351758E+3,
1612.000,5.47042090E+3,
1613.000,5.33549561E+3,
1614.000,5.38005078E+3,
1615.000,5.28481738E+3,
1616.000,5.33527148E+3,
1617.000,5.35258252E+3,
1618.000,5.28053174E+3,
1619.000,5.24223340E+3,
1620.00,5.29904004E+3,
1621.000,5.31068506E+3,
1622.000,5.43507617E+3,
1623.000,5.29125146E+3,
1624.000,5.41449170E+3,
1625.000,5.25729492E+3,
1626.000,5.25503369E+3,
1627.000,5.30015234E+3,
1628.000,5.25305322E+3,
1629.000,5.43121973E+3,
1630.00,5.19158545E+3,
1631.000,5.34903418E+3,
1632.000,5.37418750E+3,
1633.000,5.36704102E+3,
1634.000,5.29617773E+3,
1635.000,5.31670410E+3,
1636.000,5.37887793E+3,
1637.000,5.33168213E+3,
1638.000,5.44744336E+3,
1639.000,5.59667285E+3,
1640.00,5.40083887E+3,
1641.000,5.70365527E+3,
1642.000,5.34314551E+3,
1643.000,5.53266553E+3,
1644.000,5.63658984E+3,
1645.000,5.50870605E+3,
1646.000,5.43957471E+3,
1647.000,5.49363232E+3,
1648.000,5.64532031E+3,
1649.000,5.41188037E+3,
1650.00,5.51568457E+3,
