Labels,1530-EX,
Type,Excitation Scan,
Comment,,
Start,250.00,
Stop,1000.00,
Step,1.00,
Fixed/Offset,1530.00,
Xaxis,Wavelength,
Yaxis,Counts,
Scan Corr. by File,False,
Corr. by Ref. Det.,True,
Fixed/Offset Corr. by File,True,
Repeats,1,
Dwell Time,0.10,
Lamp,Xenon,
Temp,29.050,
Scan Polariser,None,
Scan Slit,4.0000019,
Fixed/Offset Polariser,None,
Fixed/Offset Slit,3.9999883,
Detector,Det2,

250.00,7.82529199E+3,
251.00,1.13230352E+4,
252.00,4.74310400E+3,
253.00,6.40055811E+3,
254.00,5.55089551E+3,
255.00,4.36404004E+3,
256.00,6.46021191E+3,
257.00,7.90208057E+3,
258.00,7.22988281E+3,
259.00,5.37919629E+3,
260.00,7.51240332E+3,
261.00,3.43313794E+3,
262.00,8.26776367E+3,
263.00,7.04961963E+3,
264.00,9.06673828E+3,
265.00,9.07465723E+3,
266.00,8.86019531E+3,
267.00,7.60494189E+3,
268.00,8.13739404E+3,
269.00,7.56922900E+3,
270.00,8.04045654E+3,
271.00,7.90837158E+3,
272.00,7.93325732E+3,
273.00,7.65896875E+3,
274.00,7.74447607E+3,
275.00,8.59373242E+3,
276.00,9.61074512E+3,
277.00,7.77188525E+3,
278.00,9.21596875E+3,
279.00,8.64417871E+3,
280.00,8.87721094E+3,
281.00,8.34842090E+3,
282.00,9.24164941E+3,
283.00,8.64742676E+3,
284.00,8.62070996E+3,
285.00,9.47470117E+3,
286.00,8.37353809E+3,
287.00,8.98271289E+3,
288.00,8.44786426E+3,
289.00,8.97122070E+3,
290.00,8.42643262E+3,
291.00,8.48620410E+3,
292.00,8.28841699E+3,
293.00,7.75533887E+3,
294.00,8.07273682E+3,
295.00,8.30924609E+3,
296.00,7.99276953E+3,
297.00,7.49161963E+3,
298.00,7.27666650E+3,
299.00,6.87133691E+3,
300.00,6.68469336E+3,
301.00,6.48938428E+3,
302.00,6.07355713E+3,
303.00,5.68769775E+3,
304.00,5.56810938E+3,
305.00,5.26718652E+3,
306.00,4.93438428E+3,
307.00,4.76456689E+3,
308.00,4.36460254E+3,
309.00,4.14313379E+3,
310.00,3.96742676E+3,
311.00,3.81766162E+3,
312.00,3.33453687E+3,
313.00,3.17479883E+3,
314.00,2.96974097E+3,
315.00,2.71838086E+3,
316.00,2.56480078E+3,
317.00,2.40827100E+3,
318.00,2.35992383E+3,
319.00,2.10563574E+3,
320.00,2.03390100E+3,
321.00,1.92636902E+3,
322.00,1.85156079E+3,
323.00,1.71378784E+3,
324.00,1.52587231E+3,
325.00,1.55926025E+3,
326.00,1.53791101E+3,
327.00,1.32877771E+3,
328.00,1.27580176E+3,
329.00,1.15086841E+3,
330.00,1.15941333E+3,
331.00,9.71013977E+2,
332.00,1.02522400E+3,
333.00,1.02823816E+3,
334.00,9.04207764E+2,
335.00,9.06158875E+2,
336.00,8.32003418E+2,
337.00,7.73532349E+2,
338.00,8.34866272E+2,
339.00,6.64112610E+2,
340.00,7.32211609E+2,
341.00,6.58188538E+2,
342.00,6.20867126E+2,
343.00,6.83517212E+2,
344.00,6.38270447E+2,
345.00,5.52130920E+2,
346.00,5.96629944E+2,
347.00,5.80549377E+2,
348.00,4.98701447E+2,
349.00,5.94457886E+2,
350.00,5.38360657E+2,
351.00,5.65884705E+2,
352.00,5.57611755E+2,
353.00,6.17873291E+2,
354.00,5.98891235E+2,
355.00,6.01317627E+2,
356.00,6.86043335E+2,
357.00,6.61461731E+2,
358.00,7.31088196E+2,
359.00,7.39181946E+2,
360.00,8.12948975E+2,
361.00,8.30274475E+2,
362.00,8.96663086E+2,
363.00,9.28909058E+2,
364.00,1.03022595E+3,
365.00,1.25090649E+3,
366.00,1.31480298E+3,
367.00,1.48555371E+3,
368.00,1.67269629E+3,
369.00,1.86341138E+3,
370.00,2.12456274E+3,
371.00,2.33791968E+3,
372.00,2.61887817E+3,
373.00,2.96489063E+3,
374.00,3.45247583E+3,
375.00,3.92979663E+3,
376.00,4.34894922E+3,
377.00,4.86577002E+3,
378.00,5.40338184E+3,
379.00,5.98074365E+3,
380.00,6.69391895E+3,
381.00,7.28175586E+3,
382.00,8.29543652E+3,
383.00,8.94638770E+3,
384.00,9.73600781E+3,
385.00,1.08368340E+4,
386.00,1.17906387E+4,
387.00,1.27847344E+4,
388.00,1.36704873E+4,
389.00,1.46632061E+4,
390.00,1.55777969E+4,
391.00,1.67127969E+4,
392.00,1.78822578E+4,
393.00,1.86416973E+4,
394.00,1.98627246E+4,
395.00,2.08557051E+4,
396.00,2.19459570E+4,
397.00,2.25954199E+4,
398.00,2.36341523E+4,
399.00,2.41842969E+4,
400.00,2.52731172E+4,
401.00,2.58309336E+4,
402.00,2.69915547E+4,
403.00,2.74225020E+4,
404.00,2.81602402E+4,
405.00,2.86678730E+4,
406.00,2.89940859E+4,
407.00,2.94678906E+4,
408.00,2.98907793E+4,
409.00,3.03241289E+4,
410.00,3.05371055E+4,
411.00,3.09395449E+4,
412.00,3.11134863E+4,
413.00,3.11471523E+4,
414.00,3.14492656E+4,
415.00,3.18056445E+4,
416.00,3.17637109E+4,
417.00,3.19838926E+4,
418.00,3.21138340E+4,
419.00,3.25125703E+4,
420.00,3.27805195E+4,
421.00,3.22284336E+4,
422.00,3.29863828E+4,
423.00,3.27521992E+4,
424.00,3.25501699E+4,
425.00,3.28149180E+4,
426.00,3.28061055E+4,
427.00,3.28076758E+4,
428.00,3.21738457E+4,
429.00,3.24025742E+4,
430.00,3.24073223E+4,
431.00,3.23806367E+4,
432.00,3.23602676E+4,
433.00,3.21080508E+4,
434.00,3.20255254E+4,
435.00,3.18708027E+4,
436.00,3.18783418E+4,
437.00,3.15900918E+4,
438.00,3.14270137E+4,
439.00,3.11763457E+4,
440.00,3.13318262E+4,
441.00,3.10344336E+4,
442.00,3.09219961E+4,
443.00,3.05212129E+4,
444.00,3.04763809E+4,
445.00,3.03547012E+4,
446.00,3.02048359E+4,
447.00,2.98149941E+4,
448.00,2.97545254E+4,
449.00,2.95224648E+4,
450.00,2.95452363E+4,
451.00,2.95915313E+4,
452.00,2.93530195E+4,
453.00,2.90149102E+4,
454.00,2.90946074E+4,
455.00,2.88544082E+4,
456.00,2.85997227E+4,
457.00,2.86291113E+4,
458.00,2.82142383E+4,
459.00,2.80838750E+4,
460.00,2.83970723E+4,
461.00,2.81947715E+4,
462.00,2.79607324E+4,
463.00,2.80052715E+4,
464.00,2.80640742E+4,
465.00,2.77952871E+4,
466.00,2.75951680E+4,
467.00,2.75336738E+4,
468.00,2.75770254E+4,
469.00,2.74693984E+4,
470.00,2.72513105E+4,
471.00,2.70214180E+4,
472.00,2.67341855E+4,
473.00,2.65077793E+4,
474.00,2.65792246E+4,
475.00,2.64027441E+4,
476.00,2.60003926E+4,
477.00,2.57381816E+4,
478.00,2.53463574E+4,
479.00,2.54634531E+4,
480.00,2.49661250E+4,
481.00,2.49444551E+4,
482.00,2.46342773E+4,
483.00,2.43981602E+4,
484.00,2.39358125E+4,
485.00,2.39608965E+4,
486.00,2.37206992E+4,
487.00,2.33051895E+4,
488.00,2.25978223E+4,
489.00,2.24302969E+4,
490.00,2.18961035E+4,
491.00,2.15344180E+4,
492.00,2.14400020E+4,
493.00,2.09776152E+4,
494.00,2.06668809E+4,
495.00,2.03181992E+4,
496.00,1.98200254E+4,
497.00,1.93389473E+4,
498.00,1.88996836E+4,
499.00,1.84449570E+4,
500.00,1.80975234E+4,
501.00,1.77233184E+4,
502.00,1.72161816E+4,
503.00,1.67476543E+4,
504.00,1.61510195E+4,
505.00,1.58036172E+4,
506.00,1.54054307E+4,
507.00,1.48502256E+4,
508.00,1.46114082E+4,
509.00,1.44806963E+4,
510.00,1.37240576E+4,
511.00,1.34038779E+4,
512.00,1.28916289E+4,
513.00,1.25512686E+4,
514.00,1.21962451E+4,
515.00,1.15638242E+4,
516.00,1.14016934E+4,
517.00,1.11327354E+4,
518.00,1.06822432E+4,
519.00,1.06450156E+4,
520.00,1.01631680E+4,
521.00,9.75539551E+3,
522.00,9.60154199E+3,
523.00,9.24655469E+3,
524.00,8.99583203E+3,
525.00,8.65295508E+3,
526.00,8.43385059E+3,
527.00,8.14610742E+3,
528.00,7.91489551E+3,
529.00,7.86912402E+3,
530.00,7.69611816E+3,
531.00,7.41720215E+3,
532.00,7.17929980E+3,
533.00,7.19054004E+3,
534.00,6.99656592E+3,
535.00,6.89640039E+3,
536.00,6.93178418E+3,
537.00,6.88630615E+3,
538.00,6.67326709E+3,
539.00,6.47502393E+3,
540.00,6.44337891E+3,
541.00,6.44756543E+3,
542.00,6.64323828E+3,
543.00,6.59350879E+3,
544.00,6.47209229E+3,
545.00,6.56636816E+3,
546.00,6.58197852E+3,
547.00,6.55698877E+3,
548.00,6.50022559E+3,
549.00,6.78934717E+3,
550.00,6.74022314E+3,
551.00,6.78624902E+3,
552.00,7.08253223E+3,
553.00,7.19022656E+3,
554.00,7.35833545E+3,
555.00,7.56636816E+3,
556.00,7.78176123E+3,
557.00,7.99127637E+3,
558.00,7.98143555E+3,
559.00,8.19460938E+3,
560.00,8.26828223E+3,
561.00,8.47805273E+3,
562.00,8.70140137E+3,
563.00,8.98542773E+3,
564.00,9.15794141E+3,
565.00,9.39879199E+3,
566.00,9.63383984E+3,
567.00,9.87432031E+3,
568.00,1.00841768E+4,
569.00,1.01701035E+4,
570.00,1.05776172E+4,
571.00,1.09514170E+4,
572.00,1.10059248E+4,
573.00,1.10898242E+4,
574.00,1.15657871E+4,
575.00,1.16584453E+4,
576.00,1.18102148E+4,
577.00,1.21127295E+4,
578.00,1.21946455E+4,
579.00,1.26780146E+4,
580.00,1.29246201E+4,
581.00,1.30186846E+4,
582.00,1.32706563E+4,
583.00,1.33883018E+4,
584.00,1.37343760E+4,
585.00,1.40596680E+4,
586.00,1.39950859E+4,
587.00,1.42958584E+4,
588.00,1.45462412E+4,
589.00,1.47626719E+4,
590.00,1.52744561E+4,
591.00,1.50856621E+4,
592.00,1.52467012E+4,
593.00,1.55377637E+4,
594.00,1.55939209E+4,
595.00,1.58687158E+4,
596.00,1.61998613E+4,
597.00,1.61366504E+4,
598.00,1.60572871E+4,
599.00,1.64271621E+4,
600.00,1.66032988E+4,
601.00,1.67098203E+4,
602.00,1.67388438E+4,
603.00,1.68907031E+4,
604.00,1.71017383E+4,
605.00,1.72706777E+4,
606.00,1.75409805E+4,
607.00,1.77672090E+4,
608.00,1.74648008E+4,
609.00,1.76884805E+4,
610.00,1.81091699E+4,
611.00,1.80731641E+4,
612.00,1.84115801E+4,
613.00,1.81884004E+4,
614.00,1.79364023E+4,
615.00,1.84949980E+4,
616.00,1.84639258E+4,
617.00,1.83882441E+4,
618.00,1.87686348E+4,
619.00,1.91005176E+4,
620.00,1.90454609E+4,
621.00,1.91938164E+4,
622.00,1.87430293E+4,
623.00,1.93657305E+4,
624.00,1.92617129E+4,
625.00,1.92120078E+4,
626.00,1.91186953E+4,
627.00,1.93948945E+4,
628.00,1.96024961E+4,
629.00,1.94901973E+4,
630.00,1.99039512E+4,
631.00,1.95298164E+4,
632.00,1.97804258E+4,
633.00,1.97733887E+4,
634.00,2.00960430E+4,
635.00,1.99382051E+4,
636.00,2.00523594E+4,
637.00,1.95436016E+4,
638.00,1.97255176E+4,
639.00,1.96945527E+4,
640.00,1.98630625E+4,
641.00,1.96484902E+4,
642.00,1.97147305E+4,
643.00,1.97162012E+4,
644.00,1.98023027E+4,
645.00,1.95125996E+4,
646.00,1.95387109E+4,
647.00,1.94864785E+4,
648.00,1.94894277E+4,
649.00,1.96871113E+4,
650.00,1.92402363E+4,
651.00,1.94360098E+4,
652.00,1.96835449E+4,
653.00,1.94702520E+4,
654.00,1.93855391E+4,
655.00,1.91803008E+4,
656.00,1.89967441E+4,
657.00,1.95964941E+4,
658.00,1.90678066E+4,
659.00,1.92566973E+4,
660.00,1.93287383E+4,
661.00,1.93791914E+4,
662.00,1.91636504E+4,
663.00,1.91626387E+4,
664.00,1.86518262E+4,
665.00,1.91880527E+4,
666.00,1.89361660E+4,
667.00,1.91229961E+4,
668.00,1.88185313E+4,
669.00,1.85983594E+4,
670.00,1.88628906E+4,
671.00,1.92921445E+4,
672.00,1.91376406E+4,
673.00,1.84320684E+4,
674.00,1.87290742E+4,
675.00,1.87374199E+4,
676.00,1.88255684E+4,
677.00,1.89135313E+4,
678.00,1.86005430E+4,
679.00,1.84765684E+4,
680.00,1.93873320E+4,
681.00,1.94785820E+4,
682.00,1.93888262E+4,
683.00,1.94042871E+4,
684.00,1.91018379E+4,
685.00,1.94739844E+4,
686.00,1.96278145E+4,
687.00,1.96770801E+4,
688.00,1.91724707E+4,
689.00,1.95874063E+4,
690.00,1.93999570E+4,
691.00,1.89378164E+4,
692.00,1.92933926E+4,
693.00,1.93315918E+4,
694.00,1.90654961E+4,
695.00,1.89493516E+4,
696.00,1.89936152E+4,
697.00,1.89661855E+4,
698.00,1.88908203E+4,
699.00,1.85890879E+4,
700.00,1.84501895E+4,
701.00,1.81927285E+4,
702.00,1.78636523E+4,
703.00,1.82972520E+4,
704.00,1.79331777E+4,
705.00,1.80988789E+4,
706.00,1.82524355E+4,
707.00,1.75572148E+4,
708.00,1.76984766E+4,
709.00,1.78630664E+4,
710.00,1.76927109E+4,
711.00,1.76259922E+4,
712.00,1.76293359E+4,
713.00,1.79597520E+4,
714.00,1.68106934E+4,
715.00,1.73609902E+4,
716.00,1.67692402E+4,
717.00,1.66943652E+4,
718.00,1.71477773E+4,
719.00,1.65325762E+4,
720.00,1.71569238E+4,
721.00,1.66289746E+4,
722.00,1.66235313E+4,
723.00,1.62862246E+4,
724.00,1.67471465E+4,
725.00,1.65410684E+4,
726.00,1.65380098E+4,
727.00,1.63075830E+4,
728.00,1.63161582E+4,
729.00,1.60664600E+4,
730.00,1.67428418E+4,
731.00,1.64383223E+4,
732.00,1.62213984E+4,
733.00,1.60904102E+4,
734.00,1.58190859E+4,
735.00,1.62320225E+4,
736.00,1.60339824E+4,
737.00,1.62054932E+4,
738.00,1.61431436E+4,
739.00,1.57077334E+4,
740.00,1.62399629E+4,
741.00,1.58575566E+4,
742.00,1.58950010E+4,
743.00,1.58676025E+4,
744.00,1.56989697E+4,
745.00,1.58914346E+4,
746.00,1.58933799E+4,
747.00,1.57779893E+4,
748.00,1.56157959E+4,
749.00,1.52200254E+4,
750.00,1.57806670E+4,
751.00,1.54623057E+4,
752.00,1.53565967E+4,
753.00,1.56011152E+4,
754.00,1.55793652E+4,
755.00,1.52931152E+4,
756.00,1.51209873E+4,
757.00,1.57107803E+4,
758.00,1.58104502E+4,
759.00,1.53599463E+4,
760.00,1.52440938E+4,
761.00,1.54159736E+4,
762.00,1.55285439E+4,
763.00,1.47988232E+4,
764.00,1.48656143E+4,
765.00,1.49098857E+4,
766.00,1.49638262E+4,
767.00,1.47745547E+4,
768.00,1.50463838E+4,
769.00,1.52265029E+4,
770.00,1.51297197E+4,
771.00,1.53282246E+4,
772.00,1.48231152E+4,
773.00,1.50663848E+4,
774.00,1.46747266E+4,
775.00,1.45839219E+4,
776.00,1.45484756E+4,
777.00,1.51066621E+4,
778.00,1.42881016E+4,
779.00,1.48363633E+4,
780.00,1.40679609E+4,
781.00,1.43414697E+4,
782.00,1.50612256E+4,
783.00,1.38294990E+4,
784.00,1.40313096E+4,
785.00,1.37176992E+4,
786.00,1.38642305E+4,
787.00,1.40959316E+4,
788.00,1.40431328E+4,
789.00,1.35484063E+4,
790.00,1.30029561E+4,
791.00,1.27261768E+4,
792.00,1.38526689E+4,
793.00,1.32691396E+4,
794.00,1.34607539E+4,
795.00,1.31630313E+4,
796.00,1.32264453E+4,
797.00,1.31711045E+4,
798.00,1.30263535E+4,
799.00,1.25404932E+4,
800.00,1.26106768E+4,
801.00,1.27694316E+4,
802.00,1.27994346E+4,
803.00,1.18526104E+4,
804.00,1.25166572E+4,
805.00,1.22278965E+4,
806.00,1.22027637E+4,
807.00,1.16167969E+4,
808.00,1.27085645E+4,
809.00,1.20932832E+4,
810.00,1.17453379E+4,
811.00,1.13814707E+4,
812.00,1.12481826E+4,
813.00,1.10780205E+4,
814.00,1.08967373E+4,
815.00,1.17266074E+4,
816.00,1.04151602E+4,
817.00,1.05623047E+4,
818.00,1.03498066E+4,
819.00,1.01002969E+4,
820.00,1.04506777E+4,
821.00,1.05724707E+4,
822.00,1.06091406E+4,
823.00,1.04815127E+4,
824.00,1.02950088E+4,
825.00,1.01482139E+4,
826.00,1.01475918E+4,
827.00,1.00657588E+4,
828.00,9.68437305E+3,
829.00,9.62180566E+3,
830.00,9.31971680E+3,
831.00,9.40485059E+3,
832.00,9.55830371E+3,
833.00,9.42568848E+3,
834.00,9.01118457E+3,
835.00,8.86819238E+3,
836.00,8.96644531E+3,
837.00,8.98472266E+3,
838.00,8.45217969E+3,
839.00,8.19024463E+3,
840.00,8.64003809E+3,
841.00,8.63918652E+3,
842.00,8.01652441E+3,
843.00,8.23690039E+3,
844.00,7.91155225E+3,
845.00,8.21050879E+3,
846.00,7.65657129E+3,
847.00,8.84555371E+3,
848.00,7.47373535E+3,
849.00,7.49130811E+3,
850.00,7.01881738E+3,
851.00,6.78890088E+3,
852.00,5.95359473E+3,
853.00,6.49100146E+3,
854.00,6.01093799E+3,
855.00,6.95342627E+3,
856.00,5.74904883E+3,
857.00,5.77923340E+3,
858.00,6.26309326E+3,
859.00,5.59425586E+3,
860.00,6.20447168E+3,
861.00,4.82176758E+3,
862.00,5.82618213E+3,
863.00,4.92915918E+3,
864.00,5.08564307E+3,
865.00,4.47152832E+3,
866.00,4.35961719E+3,
867.00,4.02562427E+3,
868.00,4.32062354E+3,
869.00,3.98798608E+3,
870.00,3.92331836E+3,
871.00,3.64567310E+3,
872.00,3.68254199E+3,
873.00,3.34517944E+3,
874.00,3.55793604E+3,
875.00,3.38803491E+3,
876.00,3.36338501E+3,
877.00,3.02774658E+3,
878.00,3.06394482E+3,
879.00,2.91675879E+3,
880.00,2.87120239E+3,
881.00,2.88397314E+3,
882.00,2.73137451E+3,
883.00,2.65318188E+3,
884.00,2.52631006E+3,
885.00,2.43232861E+3,
886.00,2.21657983E+3,
887.00,2.23890308E+3,
888.00,2.35163867E+3,
889.00,2.36900635E+3,
890.00,1.92892908E+3,
891.00,2.02369653E+3,
892.00,1.92271997E+3,
893.00,1.88566687E+3,
894.00,1.79423413E+3,
895.00,1.71987866E+3,
896.00,1.71833679E+3,
897.00,1.64045337E+3,
898.00,1.54215076E+3,
899.00,1.34923499E+3,
900.00,1.43811890E+3,
901.00,1.40394080E+3,
902.00,1.61164856E+3,
903.00,1.33797461E+3,
904.00,1.22283057E+3,
905.00,1.12987524E+3,
906.00,1.16144873E+3,
907.00,1.27594666E+3,
908.00,1.23651123E+3,
909.00,1.24352966E+3,
910.00,1.12940161E+3,
911.00,9.91503662E+2,
912.00,1.06136694E+3,
913.00,1.00045660E+3,
914.00,9.90838440E+2,
915.00,8.75403809E+2,
916.00,9.45101196E+2,
917.00,9.31649109E+2,
918.00,8.63730591E+2,
919.00,8.01105591E+2,
920.00,8.13971741E+2,
921.00,8.64751648E+2,
922.00,7.13750427E+2,
923.00,8.28853577E+2,
924.00,8.36964050E+2,
925.00,9.22229675E+2,
926.00,7.60601746E+2,
927.00,9.48630371E+2,
928.00,9.47234070E+2,
929.00,8.65857056E+2,
930.00,7.74676575E+2,
931.00,9.29618835E+2,
932.00,6.82145142E+2,
933.00,6.62874146E+2,
934.00,7.45468140E+2,
935.00,6.04606018E+2,
936.00,6.91577148E+2,
937.00,6.54180420E+2,
938.00,6.67119385E+2,
939.00,6.94808655E+2,
940.00,6.75234924E+2,
941.00,5.99845886E+2,
942.00,7.38433472E+2,
943.00,6.95916748E+2,
944.00,6.14654846E+2,
945.00,7.36024048E+2,
946.00,7.01237854E+2,
947.00,7.30208435E+2,
948.00,6.95609680E+2,
949.00,6.73140991E+2,
950.00,7.17627380E+2,
951.00,7.84057495E+2,
952.00,6.48841370E+2,
953.00,7.41541138E+2,
954.00,8.92751648E+2,
955.00,8.03607239E+2,
956.00,7.21443054E+2,
957.00,7.53349731E+2,
958.00,9.68614624E+2,
959.00,8.43747314E+2,
960.00,9.90901306E+2,
961.00,1.01230560E+3,
962.00,1.08520874E+3,
963.00,6.82000061E+2,
964.00,1.08570898E+3,
965.00,8.62954346E+2,
966.00,9.40617432E+2,
967.00,8.87058289E+2,
968.00,9.95425659E+2,
969.00,1.11464526E+3,
970.00,1.02186823E+3,
971.00,1.06104248E+3,
972.00,1.03790588E+3,
973.00,1.12484167E+3,
974.00,1.08627209E+3,
975.00,1.19930615E+3,
976.00,1.19584106E+3,
977.00,1.23541943E+3,
978.00,1.21164392E+3,
979.00,1.21078601E+3,
980.00,1.34667468E+3,
981.00,1.28903943E+3,
982.00,1.28668494E+3,
983.00,1.35761206E+3,
984.00,1.43587939E+3,
985.00,1.48561462E+3,
986.00,1.41569275E+3,
987.00,1.57362451E+3,
988.00,1.65058240E+3,
989.00,1.58734619E+3,
990.00,1.64647412E+3,
991.00,1.65569849E+3,
992.00,1.66000427E+3,
993.00,1.65473267E+3,
994.00,1.64234082E+3,
995.00,1.70147522E+3,
996.00,1.62560669E+3,
997.00,1.83655420E+3,
998.00,1.83336707E+3,
999.00,1.91309717E+3,
1000.00,1.85380762E+3,
