Labels,0,
Type,Emission Scan,
Comment,,
Start,600.00,
Stop,1300.00,
Step,1.00,
Fixed/Offset,455.00,
Xaxis,Wavelength,
Yaxis,Counts,
Scan Corr. by File,True,
Corr. by Ref. Det.,True,
Fixed/Offset Corr. by File,False,
Repeats,1,
Dwell Time,0.10,
Lamp,Xenon,
Temp,0.00,
Scan Polariser,None,
Scan Slit,2.50,
Fixed/Offset Polariser,None,
Fixed/Offset Slit,2.50,
Detector,Det2,

600.00,3.88222961E+1,
601.00,6.97042175E+2,
602.00,-4.68327087E+2,
603.00,9.77329483E+1,
604.00,6.71433716E+2,
605.00,-1.81325226E+2,
606.00,7.10148811E+0,
607.00,5.00361328E+2,
608.00,-2.51233170E+2,
609.00,-6.88338440E+2,
610.00,2.73907745E+2,
611.00,-1.37046204E+3,
612.00,5.44040894E+2,
613.00,-6.22370422E+2,
614.00,-5.21403351E+1,
615.00,-1.90077610E+1,
616.00,-6.21742439E+0,
617.00,-3.07772789E+1,
618.00,-4.09702911E+2,
619.00,-4.15826691E+2,
620.00,4.76207184E+2,
621.00,-1.76701447E+2,
622.00,1.68263016E+2,
623.00,-7.40856079E+2,
624.00,-4.27705841E+2,
625.00,-1.59801056E+2,
626.00,-3.00936890E+2,
627.00,-2.41421387E+2,
628.00,-8.01206482E+2,
629.00,-1.90184998E+2,
630.00,-3.62697235E+2,
631.00,-4.42327637E+2,
632.00,-3.62349426E+2,
633.00,-5.45173889E+2,
634.00,-1.71736343E+2,
635.00,-3.31731689E+2,
636.00,-4.69349030E+2,
637.00,-3.12990387E+2,
638.00,-6.57778687E+2,
639.00,1.34065109E+2,
640.00,-1.97740204E+2,
641.00,2.54950729E+2,
642.00,-5.84342537E+1,
643.00,-4.52356812E+2,
644.00,-6.26229439E+1,
645.00,1.04948273E+2,
646.00,-1.12658661E+2,
647.00,-8.97352722E+2,
648.00,-3.64339508E+2,
649.00,-7.41569519E+2,
650.00,-4.03879852E+2,
651.00,-1.06150208E+3,
652.00,-1.31910095E+2,
653.00,-1.73903534E+2,
654.00,-1.70795090E+2,
655.00,-8.87984238E+1,
656.00,1.16875999E+2,
657.00,-1.48577057E+2,
658.00,-2.22753204E+2,
659.00,-5.51007935E+2,
660.00,-5.41830933E+2,
661.00,1.18180290E+2,
662.00,-6.34570885E+1,
663.00,-9.18789978E+2,
664.00,-1.86857819E+2,
665.00,2.67373993E+2,
666.00,3.74057465E+2,
667.00,-4.48688385E+2,
668.00,6.42567673E+1,
669.00,3.26947418E+2,
670.00,-3.65110741E+1,
671.00,8.49566956E+1,
672.00,-2.12419876E+2,
673.00,4.07898224E+2,
674.00,4.42168671E+2,
675.00,6.11464233E+2,
676.00,4.15306616E+0,
677.00,9.64799438E+2,
678.00,2.78200256E+2,
679.00,1.57023621E+2,
680.00,6.41003784E+2,
681.00,7.65148621E+2,
682.00,9.28706116E+2,
683.00,1.19645959E+3,
684.00,1.32610242E+3,
685.00,6.38307129E+2,
686.00,1.30739185E+3,
687.00,1.75973682E+3,
688.00,2.00640833E+3,
689.00,2.01800293E+3,
690.00,2.44900220E+3,
691.00,2.14167188E+3,
692.00,1.95344604E+3,
693.00,3.63899609E+3,
694.00,2.81085278E+3,
695.00,3.81759570E+3,
696.00,3.99909888E+3,
697.00,4.48024023E+3,
698.00,5.56849707E+3,
699.00,5.30492480E+3,
700.00,5.04286475E+3,
701.00,5.82590186E+3,
702.00,5.63909521E+3,
703.00,7.12789014E+3,
704.00,7.10059961E+3,
705.00,7.37528174E+3,
706.00,8.46225684E+3,
707.00,9.70678320E+3,
708.00,9.13710547E+3,
709.00,9.71780176E+3,
710.00,1.11837734E+4,
711.00,1.08873066E+4,
712.00,1.16429893E+4,
713.00,1.24084805E+4,
714.00,1.31612236E+4,
715.00,1.35961992E+4,
716.00,1.50191064E+4,
717.00,1.52757842E+4,
718.00,1.59921670E+4,
719.00,1.70982539E+4,
720.00,1.76793574E+4,
721.00,1.83898145E+4,
722.00,1.95182246E+4,
723.00,2.21001602E+4,
724.00,2.25213320E+4,
725.00,2.36558574E+4,
726.00,2.46019922E+4,
727.00,2.61462695E+4,
728.00,2.75144160E+4,
729.00,2.97708145E+4,
730.00,2.94872891E+4,
731.00,3.19694746E+4,
732.00,3.29450820E+4,
733.00,3.37303828E+4,
734.00,3.54108398E+4,
735.00,3.76034648E+4,
736.00,3.74269141E+4,
737.00,3.96108789E+4,
738.00,4.12669883E+4,
739.00,4.34177539E+4,
740.00,4.65314180E+4,
741.00,4.80010781E+4,
742.00,4.82054375E+4,
743.00,5.13275430E+4,
744.00,5.32585508E+4,
745.00,5.59651289E+4,
746.00,5.72902070E+4,
747.00,5.81868516E+4,
748.00,6.13202070E+4,
749.00,6.50552813E+4,
750.00,6.50888516E+4,
751.00,6.83461250E+4,
752.00,7.04702188E+4,
753.00,7.27137969E+4,
754.00,7.44198438E+4,
755.00,7.84516953E+4,
756.00,7.91950000E+4,
757.00,8.43430156E+4,
758.00,8.55856953E+4,
759.00,8.64635078E+4,
760.00,8.90231484E+4,
761.00,9.17825156E+4,
762.00,9.38938750E+4,
763.00,9.61536641E+4,
764.00,9.89226797E+4,
765.00,1.03221563E+5,
766.00,1.05769406E+5,
767.00,1.08607172E+5,
768.00,1.12423523E+5,
769.00,1.13136773E+5,
770.00,1.16855820E+5,
771.00,1.19691781E+5,
772.00,1.22103133E+5,
773.00,1.24963281E+5,
774.00,1.26559563E+5,
775.00,1.29510109E+5,
776.00,1.31929172E+5,
777.00,1.37052500E+5,
778.00,1.39168344E+5,
779.00,1.41883109E+5,
780.00,1.44352938E+5,
781.00,1.49476719E+5,
782.00,1.50136453E+5,
783.00,1.53468766E+5,
784.00,1.56207484E+5,
785.00,1.60264656E+5,
786.00,1.59660984E+5,
787.00,1.63219188E+5,
788.00,1.67362406E+5,
789.00,1.68876156E+5,
790.00,1.73098078E+5,
791.00,1.74417656E+5,
792.00,1.76287313E+5,
793.00,1.77757906E+5,
794.00,1.79784109E+5,
795.00,1.82747516E+5,
796.00,1.83961125E+5,
797.00,1.87478563E+5,
798.00,1.88307375E+5,
799.00,1.92406844E+5,
800.00,1.95744594E+5,
801.00,1.98686563E+5,
802.00,1.97361297E+5,
803.00,2.00413781E+5,
804.00,2.02737391E+5,
805.00,2.05621375E+5,
806.00,2.06164828E+5,
807.00,2.07519250E+5,
808.00,2.09853594E+5,
809.00,2.14092844E+5,
810.00,2.13489172E+5,
811.00,2.17172219E+5,
812.00,2.18771609E+5,
813.00,2.19481250E+5,
814.00,2.20449906E+5,
815.00,2.21488563E+5,
816.00,2.22289234E+5,
817.00,2.24346297E+5,
818.00,2.23707266E+5,
819.00,2.26780313E+5,
820.00,2.29786969E+5,
821.00,2.27743516E+5,
822.00,2.28093844E+5,
823.00,2.29224406E+5,
824.00,2.29600000E+5,
825.00,2.31851953E+5,
826.00,2.34807250E+5,
827.00,2.34139422E+5,
828.00,2.33288859E+5,
829.00,2.34895391E+5,
830.00,2.35394906E+5,
831.00,2.35436016E+5,
832.00,2.36084031E+5,
833.00,2.36133875E+5,
834.00,2.35652703E+5,
835.00,2.37532531E+5,
836.00,2.34430484E+5,
837.00,2.36589813E+5,
838.00,2.36086828E+5,
839.00,2.37031453E+5,
840.00,2.36122578E+5,
841.00,2.37404094E+5,
842.00,2.37129359E+5,
843.00,2.35836609E+5,
844.00,2.37206734E+5,
845.00,2.39043578E+5,
846.00,2.36833453E+5,
847.00,2.35161047E+5,
848.00,2.35231781E+5,
849.00,2.32458922E+5,
850.00,2.35161531E+5,
851.00,2.33636313E+5,
852.00,2.33959578E+5,
853.00,2.30934500E+5,
854.00,2.31268906E+5,
855.00,2.29988375E+5,
856.00,2.32183766E+5,
857.00,2.29156500E+5,
858.00,2.28588234E+5,
859.00,2.27327328E+5,
860.00,2.26310875E+5,
861.00,2.24399906E+5,
862.00,2.26208891E+5,
863.00,2.24704469E+5,
864.00,2.24269609E+5,
865.00,2.22921188E+5,
866.00,2.20327141E+5,
867.00,2.19522203E+5,
868.00,2.19502609E+5,
869.00,2.17427203E+5,
870.00,2.15508547E+5,
871.00,2.13078438E+5,
872.00,2.12464313E+5,
873.00,2.11260922E+5,
874.00,2.11401766E+5,
875.00,2.10924125E+5,
876.00,2.09034328E+5,
877.00,2.07520766E+5,
878.00,2.05590719E+5,
879.00,2.04478328E+5,
880.00,2.05490797E+5,
881.00,2.03063953E+5,
882.00,2.00063078E+5,
883.00,1.99559859E+5,
884.00,1.98872219E+5,
885.00,1.97437719E+5,
886.00,1.94822938E+5,
887.00,1.94564313E+5,
888.00,1.90937750E+5,
889.00,1.89605938E+5,
890.00,1.86837266E+5,
891.00,1.88213172E+5,
892.00,1.85145063E+5,
893.00,1.84225094E+5,
894.00,1.83174828E+5,
895.00,1.80979219E+5,
896.00,1.80274859E+5,
897.00,1.78636281E+5,
898.00,1.77332984E+5,
899.00,1.76996563E+5,
900.00,1.74673422E+5,
901.00,1.72232875E+5,
902.00,1.70570969E+5,
903.00,1.69887375E+5,
904.00,1.68910969E+5,
905.00,1.66106219E+5,
906.00,1.65370594E+5,
907.00,1.62296828E+5,
908.00,1.62682953E+5,
909.00,1.60784125E+5,
910.00,1.60242500E+5,
911.00,1.57848000E+5,
912.00,1.56211594E+5,
913.00,1.56100703E+5,
914.00,1.55054781E+5,
915.00,1.51902875E+5,
916.00,1.51188516E+5,
917.00,1.49936031E+5,
918.00,1.47000563E+5,
919.00,1.45346609E+5,
920.00,1.44328734E+5,
921.00,1.43072141E+5,
922.00,1.40183094E+5,
923.00,1.40940484E+5,
924.00,1.39281969E+5,
925.00,1.37292031E+5,
926.00,1.36039813E+5,
927.00,1.34555750E+5,
928.00,1.33085094E+5,
929.00,1.31628625E+5,
930.00,1.30301602E+5,
931.00,1.28122422E+5,
932.00,1.27756570E+5,
933.00,1.25285398E+5,
934.00,1.25679180E+5,
935.00,1.23334477E+5,
936.00,1.22180594E+5,
937.00,1.21236211E+5,
938.00,1.18209969E+5,
939.00,1.17586367E+5,
940.00,1.17416086E+5,
941.00,1.15918500E+5,
942.00,1.14924938E+5,
943.00,1.12396742E+5,
944.00,1.10909320E+5,
945.00,1.10265695E+5,
946.00,1.08236516E+5,
947.00,1.07467328E+5,
948.00,1.05518594E+5,
949.00,1.05050984E+5,
950.00,1.03465445E+5,
951.00,1.02263984E+5,
952.00,1.01514602E+5,
953.00,1.00047383E+5,
954.00,9.84078672E+4,
955.00,9.75321875E+4,
956.00,9.67885938E+4,
957.00,9.49110703E+4,
958.00,9.38439531E+4,
959.00,9.33389766E+4,
960.00,9.15236406E+4,
961.00,9.02040000E+4,
962.00,8.90946328E+4,
963.00,8.87944766E+4,
964.00,8.75342266E+4,
965.00,8.62087344E+4,
966.00,8.42441094E+4,
967.00,8.33868906E+4,
968.00,8.21145781E+4,
969.00,8.13450078E+4,
970.00,8.13492109E+4,
971.00,8.00906016E+4,
972.00,7.90459063E+4,
973.00,7.78314922E+4,
974.00,7.67798672E+4,
975.00,7.57880313E+4,
976.00,7.48814922E+4,
977.00,7.34798203E+4,
978.00,7.26620234E+4,
979.00,7.13511953E+4,
980.00,7.08438984E+4,
981.00,6.95382891E+4,
982.00,6.93069219E+4,
983.00,6.82162891E+4,
984.00,6.65035078E+4,
985.00,6.63573828E+4,
986.00,6.51110742E+4,
987.00,6.44298281E+4,
988.00,6.39614219E+4,
989.00,6.27440000E+4,
990.00,6.15747344E+4,
991.00,6.01455195E+4,
992.00,6.04835469E+4,
993.00,5.94438711E+4,
994.00,5.82901719E+4,
995.00,5.80261914E+4,
996.00,5.69422500E+4,
997.00,5.59202891E+4,
998.00,5.48810469E+4,
999.00,5.48771992E+4,
1000.00,5.39811641E+4,
1001.000,5.30520000E+4,
1002.000,5.21000898E+4,
1003.000,5.18901836E+4,
1004.000,5.09221719E+4,
1005.000,5.04903945E+4,
1006.000,4.92736406E+4,
1007.000,4.89049375E+4,
1008.000,4.81554414E+4,
1009.000,4.73445273E+4,
1010.00,4.66073320E+4,
1011.000,4.52252891E+4,
1012.000,4.57075625E+4,
1013.000,4.50874648E+4,
1014.000,4.41624531E+4,
1015.000,4.37866016E+4,
1016.000,4.30448594E+4,
1017.000,4.29012852E+4,
1018.000,4.15980078E+4,
1019.000,4.14520273E+4,
1020.00,4.07156914E+4,
1021.000,3.99333984E+4,
1022.000,3.97572734E+4,
1023.000,3.90551523E+4,
1024.000,3.78247734E+4,
1025.000,3.80696914E+4,
1026.000,3.75241016E+4,
1027.000,3.69436641E+4,
1028.000,3.63142188E+4,
1029.000,3.55851797E+4,
1030.00,3.52518438E+4,
1031.000,3.45486797E+4,
1032.000,3.40181445E+4,
1033.000,3.37555391E+4,
1034.000,3.32207500E+4,
1035.000,3.28262305E+4,
1036.000,3.23402070E+4,
1037.000,3.12541875E+4,
1038.000,3.12267012E+4,
1039.000,3.10662773E+4,
1040.00,3.04270137E+4,
1041.000,3.01681074E+4,
1042.000,2.94517109E+4,
1043.000,2.91281133E+4,
1044.000,2.86932832E+4,
1045.000,2.82756504E+4,
1046.000,2.76668867E+4,
1047.000,2.75134902E+4,
1048.000,2.67321055E+4,
1049.000,2.66760000E+4,
1050.00,2.68133418E+4,
1051.000,2.59315117E+4,
1052.000,2.58696230E+4,
1053.000,2.50238008E+4,
1054.000,2.44121953E+4,
1055.000,2.44252344E+4,
1056.000,2.37485195E+4,
1057.000,2.38086133E+4,
1058.000,2.33151992E+4,
1059.000,2.30483418E+4,
1060.00,2.27898809E+4,
1061.000,2.22690156E+4,
1062.000,2.19266934E+4,
1063.000,2.17084590E+4,
1064.000,2.14842012E+4,
1065.000,2.08087871E+4,
1066.000,2.05323652E+4,
1067.000,2.02221309E+4,
1068.000,1.98903789E+4,
1069.000,1.96230508E+4,
1070.00,1.94771836E+4,
1071.000,1.91108906E+4,
1072.000,1.88059883E+4,
1073.000,1.84202012E+4,
1074.000,1.84129395E+4,
1075.000,1.81242754E+4,
1076.000,1.77788711E+4,
1077.000,1.74085645E+4,
1078.000,1.70594746E+4,
1079.000,1.66729316E+4,
1080.00,1.68145156E+4,
1081.000,1.64101094E+4,
1082.000,1.60789863E+4,
1083.000,1.59287295E+4,
1084.000,1.56172354E+4,
1085.000,1.57037432E+4,
1086.000,1.51712354E+4,
1087.000,1.49109717E+4,
1088.000,1.48229717E+4,
1089.000,1.48144023E+4,
1090.00,1.44804766E+4,
1091.000,1.41215391E+4,
1092.000,1.36369082E+4,
1093.000,1.35485771E+4,
1094.000,1.34787354E+4,
1095.000,1.33089365E+4,
1096.000,1.30780049E+4,
1097.000,1.26955303E+4,
1098.000,1.25567979E+4,
1099.000,1.23825264E+4,
1100.00,1.22152539E+4,
1101.000,1.16802852E+4,
1102.000,1.17706084E+4,
1103.000,1.17855078E+4,
1104.000,1.15623838E+4,
1105.000,1.12034736E+4,
1106.000,1.11964443E+4,
1107.000,1.10546465E+4,
1108.000,1.08451250E+4,
1109.000,1.08029141E+4,
1110.00,1.05922695E+4,
1111.000,1.04263164E+4,
1112.000,1.02215977E+4,
1113.000,1.01911455E+4,
1114.000,9.92274512E+3,
1115.000,9.78373730E+3,
1116.000,9.67988867E+3,
1117.000,9.57621387E+3,
1118.000,9.42129102E+3,
1119.000,9.29476074E+3,
1120.00,9.13557031E+3,
1121.000,8.76463672E+3,
1122.000,8.69011621E+3,
1123.000,8.61341895E+3,
1124.000,8.52716406E+3,
1125.000,8.41894434E+3,
1126.000,8.13609863E+3,
1127.000,8.08729932E+3,
1128.000,7.91343896E+3,
1129.000,7.94148682E+3,
1130.00,7.81940625E+3,
1131.000,7.56489600E+3,
1132.000,7.42773291E+3,
1133.000,7.41822070E+3,
1134.000,7.45041602E+3,
1135.000,7.05767480E+3,
1136.000,6.93446045E+3,
1137.000,6.71308545E+3,
1138.000,6.78319385E+3,
1139.000,6.61369043E+3,
1140.00,6.49264746E+3,
1141.000,6.42265869E+3,
1142.000,6.42066553E+3,
1143.000,6.27424316E+3,
1144.000,6.16307813E+3,
1145.000,6.13828711E+3,
1146.000,5.87418018E+3,
1147.000,5.88166162E+3,
1148.000,5.80182861E+3,
1149.000,5.76624268E+3,
1150.00,5.56868555E+3,
1151.000,5.45683740E+3,
1152.000,5.39964648E+3,
1153.000,5.45178516E+3,
1154.000,5.47122168E+3,
1155.000,5.07803467E+3,
1156.000,5.01430518E+3,
1157.000,5.09256885E+3,
1158.000,4.88210986E+3,
1159.000,5.03723242E+3,
1160.00,4.83705273E+3,
1161.000,4.59587354E+3,
1162.000,4.60560645E+3,
1163.000,4.55717529E+3,
1164.000,4.47758740E+3,
1165.000,4.31772656E+3,
1166.000,4.44985010E+3,
1167.000,4.37593896E+3,
1168.000,4.16407129E+3,
1169.000,4.14132031E+3,
1170.00,4.26034033E+3,
1171.000,4.15081689E+3,
1172.000,3.88235864E+3,
1173.000,3.88820996E+3,
1174.000,3.89442188E+3,
1175.000,3.83961670E+3,
1176.000,3.70742920E+3,
1177.000,3.68131763E+3,
1178.000,3.60745972E+3,
1179.000,3.45291211E+3,
1180.00,3.46722144E+3,
1181.000,3.30371948E+3,
1182.000,3.47444556E+3,
1183.000,3.44826782E+3,
1184.000,3.22148779E+3,
1185.000,3.26578418E+3,
1186.000,3.16915869E+3,
1187.000,3.19978174E+3,
1188.000,3.07806201E+3,
1189.000,3.06477808E+3,
1190.00,3.00687817E+3,
1191.000,2.98017139E+3,
1192.000,2.86393042E+3,
1193.000,2.82820215E+3,
1194.000,2.76909204E+3,
1195.000,2.69722900E+3,
1196.000,2.63851245E+3,
1197.000,2.69260327E+3,
1198.000,2.58730591E+3,
1199.000,2.58202710E+3,
1200.00,2.58425000E+3,
1201.000,2.58018945E+3,
1202.000,2.56384277E+3,
1203.000,2.30090381E+3,
1204.000,2.48119434E+3,
1205.000,2.57829614E+3,
1206.000,2.31190015E+3,
1207.000,2.24008521E+3,
1208.000,2.16910034E+3,
1209.000,2.21686865E+3,
1210.00,2.21603320E+3,
1211.000,2.23165186E+3,
1212.000,2.06216870E+3,
1213.000,2.03801660E+3,
1214.000,2.04703174E+3,
1215.000,1.94234558E+3,
1216.000,1.97338452E+3,
1217.000,1.88973755E+3,
1218.000,1.83767969E+3,
1219.000,1.93684741E+3,
1220.00,1.85301257E+3,
1221.000,1.81840039E+3,
1222.000,1.77122058E+3,
1223.000,1.77836780E+3,
1224.000,1.75046619E+3,
1225.000,1.75106689E+3,
1226.000,1.73445593E+3,
1227.000,1.54692920E+3,
1228.000,1.59407483E+3,
1229.000,1.54828040E+3,
1230.00,1.55144714E+3,
1231.000,1.54954553E+3,
1232.000,1.62919324E+3,
1233.000,1.52241431E+3,
1234.000,1.44118384E+3,
1235.000,1.39059546E+3,
1236.000,1.46918091E+3,
1237.000,1.48696851E+3,
1238.000,1.36841943E+3,
1239.000,1.35651501E+3,
1240.00,1.30630054E+3,
1241.000,1.27071729E+3,
1242.000,1.34010217E+3,
1243.000,1.21413892E+3,
1244.000,1.21881714E+3,
1245.000,1.22364832E+3,
1246.000,1.16748389E+3,
1247.000,1.15915637E+3,
1248.000,1.14959106E+3,
1249.000,1.07258386E+3,
1250.00,1.02720850E+3,
1251.000,1.15982874E+3,
1252.000,1.14880835E+3,
1253.000,1.11905176E+3,
1254.000,9.90102112E+2,
1255.000,1.14135193E+3,
1256.000,1.04579944E+3,
1257.000,1.03243237E+3,
1258.000,9.59206360E+2,
1259.000,9.96623779E+2,
1260.00,9.81686035E+2,
1261.000,9.00859985E+2,
1262.000,8.53501892E+2,
1263.000,8.85616211E+2,
1264.000,8.11401428E+2,
1265.000,9.10986572E+2,
1266.000,7.47163147E+2,
1267.000,7.86927734E+2,
1268.000,7.44918030E+2,
1269.000,7.48869141E+2,
1270.00,7.56866699E+2,
1271.000,7.56738525E+2,
1272.000,7.04450867E+2,
1273.000,6.58750122E+2,
1274.000,6.95488708E+2,
1275.000,7.21923584E+2,
1276.000,7.98629700E+2,
1277.000,7.33020630E+2,
1278.000,7.29311646E+2,
1279.000,6.98807800E+2,
1280.00,5.92858643E+2,
1281.000,6.20716370E+2,
1282.000,5.49750244E+2,
1283.000,5.81933899E+2,
1284.000,5.49813232E+2,
1285.000,6.11825378E+2,
1286.000,5.59881653E+2,
1287.000,6.58071106E+2,
1288.000,4.32454773E+2,
1289.000,5.50099304E+2,
1290.00,6.03502197E+2,
1291.000,5.97222778E+2,
1292.000,5.63746948E+2,
1293.000,5.31540466E+2,
1294.000,5.16168762E+2,
1295.000,4.33852600E+2,
1296.000,4.60219757E+2,
1297.000,4.65414185E+2,
1298.000,1.10051086E+3,
1299.000,5.19759705E+2,
1300.00,4.79362762E+2,
