Labels,0,
Type,Emission Scan,
Comment,,
Start,600.00,
Stop,1300.00,
Step,1.00,
Fixed/Offset,455.00,
Xaxis,Wavelength,
Yaxis,Counts,
Scan Corr. by File,True,
Corr. by Ref. Det.,True,
Fixed/Offset Corr. by File,False,
Repeats,1,
Dwell Time,0.10,
Lamp,Xenon,
Temp,0.00,
Scan Polariser,None,
Scan Slit,2.4999220,
Fixed/Offset Polariser,None,
Fixed/Offset Slit,2.4999950,
Detector,Det2,

600.00,2.64725830E+2,
601.00,5.08996460E+2,
602.00,1.49812402E+3,
603.00,2.77148560E+2,
604.00,5.10612244E+2,
605.00,2.23002548E+2,
606.00,7.37709656E+2,
607.00,5.14557983E+2,
608.00,-3.49817123E+1,
609.00,3.20069336E+2,
610.00,1.03652405E+2,
611.00,3.11419769E+2,
612.00,4.83403564E+2,
613.00,4.53966949E+2,
614.00,5.85486084E+2,
615.00,4.84106781E+2,
616.00,1.02369019E+3,
617.00,9.74276062E+2,
618.00,9.25394348E+2,
619.00,8.19817261E+2,
620.00,8.35280380E+1,
621.00,9.98834763E+1,
622.00,3.43761444E+2,
623.00,5.53812805E+2,
624.00,1.15872461E+3,
625.00,5.28559937E+2,
626.00,3.44649780E+2,
627.00,2.68793701E+2,
628.00,2.42508102E+2,
629.00,6.28344177E+2,
630.00,8.04141663E+2,
631.00,8.66009216E+1,
632.00,3.96108459E+2,
633.00,4.79013786E+1,
634.00,2.95354340E+2,
635.00,4.08995148E+2,
636.00,3.16491699E+2,
637.00,-1.40828522E+2,
638.00,7.57897568E+1,
639.00,-1.22759987E+2,
640.00,-3.55064507E+1,
641.00,2.54952850E+2,
642.00,-1.91889221E+2,
643.00,3.12937984E+1,
644.00,-1.56997314E+2,
645.00,-2.34231567E+1,
646.00,1.81890320E+2,
647.00,2.60136200E+2,
648.00,-5.05689278E+1,
649.00,3.65832245E+2,
650.00,2.95355225E+2,
651.00,4.87742096E+2,
652.00,2.51069382E+2,
653.00,3.88642430E+0,
654.00,1.42856140E+2,
655.00,3.67521484E+2,
656.00,7.17686096E+2,
657.00,4.63078094E+2,
658.00,2.03461060E+2,
659.00,2.05024429E+2,
660.00,2.36279202E+1,
661.00,3.87367767E+2,
662.00,6.74136841E+2,
663.00,7.39376953E+2,
664.00,8.89279907E+2,
665.00,5.59046288E+1,
666.00,4.26846497E+2,
667.00,6.34935059E+2,
668.00,4.27262207E+2,
669.00,1.00650293E+3,
670.00,9.72223633E+2,
671.00,1.09925195E+3,
672.00,7.41517273E+2,
673.00,1.03925513E+3,
674.00,5.95825012E+2,
675.00,1.17210901E+3,
676.00,9.81350403E+2,
677.00,1.60300488E+3,
678.00,1.57155908E+3,
679.00,1.34585999E+3,
680.00,1.00084784E+3,
681.00,1.51318945E+3,
682.00,1.08343896E+3,
683.00,2.08762915E+3,
684.00,1.93394055E+3,
685.00,2.13864331E+3,
686.00,1.97939636E+3,
687.00,1.98280188E+3,
688.00,2.59759473E+3,
689.00,2.87966797E+3,
690.00,3.04841821E+3,
691.00,3.39324927E+3,
692.00,3.51242383E+3,
693.00,3.37372217E+3,
694.00,3.46854053E+3,
695.00,4.65473926E+3,
696.00,4.47137158E+3,
697.00,5.89172803E+3,
698.00,5.42118848E+3,
699.00,6.98682666E+3,
700.00,6.43965869E+3,
701.00,6.70869824E+3,
702.00,6.77784326E+3,
703.00,8.12433936E+3,
704.00,7.50302246E+3,
705.00,8.58478906E+3,
706.00,9.75330371E+3,
707.00,1.03437949E+4,
708.00,1.01084365E+4,
709.00,1.06080986E+4,
710.00,1.10700225E+4,
711.00,1.20478799E+4,
712.00,1.26335391E+4,
713.00,1.36277891E+4,
714.00,1.43594658E+4,
715.00,1.50792910E+4,
716.00,1.55166572E+4,
717.00,1.70562461E+4,
718.00,1.67198418E+4,
719.00,1.81323945E+4,
720.00,1.88371875E+4,
721.00,1.95915137E+4,
722.00,2.11417324E+4,
723.00,2.29619863E+4,
724.00,2.35013672E+4,
725.00,2.44338008E+4,
726.00,2.48889570E+4,
727.00,2.70046543E+4,
728.00,2.90178203E+4,
729.00,2.92602109E+4,
730.00,3.16005059E+4,
731.00,3.09950762E+4,
732.00,3.34150313E+4,
733.00,3.51775742E+4,
734.00,3.71953281E+4,
735.00,3.91674531E+4,
736.00,3.91946094E+4,
737.00,4.17201836E+4,
738.00,4.39718359E+4,
739.00,4.41157773E+4,
740.00,4.63098594E+4,
741.00,4.86607734E+4,
742.00,5.02335977E+4,
743.00,5.31682695E+4,
744.00,5.50242422E+4,
745.00,5.65030703E+4,
746.00,5.94635117E+4,
747.00,6.06719844E+4,
748.00,6.33786250E+4,
749.00,6.53685508E+4,
750.00,6.80182031E+4,
751.00,7.06359609E+4,
752.00,7.28920859E+4,
753.00,7.46856172E+4,
754.00,7.75911719E+4,
755.00,8.10203125E+4,
756.00,8.34442969E+4,
757.00,8.64723828E+4,
758.00,8.90035078E+4,
759.00,9.12797891E+4,
760.00,9.38496250E+4,
761.00,9.60260703E+4,
762.00,9.86955391E+4,
763.00,1.01873172E+5,
764.00,1.04742102E+5,
765.00,1.09005055E+5,
766.00,1.11909039E+5,
767.00,1.12921148E+5,
768.00,1.16478359E+5,
769.00,1.20521023E+5,
770.00,1.22614406E+5,
771.00,1.25174492E+5,
772.00,1.27987336E+5,
773.00,1.31592984E+5,
774.00,1.36719156E+5,
775.00,1.38712906E+5,
776.00,1.40880172E+5,
777.00,1.44154125E+5,
778.00,1.46964500E+5,
779.00,1.50369094E+5,
780.00,1.56944500E+5,
781.00,1.57885109E+5,
782.00,1.58934141E+5,
783.00,1.62111172E+5,
784.00,1.65098453E+5,
785.00,1.68732688E+5,
786.00,1.73308641E+5,
787.00,1.74832313E+5,
788.00,1.78259406E+5,
789.00,1.79938938E+5,
790.00,1.84299234E+5,
791.00,1.84825703E+5,
792.00,1.87992547E+5,
793.00,1.92811656E+5,
794.00,1.94814766E+5,
795.00,1.98011078E+5,
796.00,1.99497203E+5,
797.00,2.02654047E+5,
798.00,2.04347828E+5,
799.00,2.09291813E+5,
800.00,2.10396125E+5,
801.00,2.12210266E+5,
802.00,2.16714047E+5,
803.00,2.17665313E+5,
804.00,2.21003016E+5,
805.00,2.22223781E+5,
806.00,2.25482469E+5,
807.00,2.26952188E+5,
808.00,2.28054438E+5,
809.00,2.29656938E+5,
810.00,2.35228219E+5,
811.00,2.35902313E+5,
812.00,2.37142031E+5,
813.00,2.38776422E+5,
814.00,2.40010531E+5,
815.00,2.39987813E+5,
816.00,2.43156578E+5,
817.00,2.45208203E+5,
818.00,2.48830781E+5,
819.00,2.48822906E+5,
820.00,2.49539719E+5,
821.00,2.48672250E+5,
822.00,2.55251266E+5,
823.00,2.52901203E+5,
824.00,2.54760297E+5,
825.00,2.55149922E+5,
826.00,2.54240141E+5,
827.00,2.56967797E+5,
828.00,2.54446781E+5,
829.00,2.57263844E+5,
830.00,2.59394766E+5,
831.00,2.61336734E+5,
832.00,2.60728188E+5,
833.00,2.59984031E+5,
834.00,2.61164875E+5,
835.00,2.61450594E+5,
836.00,2.60251609E+5,
837.00,2.62365438E+5,
838.00,2.61915109E+5,
839.00,2.62810469E+5,
840.00,2.63295719E+5,
841.00,2.64552656E+5,
842.00,2.65782375E+5,
843.00,2.62779281E+5,
844.00,2.64047500E+5,
845.00,2.60783766E+5,
846.00,2.60754891E+5,
847.00,2.62602469E+5,
848.00,2.59813938E+5,
849.00,2.61948406E+5,
850.00,2.61072328E+5,
851.00,2.59222344E+5,
852.00,2.61128391E+5,
853.00,2.59282578E+5,
854.00,2.55910438E+5,
855.00,2.58296844E+5,
856.00,2.57297469E+5,
857.00,2.57496484E+5,
858.00,2.54889344E+5,
859.00,2.54380453E+5,
860.00,2.54092891E+5,
861.00,2.53076047E+5,
862.00,2.52470141E+5,
863.00,2.49729406E+5,
864.00,2.50538281E+5,
865.00,2.46837297E+5,
866.00,2.48223578E+5,
867.00,2.45051109E+5,
868.00,2.46131969E+5,
869.00,2.43292609E+5,
870.00,2.42850047E+5,
871.00,2.40275109E+5,
872.00,2.40822484E+5,
873.00,2.38788906E+5,
874.00,2.36307828E+5,
875.00,2.37629094E+5,
876.00,2.35912734E+5,
877.00,2.34639547E+5,
878.00,2.32039891E+5,
879.00,2.31739109E+5,
880.00,2.28016813E+5,
881.00,2.27211188E+5,
882.00,2.25652531E+5,
883.00,2.24723406E+5,
884.00,2.23372766E+5,
885.00,2.21931016E+5,
886.00,2.20477344E+5,
887.00,2.18000250E+5,
888.00,2.15864063E+5,
889.00,2.15562000E+5,
890.00,2.14491516E+5,
891.00,2.11039797E+5,
892.00,2.08860469E+5,
893.00,2.09081266E+5,
894.00,2.05798609E+5,
895.00,2.05239734E+5,
896.00,2.03201938E+5,
897.00,2.02318344E+5,
898.00,1.99446516E+5,
899.00,1.99065422E+5,
900.00,1.96642797E+5,
901.00,1.96314172E+5,
902.00,1.94335375E+5,
903.00,1.93222438E+5,
904.00,1.90091188E+5,
905.00,1.89350406E+5,
906.00,1.86421063E+5,
907.00,1.87457094E+5,
908.00,1.84914703E+5,
909.00,1.83319203E+5,
910.00,1.80484453E+5,
911.00,1.79330531E+5,
912.00,1.77884172E+5,
913.00,1.77916563E+5,
914.00,1.74901891E+5,
915.00,1.73083859E+5,
916.00,1.71831234E+5,
917.00,1.69933563E+5,
918.00,1.68258969E+5,
919.00,1.68656828E+5,
920.00,1.64214281E+5,
921.00,1.64457188E+5,
922.00,1.63195438E+5,
923.00,1.59963609E+5,
924.00,1.58262438E+5,
925.00,1.57047984E+5,
926.00,1.55709922E+5,
927.00,1.55449297E+5,
928.00,1.51092453E+5,
929.00,1.50050188E+5,
930.00,1.47742453E+5,
931.00,1.46731906E+5,
932.00,1.46429188E+5,
933.00,1.44501391E+5,
934.00,1.44281719E+5,
935.00,1.42728141E+5,
936.00,1.40470922E+5,
937.00,1.37810219E+5,
938.00,1.36782063E+5,
939.00,1.35347563E+5,
940.00,1.34361625E+5,
941.00,1.33271703E+5,
942.00,1.31383922E+5,
943.00,1.29136266E+5,
944.00,1.27307984E+5,
945.00,1.26435852E+5,
946.00,1.25075805E+5,
947.00,1.24033234E+5,
948.00,1.22981813E+5,
949.00,1.20820961E+5,
950.00,1.19237359E+5,
951.00,1.18182148E+5,
952.00,1.16710289E+5,
953.00,1.15157703E+5,
954.00,1.13229914E+5,
955.00,1.12466328E+5,
956.00,1.10964813E+5,
957.00,1.09563984E+5,
958.00,1.08836063E+5,
959.00,1.07479594E+5,
960.00,1.06890461E+5,
961.00,1.04861695E+5,
962.00,1.03668625E+5,
963.00,1.02013828E+5,
964.00,1.01299711E+5,
965.00,9.89173203E+4,
966.00,9.82663047E+4,
967.00,9.72777266E+4,
968.00,9.52327109E+4,
969.00,9.51527031E+4,
970.00,9.35704766E+4,
971.00,9.25642656E+4,
972.00,9.12583516E+4,
973.00,8.96389531E+4,
974.00,8.91225234E+4,
975.00,8.79367188E+4,
976.00,8.60049375E+4,
977.00,8.52215938E+4,
978.00,8.46463984E+4,
979.00,8.31953359E+4,
980.00,8.24833125E+4,
981.00,8.15541563E+4,
982.00,8.04745156E+4,
983.00,7.94728203E+4,
984.00,7.76354531E+4,
985.00,7.70878516E+4,
986.00,7.63557422E+4,
987.00,7.54217656E+4,
988.00,7.42903438E+4,
989.00,7.31382578E+4,
990.00,7.14642266E+4,
991.00,7.10020000E+4,
992.00,7.05158125E+4,
993.00,6.91838828E+4,
994.00,6.87217031E+4,
995.00,6.75572031E+4,
996.00,6.58848750E+4,
997.00,6.54636211E+4,
998.00,6.45642266E+4,
999.00,6.37243438E+4,
1000.00,6.26851797E+4,
1001.000,6.21550898E+4,
1002.000,6.13802930E+4,
1003.000,6.01924219E+4,
1004.000,5.92787266E+4,
1005.000,5.88613320E+4,
1006.000,5.81913203E+4,
1007.000,5.71946289E+4,
1008.000,5.62421992E+4,
1009.000,5.56655313E+4,
1010.00,5.44883984E+4,
1011.000,5.41412852E+4,
1012.000,5.36202227E+4,
1013.000,5.23772578E+4,
1014.000,5.22441055E+4,
1015.000,5.09855352E+4,
1016.000,5.01858125E+4,
1017.000,4.96697227E+4,
1018.000,4.90763906E+4,
1019.000,4.82954609E+4,
1020.00,4.79296797E+4,
1021.000,4.74042695E+4,
1022.000,4.61944883E+4,
1023.000,4.58335078E+4,
1024.000,4.49722266E+4,
1025.000,4.47293125E+4,
1026.000,4.34218125E+4,
1027.000,4.36078945E+4,
1028.000,4.27062852E+4,
1029.000,4.21966563E+4,
1030.00,4.15213828E+4,
1031.000,4.12212305E+4,
1032.000,4.08313438E+4,
1033.000,3.97813438E+4,
1034.000,3.94894766E+4,
1035.000,3.85958242E+4,
1036.000,3.83160547E+4,
1037.000,3.74640156E+4,
1038.000,3.74255742E+4,
1039.000,3.64824258E+4,
1040.00,3.58171680E+4,
1041.000,3.55052422E+4,
1042.000,3.50522070E+4,
1043.000,3.42235820E+4,
1044.000,3.45336563E+4,
1045.000,3.32004453E+4,
1046.000,3.29466367E+4,
1047.000,3.22820898E+4,
1048.000,3.19776035E+4,
1049.000,3.14747520E+4,
1050.00,3.14862520E+4,
1051.000,3.08888008E+4,
1052.000,3.02454355E+4,
1053.000,2.95747266E+4,
1054.000,2.91428828E+4,
1055.000,2.89241230E+4,
1056.000,2.87762910E+4,
1057.000,2.79582090E+4,
1058.000,2.77243105E+4,
1059.000,2.71908359E+4,
1060.00,2.67930684E+4,
1061.000,2.66328496E+4,
1062.000,2.61723906E+4,
1063.000,2.54698711E+4,
1064.000,2.52144082E+4,
1065.000,2.49256367E+4,
1066.000,2.44147969E+4,
1067.000,2.40425996E+4,
1068.000,2.40269004E+4,
1069.000,2.36290000E+4,
1070.00,2.31346270E+4,
1071.000,2.26186426E+4,
1072.000,2.27104375E+4,
1073.000,2.23790254E+4,
1074.000,2.19234336E+4,
1075.000,2.16278281E+4,
1076.000,2.13092480E+4,
1077.000,2.08793086E+4,
1078.000,2.07943340E+4,
1079.000,2.03250020E+4,
1080.00,1.97489316E+4,
1081.000,1.97229121E+4,
1082.000,1.93071250E+4,
1083.000,1.92349551E+4,
1084.000,1.87976621E+4,
1085.000,1.84102598E+4,
1086.000,1.82820508E+4,
1087.000,1.81824277E+4,
1088.000,1.77995566E+4,
1089.000,1.76053086E+4,
1090.00,1.74695508E+4,
1091.000,1.70972148E+4,
1092.000,1.66747676E+4,
1093.000,1.62924961E+4,
1094.000,1.61800059E+4,
1095.000,1.60072002E+4,
1096.000,1.57711797E+4,
1097.000,1.53665703E+4,
1098.000,1.51462969E+4,
1099.000,1.51298320E+4,
1100.00,1.48255947E+4,
1101.000,1.47759531E+4,
1102.000,1.43786533E+4,
1103.000,1.42237256E+4,
1104.000,1.40022686E+4,
1105.000,1.36232168E+4,
1106.000,1.35944258E+4,
1107.000,1.33364678E+4,
1108.000,1.32132168E+4,
1109.000,1.28333555E+4,
1110.00,1.25017217E+4,
1111.000,1.24783535E+4,
1112.000,1.22732314E+4,
1113.000,1.20819131E+4,
1114.000,1.17563223E+4,
1115.000,1.18041943E+4,
1116.000,1.15703213E+4,
1117.000,1.15106777E+4,
1118.000,1.11902686E+4,
1119.000,1.11746582E+4,
1120.00,1.08830908E+4,
1121.000,1.08088604E+4,
1122.000,1.07427500E+4,
1123.000,1.05592705E+4,
1124.000,1.04041211E+4,
1125.000,1.01445928E+4,
1126.000,9.99438965E+3,
1127.000,9.84238965E+3,
1128.000,9.71130078E+3,
1129.000,9.43447070E+3,
1130.00,9.27290137E+3,
1131.000,9.43229980E+3,
1132.000,9.14140625E+3,
1133.000,8.93340430E+3,
1134.000,8.77170605E+3,
1135.000,8.86292285E+3,
1136.000,8.50159668E+3,
1137.000,8.50555469E+3,
1138.000,8.37432715E+3,
1139.000,8.29368652E+3,
1140.00,7.91280225E+3,
1141.000,7.96649902E+3,
1142.000,7.78216797E+3,
1143.000,7.74014551E+3,
1144.000,7.41891357E+3,
1145.000,7.57988232E+3,
1146.000,7.57095215E+3,
1147.000,7.35777344E+3,
1148.000,7.00166602E+3,
1149.000,7.02248291E+3,
1150.00,6.96282178E+3,
1151.000,6.70725781E+3,
1152.000,6.94421143E+3,
1153.000,6.66164795E+3,
1154.000,6.51428857E+3,
1155.000,6.34339111E+3,
1156.000,6.24458936E+3,
1157.000,6.23530811E+3,
1158.000,6.18924658E+3,
1159.000,6.16121777E+3,
1160.00,5.93835352E+3,
1161.000,5.76796045E+3,
1162.000,5.61447021E+3,
1163.000,5.66118799E+3,
1164.000,5.71350781E+3,
1165.000,5.62526270E+3,
1166.000,5.42745850E+3,
1167.000,5.23701709E+3,
1168.000,5.35931055E+3,
1169.000,5.14285449E+3,
1170.00,5.13260156E+3,
1171.000,4.92508838E+3,
1172.000,4.94186719E+3,
1173.000,4.89333643E+3,
1174.000,4.79791309E+3,
1175.000,4.84414502E+3,
1176.000,4.69806787E+3,
1177.000,4.70290869E+3,
1178.000,4.66528174E+3,
1179.000,4.48824072E+3,
1180.00,4.47848535E+3,
1181.000,4.33322949E+3,
1182.000,4.24767529E+3,
1183.000,4.17482422E+3,
1184.000,4.10294580E+3,
1185.000,3.98209619E+3,
1186.000,4.04043945E+3,
1187.000,4.00188940E+3,
1188.000,3.86895996E+3,
1189.000,3.89246167E+3,
1190.00,3.71243408E+3,
1191.000,3.65232349E+3,
1192.000,3.64324316E+3,
1193.000,3.61606274E+3,
1194.000,3.50231055E+3,
1195.000,3.56636646E+3,
1196.000,3.40497388E+3,
1197.000,3.40802173E+3,
1198.000,3.29228687E+3,
1199.000,3.40953125E+3,
1200.00,3.21227148E+3,
1201.000,3.18384497E+3,
1202.000,3.20809351E+3,
1203.000,3.07461987E+3,
1204.000,3.18014111E+3,
1205.000,3.11152417E+3,
1206.000,2.94457129E+3,
1207.000,3.00816992E+3,
1208.000,2.93358667E+3,
1209.000,2.91349048E+3,
1210.00,2.72925928E+3,
1211.000,2.78764282E+3,
1212.000,2.74625830E+3,
1213.000,2.80140869E+3,
1214.000,2.66492676E+3,
1215.000,2.59293970E+3,
1216.000,2.54592212E+3,
1217.000,2.60508228E+3,
1218.000,2.40739648E+3,
1219.000,2.41418506E+3,
1220.00,2.36537378E+3,
1221.000,2.47611304E+3,
1222.000,2.42051855E+3,
1223.000,2.28344946E+3,
1224.000,2.27272046E+3,
1225.000,2.18680981E+3,
1226.000,2.24338281E+3,
1227.000,2.14418042E+3,
1228.000,2.07539795E+3,
1229.000,2.20958130E+3,
1230.00,2.19537183E+3,
1231.000,2.14473193E+3,
1232.000,1.99940344E+3,
1233.000,1.99639307E+3,
1234.000,1.97108130E+3,
1235.000,1.92088892E+3,
1236.000,1.87323145E+3,
1237.000,1.90802783E+3,
1238.000,1.90341211E+3,
1239.000,1.80913354E+3,
1240.00,1.76760498E+3,
1241.000,1.71130188E+3,
1242.000,1.75355566E+3,
1243.000,1.76218494E+3,
1244.000,1.57412463E+3,
1245.000,1.73157874E+3,
1246.000,1.55197021E+3,
1247.000,1.65871277E+3,
1248.000,1.57247083E+3,
1249.000,1.64892456E+3,
1250.00,1.66876172E+3,
1251.000,1.51165417E+3,
1252.000,1.54539307E+3,
1253.000,1.45871851E+3,
1254.000,1.42626575E+3,
1255.000,1.39175439E+3,
1256.000,1.46010706E+3,
1257.000,1.41808228E+3,
1258.000,1.30708740E+3,
1259.000,1.26050342E+3,
1260.00,1.33675610E+3,
1261.000,1.23540637E+3,
1262.000,1.27593579E+3,
1263.000,1.39123633E+3,
1264.000,1.17415796E+3,
1265.000,1.11323767E+3,
1266.000,1.09557397E+3,
1267.000,1.18819824E+3,
1268.000,1.17314270E+3,
1269.000,1.15068335E+3,
1270.00,1.11266541E+3,
1271.000,1.07729541E+3,
1272.000,1.08446936E+3,
1273.000,1.01395575E+3,
1274.000,9.28266663E+2,
1275.000,1.05251440E+3,
1276.000,9.91635925E+2,
1277.000,9.12713440E+2,
1278.000,1.02449390E+3,
1279.000,9.88151978E+2,
1280.00,9.40917358E+2,
1281.000,9.55021729E+2,
1282.000,9.09303711E+2,
1283.000,9.57389709E+2,
1284.000,9.39927002E+2,
1285.000,8.15180298E+2,
1286.000,8.94929260E+2,
1287.000,8.22751282E+2,
1288.000,9.02485718E+2,
1289.000,8.72253967E+2,
1290.00,7.55364319E+2,
1291.000,8.36635620E+2,
1292.000,7.66747925E+2,
1293.000,7.31511841E+2,
1294.000,7.63377380E+2,
1295.000,8.11755554E+2,
1296.000,7.77302551E+2,
1297.000,7.82842712E+2,
1298.000,7.27283264E+2,
1299.000,7.40890137E+2,
1300.00,7.18207947E+2,
