Labels,0,
Type,Emission Scan,
Comment,,
Start,600.00,
Stop,1300.00,
Step,1.00,
Fixed/Offset,455.00,
Xaxis,Wavelength,
Yaxis,Counts,
Scan Corr. by File,True,
Corr. by Ref. Det.,True,
Fixed/Offset Corr. by File,False,
Repeats,1,
Dwell Time,0.10,
Lamp,Xenon,
Temp,0.00,
Scan Polariser,None,
Scan Slit,2.4999220,
Fixed/Offset Polariser,None,
Fixed/Offset Slit,2.4999950,
Detector,Det2,

600.00,3.44222748E+2,
601.00,-2.14368744E+2,
602.00,7.64868042E+2,
603.00,-1.72423813E+2,
604.00,7.28664429E+2,
605.00,4.69157776E+2,
606.00,-5.03057251E+2,
607.00,-4.56765106E+2,
608.00,3.35818878E+2,
609.00,-1.31824402E+2,
610.00,-2.07138489E+2,
611.00,1.95598312E+2,
612.00,-2.38780212E+2,
613.00,2.56013977E+2,
614.00,1.09877698E+3,
615.00,9.03086914E+2,
616.00,3.57704590E+2,
617.00,1.54746353E+2,
618.00,6.59072266E+2,
619.00,1.32360336E+2,
620.00,8.31111145E+1,
621.00,-4.84215118E+2,
622.00,6.67700134E+2,
623.00,6.86630554E+1,
624.00,-5.63528633E+1,
625.00,-7.20961304E+1,
626.00,1.58988251E+2,
627.00,9.65406860E+2,
628.00,8.89475403E+1,
629.00,-5.61093292E+1,
630.00,2.98710251E+1,
631.00,3.07800110E+2,
632.00,1.19340630E+2,
633.00,7.37693787E+2,
634.00,3.37385956E+2,
635.00,1.02279976E+2,
636.00,5.67639694E+1,
637.00,2.49204086E+2,
638.00,1.94768875E+2,
639.00,4.36237915E+2,
640.00,3.30116516E+2,
641.00,-1.17283333E+2,
642.00,2.58738647E+2,
643.00,2.23222458E+2,
644.00,3.54985443E+2,
645.00,-2.72451057E+1,
646.00,5.82765137E+2,
647.00,-2.25409561E+2,
648.00,-4.66225014E+1,
649.00,3.89717674E+1,
650.00,0.00000000E+0,
651.00,4.21966858E+2,
652.00,2.84755493E+2,
653.00,3.12887146E+2,
654.00,4.04192352E+2,
655.00,1.86536148E+2,
656.00,3.28081024E+2,
657.00,2.96160004E+2,
658.00,1.96016541E+2,
659.00,2.89490875E+2,
660.00,7.33284119E+2,
661.00,7.15774719E+2,
662.00,2.96338562E+2,
663.00,3.04061768E+2,
664.00,2.66297058E+2,
665.00,1.59929077E+2,
666.00,5.58460754E+2,
667.00,-6.41474152E+1,
668.00,8.17776489E+2,
669.00,1.94091553E+2,
670.00,1.78463211E+2,
671.00,1.33100781E+3,
672.00,4.07643127E+2,
673.00,8.27885498E+2,
674.00,6.62591675E+2,
675.00,1.40190381E+3,
676.00,7.99359680E+2,
677.00,7.13354797E+2,
678.00,5.44477173E+2,
679.00,1.85296521E+3,
680.00,1.09720593E+3,
681.00,1.75756677E+3,
682.00,1.30480750E+3,
683.00,1.54895105E+3,
684.00,1.82277734E+3,
685.00,2.33965845E+3,
686.00,2.08981250E+3,
687.00,1.94302832E+3,
688.00,2.28720142E+3,
689.00,2.43908594E+3,
690.00,2.35957275E+3,
691.00,3.43405347E+3,
692.00,2.92169800E+3,
693.00,4.42398633E+3,
694.00,4.04119360E+3,
695.00,4.30986963E+3,
696.00,5.05801367E+3,
697.00,4.93643604E+3,
698.00,6.07316260E+3,
699.00,5.10480469E+3,
700.00,6.28727783E+3,
701.00,6.62197852E+3,
702.00,7.56389111E+3,
703.00,8.10407666E+3,
704.00,8.63942676E+3,
705.00,8.91600195E+3,
706.00,9.22431836E+3,
707.00,9.94537891E+3,
708.00,1.08071426E+4,
709.00,1.09184922E+4,
710.00,1.11765010E+4,
711.00,1.21739902E+4,
712.00,1.29116328E+4,
713.00,1.33658633E+4,
714.00,1.50660420E+4,
715.00,1.51834492E+4,
716.00,1.65068340E+4,
717.00,1.68330742E+4,
718.00,1.83535547E+4,
719.00,1.87030586E+4,
720.00,2.03948438E+4,
721.00,1.93630781E+4,
722.00,2.20319063E+4,
723.00,2.36722383E+4,
724.00,2.47122188E+4,
725.00,2.39164902E+4,
726.00,2.66424238E+4,
727.00,2.79284746E+4,
728.00,2.89047188E+4,
729.00,3.01827363E+4,
730.00,3.16416719E+4,
731.00,3.32632227E+4,
732.00,3.51119141E+4,
733.00,3.51450742E+4,
734.00,3.71361289E+4,
735.00,3.83699180E+4,
736.00,4.02817930E+4,
737.00,4.11740742E+4,
738.00,4.36445664E+4,
739.00,4.47866758E+4,
740.00,4.63780156E+4,
741.00,4.97028047E+4,
742.00,5.08364375E+4,
743.00,5.37607852E+4,
744.00,5.57408047E+4,
745.00,5.84571250E+4,
746.00,5.98113945E+4,
747.00,6.05549258E+4,
748.00,6.30862148E+4,
749.00,6.81686016E+4,
750.00,6.83426016E+4,
751.00,7.12229688E+4,
752.00,7.46248906E+4,
753.00,7.60292422E+4,
754.00,7.95315469E+4,
755.00,8.17106016E+4,
756.00,8.28358594E+4,
757.00,8.69241875E+4,
758.00,8.79667266E+4,
759.00,9.07422656E+4,
760.00,9.38544375E+4,
761.00,9.65512656E+4,
762.00,1.00481953E+5,
763.00,1.03302555E+5,
764.00,1.03894281E+5,
765.00,1.07770094E+5,
766.00,1.10613258E+5,
767.00,1.13902672E+5,
768.00,1.17637195E+5,
769.00,1.19706602E+5,
770.00,1.22676992E+5,
771.00,1.25785906E+5,
772.00,1.27015055E+5,
773.00,1.30264141E+5,
774.00,1.33866500E+5,
775.00,1.35774172E+5,
776.00,1.39602172E+5,
777.00,1.44242594E+5,
778.00,1.46902172E+5,
779.00,1.48788719E+5,
780.00,1.51774781E+5,
781.00,1.55443516E+5,
782.00,1.58194109E+5,
783.00,1.62299797E+5,
784.00,1.64762000E+5,
785.00,1.66190063E+5,
786.00,1.69541531E+5,
787.00,1.73507484E+5,
788.00,1.73588984E+5,
789.00,1.78578516E+5,
790.00,1.80843875E+5,
791.00,1.84962719E+5,
792.00,1.85881719E+5,
793.00,1.89132313E+5,
794.00,1.93465094E+5,
795.00,1.93042484E+5,
796.00,1.96426703E+5,
797.00,1.98485234E+5,
798.00,2.02836844E+5,
799.00,2.03980219E+5,
800.00,2.08229875E+5,
801.00,2.09475078E+5,
802.00,2.11200125E+5,
803.00,2.14659813E+5,
804.00,2.14897156E+5,
805.00,2.17283563E+5,
806.00,2.20095344E+5,
807.00,2.19194719E+5,
808.00,2.25219875E+5,
809.00,2.24852875E+5,
810.00,2.26211875E+5,
811.00,2.31090469E+5,
812.00,2.30085922E+5,
813.00,2.31800953E+5,
814.00,2.33010797E+5,
815.00,2.37794594E+5,
816.00,2.38295578E+5,
817.00,2.40540359E+5,
818.00,2.39921594E+5,
819.00,2.41023172E+5,
820.00,2.43299078E+5,
821.00,2.40585969E+5,
822.00,2.43120156E+5,
823.00,2.45515141E+5,
824.00,2.46807172E+5,
825.00,2.46319969E+5,
826.00,2.47047891E+5,
827.00,2.49006828E+5,
828.00,2.48191094E+5,
829.00,2.50614656E+5,
830.00,2.50313938E+5,
831.00,2.50098984E+5,
832.00,2.50875516E+5,
833.00,2.49986125E+5,
834.00,2.51352719E+5,
835.00,2.52101391E+5,
836.00,2.52349141E+5,
837.00,2.50781781E+5,
838.00,2.52281672E+5,
839.00,2.51628047E+5,
840.00,2.54240875E+5,
841.00,2.53073719E+5,
842.00,2.52682094E+5,
843.00,2.51144125E+5,
844.00,2.53525859E+5,
845.00,2.51779031E+5,
846.00,2.53171250E+5,
847.00,2.50802969E+5,
848.00,2.51125672E+5,
849.00,2.51301156E+5,
850.00,2.48796484E+5,
851.00,2.48797891E+5,
852.00,2.50401734E+5,
853.00,2.49351250E+5,
854.00,2.48321094E+5,
855.00,2.48681250E+5,
856.00,2.47137438E+5,
857.00,2.46049125E+5,
858.00,2.46000703E+5,
859.00,2.46258250E+5,
860.00,2.42499031E+5,
861.00,2.42927531E+5,
862.00,2.42111203E+5,
863.00,2.41980031E+5,
864.00,2.40664047E+5,
865.00,2.36672906E+5,
866.00,2.36165953E+5,
867.00,2.36705844E+5,
868.00,2.33186891E+5,
869.00,2.33397359E+5,
870.00,2.30862797E+5,
871.00,2.31236078E+5,
872.00,2.29892109E+5,
873.00,2.27872203E+5,
874.00,2.27325750E+5,
875.00,2.25301078E+5,
876.00,2.25389531E+5,
877.00,2.22439922E+5,
878.00,2.21744297E+5,
879.00,2.18541906E+5,
880.00,2.18339203E+5,
881.00,2.17099719E+5,
882.00,2.14979703E+5,
883.00,2.14237672E+5,
884.00,2.13530375E+5,
885.00,2.10793422E+5,
886.00,2.10395750E+5,
887.00,2.08573188E+5,
888.00,2.06453828E+5,
889.00,2.07962016E+5,
890.00,2.04521906E+5,
891.00,2.02861328E+5,
892.00,2.00163422E+5,
893.00,1.98788750E+5,
894.00,1.96790719E+5,
895.00,1.95661969E+5,
896.00,1.95905172E+5,
897.00,1.94606313E+5,
898.00,1.92318766E+5,
899.00,1.89787234E+5,
900.00,1.87861594E+5,
901.00,1.87151000E+5,
902.00,1.85532453E+5,
903.00,1.83705094E+5,
904.00,1.82549594E+5,
905.00,1.79415078E+5,
906.00,1.79014953E+5,
907.00,1.76662438E+5,
908.00,1.76604469E+5,
909.00,1.73185656E+5,
910.00,1.73325609E+5,
911.00,1.71402422E+5,
912.00,1.70119906E+5,
913.00,1.68957469E+5,
914.00,1.67387922E+5,
915.00,1.65831406E+5,
916.00,1.63108844E+5,
917.00,1.62832016E+5,
918.00,1.61628625E+5,
919.00,1.58704484E+5,
920.00,1.57040375E+5,
921.00,1.56195594E+5,
922.00,1.54497203E+5,
923.00,1.52372359E+5,
924.00,1.51272109E+5,
925.00,1.50240688E+5,
926.00,1.47504594E+5,
927.00,1.46962594E+5,
928.00,1.45036422E+5,
929.00,1.42612141E+5,
930.00,1.42269609E+5,
931.00,1.40946391E+5,
932.00,1.38651547E+5,
933.00,1.37711828E+5,
934.00,1.35782469E+5,
935.00,1.34481547E+5,
936.00,1.32637375E+5,
937.00,1.31499500E+5,
938.00,1.30470680E+5,
939.00,1.29178680E+5,
940.00,1.27034164E+5,
941.00,1.25836961E+5,
942.00,1.24813227E+5,
943.00,1.23531070E+5,
944.00,1.21385195E+5,
945.00,1.20663313E+5,
946.00,1.18361805E+5,
947.00,1.16786359E+5,
948.00,1.16086469E+5,
949.00,1.15076195E+5,
950.00,1.13221500E+5,
951.00,1.11685297E+5,
952.00,1.10312125E+5,
953.00,1.09292453E+5,
954.00,1.08725758E+5,
955.00,1.07351703E+5,
956.00,1.05663945E+5,
957.00,1.03871016E+5,
958.00,1.02569742E+5,
959.00,1.01658688E+5,
960.00,1.00042883E+5,
961.00,9.93966016E+4,
962.00,9.80843516E+4,
963.00,9.74983672E+4,
964.00,9.59086563E+4,
965.00,9.42720000E+4,
966.00,9.27721250E+4,
967.00,9.11752344E+4,
968.00,9.04485703E+4,
969.00,8.96112266E+4,
970.00,8.88170391E+4,
971.00,8.72082813E+4,
972.00,8.57514531E+4,
973.00,8.49245859E+4,
974.00,8.44915078E+4,
975.00,8.29866719E+4,
976.00,8.16078828E+4,
977.00,8.07305313E+4,
978.00,7.99482734E+4,
979.00,7.88717734E+4,
980.00,7.79459141E+4,
981.00,7.60119844E+4,
982.00,7.52422891E+4,
983.00,7.42114297E+4,
984.00,7.41364922E+4,
985.00,7.26602266E+4,
986.00,7.15983125E+4,
987.00,7.03413203E+4,
988.00,6.95447422E+4,
989.00,6.83475469E+4,
990.00,6.81208594E+4,
991.00,6.74563984E+4,
992.00,6.59900625E+4,
993.00,6.56864922E+4,
994.00,6.45266367E+4,
995.00,6.32417031E+4,
996.00,6.23231172E+4,
997.00,6.21882109E+4,
998.00,6.02786055E+4,
999.00,5.99629180E+4,
1000.00,5.94297656E+4,
1001.000,5.88535000E+4,
1002.000,5.75318867E+4,
1003.000,5.67035938E+4,
1004.000,5.58514375E+4,
1005.000,5.54905625E+4,
1006.000,5.45482422E+4,
1007.000,5.38575195E+4,
1008.000,5.28326328E+4,
1009.000,5.24969922E+4,
1010.00,5.09853086E+4,
1011.000,5.07831875E+4,
1012.000,4.98363242E+4,
1013.000,4.90138984E+4,
1014.000,4.87568203E+4,
1015.000,4.83315430E+4,
1016.000,4.76278516E+4,
1017.000,4.67131367E+4,
1018.000,4.61250234E+4,
1019.000,4.55457930E+4,
1020.00,4.50560781E+4,
1021.000,4.41580664E+4,
1022.000,4.34605273E+4,
1023.000,4.31424883E+4,
1024.000,4.24253555E+4,
1025.000,4.18757305E+4,
1026.000,4.09916445E+4,
1027.000,4.09266523E+4,
1028.000,4.03014883E+4,
1029.000,3.93441406E+4,
1030.00,3.90734922E+4,
1031.000,3.86428320E+4,
1032.000,3.77387852E+4,
1033.000,3.71314570E+4,
1034.000,3.72008516E+4,
1035.000,3.61874375E+4,
1036.000,3.56177539E+4,
1037.000,3.51449141E+4,
1038.000,3.46386094E+4,
1039.000,3.42784375E+4,
1040.00,3.37918867E+4,
1041.000,3.31755039E+4,
1042.000,3.27029668E+4,
1043.000,3.22368828E+4,
1044.000,3.14435195E+4,
1045.000,3.14794668E+4,
1046.000,3.07831348E+4,
1047.000,3.02222285E+4,
1048.000,3.00986621E+4,
1049.000,2.94092129E+4,
1050.00,2.91730137E+4,
1051.000,2.84564863E+4,
1052.000,2.80238711E+4,
1053.000,2.79606543E+4,
1054.000,2.71379102E+4,
1055.000,2.69142422E+4,
1056.000,2.63301875E+4,
1057.000,2.61815918E+4,
1058.000,2.55501328E+4,
1059.000,2.54060762E+4,
1060.00,2.51133926E+4,
1061.000,2.47291523E+4,
1062.000,2.42318789E+4,
1063.000,2.39264473E+4,
1064.000,2.33979258E+4,
1065.000,2.32845996E+4,
1066.000,2.31095410E+4,
1067.000,2.23768691E+4,
1068.000,2.23720918E+4,
1069.000,2.19578008E+4,
1070.00,2.14540996E+4,
1071.000,2.13401816E+4,
1072.000,2.08669199E+4,
1073.000,2.04369238E+4,
1074.000,2.03049863E+4,
1075.000,1.98359395E+4,
1076.000,1.96379824E+4,
1077.000,1.91558789E+4,
1078.000,1.92138145E+4,
1079.000,1.88797324E+4,
1080.00,1.84421055E+4,
1081.000,1.84675137E+4,
1082.000,1.80439941E+4,
1083.000,1.77440859E+4,
1084.000,1.74557520E+4,
1085.000,1.71641602E+4,
1086.000,1.69046230E+4,
1087.000,1.66489414E+4,
1088.000,1.66955156E+4,
1089.000,1.61656738E+4,
1090.00,1.59616035E+4,
1091.000,1.57560488E+4,
1092.000,1.53390400E+4,
1093.000,1.51441963E+4,
1094.000,1.49253721E+4,
1095.000,1.47504854E+4,
1096.000,1.45328760E+4,
1097.000,1.43181357E+4,
1098.000,1.39887813E+4,
1099.000,1.38614268E+4,
1100.00,1.38056084E+4,
1101.000,1.36007559E+4,
1102.000,1.33105381E+4,
1103.000,1.31411582E+4,
1104.000,1.28719629E+4,
1105.000,1.27474961E+4,
1106.000,1.23484863E+4,
1107.000,1.20667930E+4,
1108.000,1.20393213E+4,
1109.000,1.20015693E+4,
1110.00,1.17132256E+4,
1111.000,1.14118193E+4,
1112.000,1.12303389E+4,
1113.000,1.09934023E+4,
1114.000,1.08984463E+4,
1115.000,1.06792578E+4,
1116.000,1.05986104E+4,
1117.000,1.05153896E+4,
1118.000,1.01169619E+4,
1119.000,1.02457715E+4,
1120.00,9.86145313E+3,
1121.000,9.88279199E+3,
1122.000,1.00158584E+4,
1123.000,9.40043164E+3,
1124.000,9.46697852E+3,
1125.000,9.30055469E+3,
1126.000,9.26463770E+3,
1127.000,9.04450098E+3,
1128.000,8.75905859E+3,
1129.000,8.58278125E+3,
1130.00,8.56069238E+3,
1131.000,8.37820703E+3,
1132.000,8.43853613E+3,
1133.000,8.17645117E+3,
1134.000,8.08570557E+3,
1135.000,7.91701807E+3,
1136.000,7.79996631E+3,
1137.000,7.70222021E+3,
1138.000,7.63118311E+3,
1139.000,7.56183008E+3,
1140.00,7.54475439E+3,
1141.000,7.03382959E+3,
1142.000,7.15832471E+3,
1143.000,6.93603564E+3,
1144.000,6.97959766E+3,
1145.000,6.81617090E+3,
1146.000,6.76777441E+3,
1147.000,6.54156885E+3,
1148.000,6.58963086E+3,
1149.000,6.36897656E+3,
1150.00,6.40909668E+3,
1151.000,6.30469434E+3,
1152.000,6.13303369E+3,
1153.000,6.05551465E+3,
1154.000,6.14177490E+3,
1155.000,5.95491309E+3,
1156.000,5.64228174E+3,
1157.000,5.67218652E+3,
1158.000,5.48093408E+3,
1159.000,5.37071924E+3,
1160.00,5.40138232E+3,
1161.000,5.13398096E+3,
1162.000,5.22082129E+3,
1163.000,5.08651660E+3,
1164.000,4.99835938E+3,
1165.000,5.03182861E+3,
1166.000,4.78524902E+3,
1167.000,4.84096143E+3,
1168.000,4.70525439E+3,
1169.000,4.63358496E+3,
1170.00,4.64231543E+3,
1171.000,4.68564502E+3,
1172.000,4.46530957E+3,
1173.000,4.45773975E+3,
1174.000,4.36478418E+3,
1175.000,4.45933301E+3,
1176.000,4.29663037E+3,
1177.000,4.05750415E+3,
1178.000,4.06002026E+3,
1179.000,3.94448315E+3,
1180.00,3.93003540E+3,
1181.000,3.94387402E+3,
1182.000,3.74790698E+3,
1183.000,3.93711499E+3,
1184.000,3.78149121E+3,
1185.000,3.56203979E+3,
1186.000,3.59827661E+3,
1187.000,3.60376831E+3,
1188.000,3.54155200E+3,
1189.000,3.32822388E+3,
1190.00,3.32644531E+3,
1191.000,3.32885864E+3,
1192.000,3.27903613E+3,
1193.000,3.14035303E+3,
1194.000,3.24105542E+3,
1195.000,3.15125952E+3,
1196.000,3.14432983E+3,
1197.000,3.01967773E+3,
1198.000,2.94921851E+3,
1199.000,2.95858154E+3,
1200.00,2.84351733E+3,
1201.000,2.80803003E+3,
1202.000,2.85169312E+3,
1203.000,2.84786450E+3,
1204.000,2.87016357E+3,
1205.000,2.59470898E+3,
1206.000,2.70445898E+3,
1207.000,2.64337305E+3,
1208.000,2.64692114E+3,
1209.000,2.50637231E+3,
1210.00,2.50118823E+3,
1211.000,2.50161206E+3,
1212.000,2.37474121E+3,
1213.000,2.31542480E+3,
1214.000,2.26255322E+3,
1215.000,2.33683667E+3,
1216.000,2.27884375E+3,
1217.000,2.22990649E+3,
1218.000,2.18466870E+3,
1219.000,2.18359790E+3,
1220.00,2.30283667E+3,
1221.000,2.07342090E+3,
1222.000,2.14572534E+3,
1223.000,2.03731140E+3,
1224.000,1.99457678E+3,
1225.000,1.89653223E+3,
1226.000,1.99629346E+3,
1227.000,1.77834424E+3,
1228.000,1.96031470E+3,
1229.000,1.84016785E+3,
1230.00,1.79140540E+3,
1231.000,1.90844788E+3,
1232.000,1.81722485E+3,
1233.000,1.81530176E+3,
1234.000,1.70982373E+3,
1235.000,1.64121533E+3,
1236.000,1.65413977E+3,
1237.000,1.60098840E+3,
1238.000,1.56331873E+3,
1239.000,1.62786389E+3,
1240.00,1.66104590E+3,
1241.000,1.37962561E+3,
1242.000,1.67354895E+3,
1243.000,1.53199963E+3,
1244.000,1.50524866E+3,
1245.000,1.35090149E+3,
1246.000,1.41848364E+3,
1247.000,1.38386145E+3,
1248.000,1.44818542E+3,
1249.000,1.27356555E+3,
1250.00,1.29157837E+3,
1251.000,1.24061426E+3,
1252.000,1.49304187E+3,
1253.000,1.26643408E+3,
1254.000,1.25949316E+3,
1255.000,1.16200244E+3,
1256.000,1.12529126E+3,
1257.000,1.14623755E+3,
1258.000,1.09162207E+3,
1259.000,1.13995862E+3,
1260.00,1.07963098E+3,
1261.000,1.00655426E+3,
1262.000,9.97324768E+2,
1263.000,9.90160522E+2,
1264.000,9.70120728E+2,
1265.000,8.53334717E+2,
1266.000,9.12167969E+2,
1267.000,1.02136420E+3,
1268.000,9.23969055E+2,
1269.000,9.32819702E+2,
1270.00,8.03222717E+2,
1271.000,7.81881653E+2,
1272.000,7.79488708E+2,
1273.000,8.66162659E+2,
1274.000,7.72673645E+2,
1275.000,7.22728821E+2,
1276.000,8.69177673E+2,
1277.000,7.84537903E+2,
1278.000,7.13563110E+2,
1279.000,7.43543274E+2,
1280.00,6.60117249E+2,
1281.000,7.46213928E+2,
1282.000,5.81615295E+2,
1283.000,7.06247925E+2,
1284.000,8.39359558E+2,
1285.000,7.01221436E+2,
1286.000,6.11754883E+2,
1287.000,5.99264709E+2,
1288.000,6.82953796E+2,
1289.000,6.08118225E+2,
1290.00,6.26377563E+2,
1291.000,4.96558502E+2,
1292.000,4.97727539E+2,
1293.000,5.08415131E+2,
1294.000,5.52026978E+2,
1295.000,6.37494690E+2,
1296.000,5.88485107E+2,
1297.000,5.94095154E+2,
1298.000,5.49179749E+2,
1299.000,5.63130066E+2,
1300.00,5.81684387E+2,
