Labels,0,
Type,Emission Scan,
Comment,,
Start,600.00,
Stop,1300.00,
Step,1.00,
Fixed/Offset,455.00,
Xaxis,Wavelength,
Yaxis,Counts,
Scan Corr. by File,True,
Corr. by Ref. Det.,True,
Fixed/Offset Corr. by File,False,
Repeats,1,
Dwell Time,0.10,
Lamp,Xenon,
Temp,0.00,
Scan Polariser,None,
Scan Slit,2.50,
Fixed/Offset Polariser,None,
Fixed/Offset Slit,2.50,
Detector,Det2,

600.00,4.35228821E+2,
601.00,1.70212326E+2,
602.00,4.55209465E+1,
603.00,1.94206650E+2,
604.00,4.22477448E+2,
605.00,5.48626038E+2,
606.00,3.92155731E+2,
607.00,-2.25915924E+2,
608.00,-7.18770508E+2,
609.00,-1.81161865E+2,
610.00,5.65052185E+2,
611.00,1.15213562E+3,
612.00,5.33129822E+2,
613.00,1.24796860E+2,
614.00,-1.29668932E+1,
615.00,-2.55035583E+2,
616.00,2.12527908E+2,
617.00,5.32191284E+2,
618.00,5.43455811E+2,
619.00,7.11872498E+2,
620.00,6.00864136E+2,
621.00,1.58692032E+2,
622.00,2.51272522E+2,
623.00,-4.77353699E+2,
624.00,4.07150146E+2,
625.00,1.11181993E+1,
626.00,1.69100998E+2,
627.00,-2.15106064E+2,
628.00,0.00000000E+0,
629.00,-1.42911819E+2,
630.00,3.29342621E+2,
631.00,4.04628479E+2,
632.00,1.70369492E+2,
633.00,-3.95244049E+2,
634.00,-6.68702393E+1,
635.00,-4.51864586E+1,
636.00,7.30552673E+1,
637.00,-5.44287048E+2,
638.00,3.37666870E+2,
639.00,-3.48212402E+2,
640.00,-4.69047729E+2,
641.00,-4.53424347E+2,
642.00,-8.20167999E+1,
643.00,1.13640656E+2,
644.00,-5.07059441E+1,
645.00,-2.89287048E+2,
646.00,2.34864635E+1,
647.00,8.17080307E+1,
648.00,-1.94118134E+2,
649.00,-4.88060608E+2,
650.00,-3.78000824E+2,
651.00,-7.79211140E+0,
652.00,-7.77116537E+0,
653.00,-1.54953705E+2,
654.00,-2.32467766E+1,
655.00,-1.62563431E+2,
656.00,-1.21173706E+2,
657.00,-2.70054169E+2,
658.00,1.96613407E+1,
659.00,3.84859497E+2,
660.00,2.58521210E+2,
661.00,1.84940308E+2,
662.00,-1.30936493E+2,
663.00,1.58608017E+2,
664.00,-1.15167938E+2,
665.00,-5.11511505E+2,
666.00,-4.83775368E+1,
667.00,-2.08752380E+2,
668.00,8.09959564E+1,
669.00,2.39623581E+2,
670.00,1.09451859E+2,
671.00,5.31605164E+2,
672.00,2.04578644E+2,
673.00,4.52189056E+2,
674.00,5.41849556E+1,
675.00,5.82023804E+2,
676.00,4.62346924E+2,
677.00,9.89048889E+2,
678.00,6.23273071E+2,
679.00,8.27201538E+2,
680.00,1.06526831E+3,
681.00,1.49400964E+3,
682.00,8.61888855E+2,
683.00,1.45755896E+3,
684.00,8.57344238E+2,
685.00,1.46534424E+3,
686.00,1.73518384E+3,
687.00,1.08808130E+3,
688.00,1.75017151E+3,
689.00,2.44428296E+3,
690.00,1.87714087E+3,
691.00,2.24926636E+3,
692.00,2.35068652E+3,
693.00,3.03434082E+3,
694.00,2.43687988E+3,
695.00,3.48690576E+3,
696.00,2.85239111E+3,
697.00,4.54223145E+3,
698.00,4.88866455E+3,
699.00,5.81879492E+3,
700.00,5.47879150E+3,
701.00,5.76974316E+3,
702.00,6.07796484E+3,
703.00,5.99549170E+3,
704.00,6.97270508E+3,
705.00,6.85290674E+3,
706.00,8.24082520E+3,
707.00,8.24767090E+3,
708.00,8.18856592E+3,
709.00,9.35385254E+3,
710.00,8.89499121E+3,
711.00,9.60868164E+3,
712.00,1.01539658E+4,
713.00,1.13557256E+4,
714.00,1.14257090E+4,
715.00,1.18678252E+4,
716.00,1.31783525E+4,
717.00,1.47330244E+4,
718.00,1.48663545E+4,
719.00,1.63951367E+4,
720.00,1.70574570E+4,
721.00,1.76418438E+4,
722.00,1.77534277E+4,
723.00,2.00543848E+4,
724.00,2.09413516E+4,
725.00,2.09692148E+4,
726.00,2.39508711E+4,
727.00,2.37588555E+4,
728.00,2.50879492E+4,
729.00,2.61108145E+4,
730.00,2.76761934E+4,
731.00,2.94705156E+4,
732.00,3.03271699E+4,
733.00,3.12053906E+4,
734.00,3.33507109E+4,
735.00,3.40561836E+4,
736.00,3.62735898E+4,
737.00,3.75833828E+4,
738.00,3.89490664E+4,
739.00,4.16694023E+4,
740.00,4.29678047E+4,
741.00,4.35708555E+4,
742.00,4.74917852E+4,
743.00,4.87390313E+4,
744.00,4.93191680E+4,
745.00,5.15185781E+4,
746.00,5.50238047E+4,
747.00,5.64216445E+4,
748.00,5.76766211E+4,
749.00,6.02785586E+4,
750.00,6.35222617E+4,
751.00,6.26491250E+4,
752.00,6.71189375E+4,
753.00,6.83863672E+4,
754.00,7.10327891E+4,
755.00,7.55584141E+4,
756.00,7.74781563E+4,
757.00,7.87142188E+4,
758.00,8.01559922E+4,
759.00,8.33958359E+4,
760.00,8.65945938E+4,
761.00,8.83412109E+4,
762.00,8.98417656E+4,
763.00,9.31799609E+4,
764.00,9.61446172E+4,
765.00,9.98160859E+4,
766.00,1.03022398E+5,
767.00,1.04675805E+5,
768.00,1.07711773E+5,
769.00,1.11643172E+5,
770.00,1.13249969E+5,
771.00,1.16459352E+5,
772.00,1.18032805E+5,
773.00,1.23754156E+5,
774.00,1.23589750E+5,
775.00,1.27679172E+5,
776.00,1.32005750E+5,
777.00,1.33972688E+5,
778.00,1.37110844E+5,
779.00,1.39166813E+5,
780.00,1.43111500E+5,
781.00,1.44745156E+5,
782.00,1.48170547E+5,
783.00,1.52127625E+5,
784.00,1.53249453E+5,
785.00,1.57146719E+5,
786.00,1.59935922E+5,
787.00,1.61066547E+5,
788.00,1.64372063E+5,
789.00,1.67904656E+5,
790.00,1.71401188E+5,
791.00,1.73882094E+5,
792.00,1.74715000E+5,
793.00,1.77284000E+5,
794.00,1.79327375E+5,
795.00,1.83838156E+5,
796.00,1.85627969E+5,
797.00,1.88867234E+5,
798.00,1.91159031E+5,
799.00,1.92867703E+5,
800.00,1.95244484E+5,
801.00,2.01336391E+5,
802.00,2.02154000E+5,
803.00,2.02148922E+5,
804.00,2.04655125E+5,
805.00,2.06885922E+5,
806.00,2.10885313E+5,
807.00,2.11675188E+5,
808.00,2.10924063E+5,
809.00,2.15147063E+5,
810.00,2.18886563E+5,
811.00,2.20509594E+5,
812.00,2.20459344E+5,
813.00,2.22438438E+5,
814.00,2.25218484E+5,
815.00,2.25926906E+5,
816.00,2.26747219E+5,
817.00,2.27669344E+5,
818.00,2.29744875E+5,
819.00,2.31406063E+5,
820.00,2.33225500E+5,
821.00,2.34972359E+5,
822.00,2.34363234E+5,
823.00,2.36917031E+5,
824.00,2.37790922E+5,
825.00,2.38154547E+5,
826.00,2.38664313E+5,
827.00,2.39778547E+5,
828.00,2.42077516E+5,
829.00,2.41395828E+5,
830.00,2.39499266E+5,
831.00,2.39178688E+5,
832.00,2.41004422E+5,
833.00,2.43286844E+5,
834.00,2.45240594E+5,
835.00,2.47943344E+5,
836.00,2.44311969E+5,
837.00,2.44770359E+5,
838.00,2.45047125E+5,
839.00,2.44774000E+5,
840.00,2.44664594E+5,
841.00,2.44591609E+5,
842.00,2.48024172E+5,
843.00,2.45905344E+5,
844.00,2.46290891E+5,
845.00,2.44230688E+5,
846.00,2.45152906E+5,
847.00,2.44800828E+5,
848.00,2.45913094E+5,
849.00,2.42669094E+5,
850.00,2.37896875E+5,
851.00,2.44801500E+5,
852.00,2.43905203E+5,
853.00,2.42188141E+5,
854.00,2.41395250E+5,
855.00,2.38979344E+5,
856.00,2.42072344E+5,
857.00,2.40202484E+5,
858.00,2.39051188E+5,
859.00,2.38196453E+5,
860.00,2.38432188E+5,
861.00,2.37101531E+5,
862.00,2.34512063E+5,
863.00,2.36382891E+5,
864.00,2.34408250E+5,
865.00,2.36896969E+5,
866.00,2.32773859E+5,
867.00,2.31435906E+5,
868.00,2.30502688E+5,
869.00,2.31048344E+5,
870.00,2.28522109E+5,
871.00,2.30860516E+5,
872.00,2.27544188E+5,
873.00,2.25440719E+5,
874.00,2.24216531E+5,
875.00,2.22119641E+5,
876.00,2.22121578E+5,
877.00,2.20897125E+5,
878.00,2.19041016E+5,
879.00,2.16474047E+5,
880.00,2.16142734E+5,
881.00,2.14443141E+5,
882.00,2.11348328E+5,
883.00,2.12669641E+5,
884.00,2.12062906E+5,
885.00,2.08380406E+5,
886.00,2.08126875E+5,
887.00,2.05479641E+5,
888.00,2.03178219E+5,
889.00,2.02057891E+5,
890.00,2.00703984E+5,
891.00,1.97569516E+5,
892.00,1.96919766E+5,
893.00,1.95565406E+5,
894.00,1.94404906E+5,
895.00,1.93035031E+5,
896.00,1.90261016E+5,
897.00,1.89234188E+5,
898.00,1.88240359E+5,
899.00,1.85453906E+5,
900.00,1.85409031E+5,
901.00,1.83032594E+5,
902.00,1.82174734E+5,
903.00,1.80156703E+5,
904.00,1.77989563E+5,
905.00,1.77186516E+5,
906.00,1.75220813E+5,
907.00,1.75431844E+5,
908.00,1.73049813E+5,
909.00,1.71579797E+5,
910.00,1.70747734E+5,
911.00,1.68630531E+5,
912.00,1.67618281E+5,
913.00,1.65501047E+5,
914.00,1.64449953E+5,
915.00,1.63695328E+5,
916.00,1.62080938E+5,
917.00,1.60521375E+5,
918.00,1.59131219E+5,
919.00,1.56059609E+5,
920.00,1.53990766E+5,
921.00,1.54220859E+5,
922.00,1.53052875E+5,
923.00,1.50144844E+5,
924.00,1.48159453E+5,
925.00,1.47429922E+5,
926.00,1.44911953E+5,
927.00,1.45195297E+5,
928.00,1.42379391E+5,
929.00,1.40861484E+5,
930.00,1.40252047E+5,
931.00,1.37310203E+5,
932.00,1.36755828E+5,
933.00,1.35531000E+5,
934.00,1.33929438E+5,
935.00,1.32800016E+5,
936.00,1.31375063E+5,
937.00,1.29350148E+5,
938.00,1.28706883E+5,
939.00,1.25691188E+5,
940.00,1.26377141E+5,
941.00,1.24363313E+5,
942.00,1.23356477E+5,
943.00,1.21280922E+5,
944.00,1.19097305E+5,
945.00,1.18225242E+5,
946.00,1.17196328E+5,
947.00,1.15900891E+5,
948.00,1.14089844E+5,
949.00,1.13309578E+5,
950.00,1.11000211E+5,
951.00,1.09998875E+5,
952.00,1.09091078E+5,
953.00,1.07371133E+5,
954.00,1.06645156E+5,
955.00,1.06020336E+5,
956.00,1.03844859E+5,
957.00,1.01821805E+5,
958.00,1.00999070E+5,
959.00,9.86609922E+4,
960.00,9.82871328E+4,
961.00,9.76190313E+4,
962.00,9.66964063E+4,
963.00,9.54950625E+4,
964.00,9.36573672E+4,
965.00,9.24019453E+4,
966.00,9.09184375E+4,
967.00,9.02843828E+4,
968.00,8.82382891E+4,
969.00,8.80981094E+4,
970.00,8.68520625E+4,
971.00,8.62600313E+4,
972.00,8.45540234E+4,
973.00,8.38721406E+4,
974.00,8.27236172E+4,
975.00,8.16744219E+4,
976.00,8.01443672E+4,
977.00,8.00575234E+4,
978.00,7.88247734E+4,
979.00,7.71353047E+4,
980.00,7.63322422E+4,
981.00,7.59265703E+4,
982.00,7.49227188E+4,
983.00,7.35892813E+4,
984.00,7.21927578E+4,
985.00,7.08581172E+4,
986.00,7.01548516E+4,
987.00,7.01740703E+4,
988.00,6.88471094E+4,
989.00,6.71409141E+4,
990.00,6.65268828E+4,
991.00,6.62914375E+4,
992.00,6.49947227E+4,
993.00,6.43696406E+4,
994.00,6.37918203E+4,
995.00,6.23780977E+4,
996.00,6.18100078E+4,
997.00,6.10796563E+4,
998.00,5.99479844E+4,
999.00,5.96734336E+4,
1000.00,5.84065508E+4,
1001.000,5.71798594E+4,
1002.000,5.61585977E+4,
1003.000,5.58216992E+4,
1004.000,5.53330859E+4,
1005.000,5.44126328E+4,
1006.000,5.40374766E+4,
1007.000,5.30105664E+4,
1008.000,5.24127461E+4,
1009.000,5.14059688E+4,
1010.00,5.08237266E+4,
1011.000,4.99238984E+4,
1012.000,4.92170313E+4,
1013.000,4.88825664E+4,
1014.000,4.80802500E+4,
1015.000,4.76590273E+4,
1016.000,4.67831367E+4,
1017.000,4.61989922E+4,
1018.000,4.54308594E+4,
1019.000,4.51647461E+4,
1020.00,4.41411367E+4,
1021.000,4.39687734E+4,
1022.000,4.35677148E+4,
1023.000,4.26925781E+4,
1024.000,4.21135078E+4,
1025.000,4.09259258E+4,
1026.000,4.05562969E+4,
1027.000,4.00208789E+4,
1028.000,3.97359180E+4,
1029.000,3.92622891E+4,
1030.00,3.85584961E+4,
1031.000,3.76370195E+4,
1032.000,3.74954961E+4,
1033.000,3.68478906E+4,
1034.000,3.61006992E+4,
1035.000,3.57135195E+4,
1036.000,3.54070195E+4,
1037.000,3.47961250E+4,
1038.000,3.40744922E+4,
1039.000,3.37883203E+4,
1040.00,3.28963359E+4,
1041.000,3.26619023E+4,
1042.000,3.24844023E+4,
1043.000,3.18605977E+4,
1044.000,3.12296484E+4,
1045.000,3.08280684E+4,
1046.000,3.07244238E+4,
1047.000,2.99680137E+4,
1048.000,2.93668613E+4,
1049.000,2.89095586E+4,
1050.00,2.87659531E+4,
1051.000,2.79800039E+4,
1052.000,2.77435469E+4,
1053.000,2.73262734E+4,
1054.000,2.69752813E+4,
1055.000,2.69343066E+4,
1056.000,2.63102051E+4,
1057.000,2.56127813E+4,
1058.000,2.49520117E+4,
1059.000,2.48939844E+4,
1060.00,2.44835781E+4,
1061.000,2.46460879E+4,
1062.000,2.43277422E+4,
1063.000,2.34900625E+4,
1064.000,2.32507637E+4,
1065.000,2.30075332E+4,
1066.000,2.27513066E+4,
1067.000,2.20412344E+4,
1068.000,2.23293613E+4,
1069.000,2.15248301E+4,
1070.00,2.10810059E+4,
1071.000,2.08426816E+4,
1072.000,2.05458535E+4,
1073.000,2.04688477E+4,
1074.000,2.01770762E+4,
1075.000,1.98471094E+4,
1076.000,1.94933633E+4,
1077.000,1.89680156E+4,
1078.000,1.89544648E+4,
1079.000,1.84725176E+4,
1080.00,1.83510469E+4,
1081.000,1.78815859E+4,
1082.000,1.80018848E+4,
1083.000,1.75030039E+4,
1084.000,1.74853223E+4,
1085.000,1.69809883E+4,
1086.000,1.68222012E+4,
1087.000,1.64131016E+4,
1088.000,1.63333984E+4,
1089.000,1.60515313E+4,
1090.00,1.56944775E+4,
1091.000,1.52780693E+4,
1092.000,1.54052744E+4,
1093.000,1.49952080E+4,
1094.000,1.46221670E+4,
1095.000,1.46067314E+4,
1096.000,1.42196709E+4,
1097.000,1.40458828E+4,
1098.000,1.40290400E+4,
1099.000,1.38028965E+4,
1100.00,1.33272363E+4,
1101.000,1.31451768E+4,
1102.000,1.30861895E+4,
1103.000,1.28788613E+4,
1104.000,1.27245156E+4,
1105.000,1.26499717E+4,
1106.000,1.23566299E+4,
1107.000,1.19735879E+4,
1108.000,1.18991592E+4,
1109.000,1.15347715E+4,
1110.00,1.16612773E+4,
1111.000,1.13593398E+4,
1112.000,1.11337412E+4,
1113.000,1.09399902E+4,
1114.000,1.07950293E+4,
1115.000,1.06803037E+4,
1116.000,1.06028096E+4,
1117.000,1.04992588E+4,
1118.000,1.02096279E+4,
1119.000,9.99974707E+3,
1120.00,9.90131152E+3,
1121.000,9.75985449E+3,
1122.000,9.86648926E+3,
1123.000,9.63157715E+3,
1124.000,9.46699219E+3,
1125.000,9.23534473E+3,
1126.000,9.02725195E+3,
1127.000,8.98514844E+3,
1128.000,8.83867578E+3,
1129.000,8.43190332E+3,
1130.00,8.34440039E+3,
1131.000,8.17670361E+3,
1132.000,8.16988916E+3,
1133.000,8.18099072E+3,
1134.000,8.09625928E+3,
1135.000,7.87742627E+3,
1136.000,7.80141357E+3,
1137.000,7.62785547E+3,
1138.000,7.33751367E+3,
1139.000,7.30616357E+3,
1140.00,7.46179590E+3,
1141.000,7.08407031E+3,
1142.000,7.06518408E+3,
1143.000,6.95341553E+3,
1144.000,6.88310254E+3,
1145.000,6.70649609E+3,
1146.000,6.82090381E+3,
1147.000,6.37547217E+3,
1148.000,6.39754346E+3,
1149.000,6.16135840E+3,
1150.00,6.11902051E+3,
1151.000,6.07317041E+3,
1152.000,6.11431836E+3,
1153.000,6.00078906E+3,
1154.000,5.77673779E+3,
1155.000,5.87598438E+3,
1156.000,5.53829346E+3,
1157.000,5.50389648E+3,
1158.000,5.54745361E+3,
1159.000,5.46543213E+3,
1160.00,5.24990479E+3,
1161.000,5.25893359E+3,
1162.000,5.16429883E+3,
1163.000,5.04914648E+3,
1164.000,5.11327295E+3,
1165.000,4.98379004E+3,
1166.000,5.00645020E+3,
1167.000,4.70473877E+3,
1168.000,4.67467529E+3,
1169.000,4.73520215E+3,
1170.00,4.71257031E+3,
1171.000,4.52071045E+3,
1172.000,4.53316455E+3,
1173.000,4.39799951E+3,
1174.000,4.24388965E+3,
1175.000,4.22561182E+3,
1176.000,4.26971631E+3,
1177.000,4.16496191E+3,
1178.000,4.04792798E+3,
1179.000,4.04512183E+3,
1180.00,3.90350806E+3,
1181.000,3.97358936E+3,
1182.000,3.83778467E+3,
1183.000,3.73896069E+3,
1184.000,3.61518042E+3,
1185.000,3.68026050E+3,
1186.000,3.63956372E+3,
1187.000,3.52662036E+3,
1188.000,3.52051831E+3,
1189.000,3.46793774E+3,
1190.00,3.26104834E+3,
1191.000,3.26310181E+3,
1192.000,3.17095361E+3,
1193.000,3.14725073E+3,
1194.000,3.15057178E+3,
1195.000,3.12467505E+3,
1196.000,3.07009009E+3,
1197.000,3.03791211E+3,
1198.000,2.94170410E+3,
1199.000,2.97142529E+3,
1200.00,2.91139258E+3,
1201.000,2.84654272E+3,
1202.000,2.88239307E+3,
1203.000,2.71808740E+3,
1204.000,2.61573730E+3,
1205.000,2.48938354E+3,
1206.000,2.75478369E+3,
1207.000,2.57666260E+3,
1208.000,2.55648169E+3,
1209.000,2.58793237E+3,
1210.00,2.51322021E+3,
1211.000,2.28917554E+3,
1212.000,2.31777051E+3,
1213.000,2.46536646E+3,
1214.000,2.30620923E+3,
1215.000,2.35433765E+3,
1216.000,2.27912256E+3,
1217.000,2.21027368E+3,
1218.000,2.21287915E+3,
1219.000,2.25623584E+3,
1220.00,2.08297095E+3,
1221.000,2.11980444E+3,
1222.000,2.12778491E+3,
1223.000,2.10047437E+3,
1224.000,2.12648682E+3,
1225.000,1.98427087E+3,
1226.000,2.01514526E+3,
1227.000,2.01555322E+3,
1228.000,1.96320081E+3,
1229.000,1.76359106E+3,
1230.00,1.84401501E+3,
1231.000,1.82647791E+3,
1232.000,1.67769019E+3,
1233.000,1.76414722E+3,
1234.000,1.81505090E+3,
1235.000,1.72227979E+3,
1236.000,1.50353918E+3,
1237.000,1.46713672E+3,
1238.000,1.57929102E+3,
1239.000,1.63413770E+3,
1240.00,1.52525183E+3,
1241.000,1.70951245E+3,
1242.000,1.60921240E+3,
1243.000,1.60808362E+3,
1244.000,1.30121509E+3,
1245.000,1.43940308E+3,
1246.000,1.39464868E+3,
1247.000,1.42461401E+3,
1248.000,1.45505444E+3,
1249.000,1.34725464E+3,
1250.00,1.33008435E+3,
1251.000,1.33458069E+3,
1252.000,1.33508154E+3,
1253.000,1.14803210E+3,
1254.000,1.29773010E+3,
1255.000,1.10358154E+3,
1256.000,1.18643262E+3,
1257.000,1.19138342E+3,
1258.000,1.20247192E+3,
1259.000,1.15276196E+3,
1260.00,1.07004224E+3,
1261.000,1.11103625E+3,
1262.000,1.04966064E+3,
1263.000,9.88252686E+2,
1264.000,1.02224115E+3,
1265.000,9.34479004E+2,
1266.000,9.86710754E+2,
1267.000,9.51371338E+2,
1268.000,1.00415131E+3,
1269.000,8.98747437E+2,
1270.00,9.74664001E+2,
1271.000,8.78207458E+2,
1272.000,9.12335449E+2,
1273.000,8.91489502E+2,
1274.000,8.82189941E+2,
1275.000,8.10048706E+2,
1276.000,8.56417969E+2,
1277.000,8.49853027E+2,
1278.000,7.01635315E+2,
1279.000,8.74822327E+2,
1280.00,7.75530212E+2,
1281.000,6.76390564E+2,
1282.000,8.13993103E+2,
1283.000,7.75643066E+2,
1284.000,6.56226379E+2,
1285.000,7.43857056E+2,
1286.000,6.41940613E+2,
1287.000,8.29216187E+2,
1288.000,6.70814026E+2,
1289.000,6.44965393E+2,
1290.00,6.58934631E+2,
1291.000,7.73638123E+2,
1292.000,6.99960083E+2,
1293.000,6.51808350E+2,
1294.000,7.27936279E+2,
1295.000,4.81222198E+2,
1296.000,6.90509521E+2,
1297.000,5.97723328E+2,
1298.000,6.21085083E+2,
1299.000,6.22677795E+2,
1300.00,4.73880951E+2,
