Labels,0,
Type,Emission Scan,
Comment,,
Start,600.00,
Stop,1650.00,
Step,1.00,
Fixed/Offset,455.00,
Xaxis,Wavelength,
Yaxis,Counts,
Scan Corr. by File,True,
Corr. by Ref. Det.,True,
Fixed/Offset Corr. by File,False,
Repeats,1,
Dwell Time,0.10,
Lamp,Xenon,
Temp,0.00,
Scan Polariser,None,
Scan Slit,2.50,
Fixed/Offset Polariser,None,
Fixed/Offset Slit,2.50,
Detector,Det2,

600.00,7.76682377E+0,
601.00,-2.75616974E+2,
602.00,-4.47135590E+2,
603.00,-2.46490997E+2,
604.00,7.37967110E+0,
605.00,4.42411621E+2,
606.00,4.70038513E+2,
607.00,8.45185776E+1,
608.00,-1.39281296E+2,
609.00,1.17844223E+2,
610.00,-3.70462250E+2,
611.00,4.93390869E+2,
612.00,2.66009247E+2,
613.00,2.42036026E+2,
614.00,-6.46243668E+1,
615.00,5.38863525E+2,
616.00,5.31126892E+2,
617.00,1.30099686E+2,
618.00,2.44936539E+2,
619.00,-2.69899628E+2,
620.00,4.75276917E+2,
621.00,5.30248833E+1,
622.00,2.03933014E+2,
623.00,9.86046936E+2,
624.00,-7.64705688E+2,
625.00,2.38173401E+2,
626.00,6.58645248E+1,
627.00,6.57671692E+2,
628.00,5.07365692E+2,
629.00,5.79003479E+2,
630.00,3.43341064E+2,
631.00,-7.66282730E+1,
632.00,9.14646435E+0,
633.00,5.81638977E+2,
634.00,5.14844482E+2,
635.00,-4.13896942E+2,
636.00,1.54309464E+2,
637.00,2.36468536E+2,
638.00,3.26463989E+2,
639.00,1.18266464E+2,
640.00,-3.07280640E+2,
641.00,6.40019348E+2,
642.00,-2.93892395E+2,
643.00,1.87992340E+2,
644.00,4.67400246E+1,
645.00,3.97573059E+2,
646.00,4.93785645E+2,
647.00,5.48032593E+2,
648.00,-7.78966217E+1,
649.00,1.58800308E+2,
650.00,3.60298615E+2,
651.00,2.09882584E+2,
652.00,2.40103592E+2,
653.00,-1.73723190E+2,
654.00,3.33741180E+2,
655.00,6.21160812E+1,
656.00,4.45348572E+2,
657.00,4.52132050E+2,
658.00,2.62039581E+2,
659.00,-9.80781479E+1,
660.00,-6.66879807E+1,
661.00,2.80067322E+2,
662.00,1.22930832E+2,
663.00,-5.18610725E+1,
664.00,1.59051542E+1,
665.00,9.21248550E+1,
666.00,3.15975525E+2,
667.00,3.37507507E+2,
668.00,2.42865204E+2,
669.00,4.33595215E+2,
670.00,4.27296326E+2,
671.00,5.03310211E+2,
672.00,-6.52679901E+1,
673.00,-5.73923523E+2,
674.00,3.00716370E+2,
675.00,8.15752258E+2,
676.00,2.36049576E+2,
677.00,3.77390320E+2,
678.00,4.74689941E+2,
679.00,2.46096313E+2,
680.00,2.98228664E+1,
681.00,-1.65386292E+2,
682.00,4.86661713E+2,
683.00,7.15309875E+2,
684.00,7.70553665E+1,
685.00,4.04781555E+2,
686.00,5.47114319E+2,
687.00,7.04957092E+2,
688.00,4.66786835E+2,
689.00,7.49194580E+2,
690.00,2.98260223E+2,
691.00,-5.78792114E+1,
692.00,8.09186096E+2,
693.00,-2.21661011E+2,
694.00,8.46521683E+1,
695.00,4.44125946E+2,
696.00,9.68547485E+2,
697.00,1.25300549E+3,
698.00,1.79859283E+2,
699.00,4.84393158E+2,
700.00,9.40497620E+2,
701.00,1.23862891E+3,
702.00,4.41586151E+2,
703.00,2.06135803E+2,
704.00,8.49462036E+2,
705.00,1.24345557E+3,
706.00,8.23691589E+2,
707.00,3.68435760E+2,
708.00,1.33465759E+3,
709.00,9.51423523E+2,
710.00,1.17080029E+3,
711.00,1.70986487E+3,
712.00,8.12944763E+2,
713.00,4.16572601E+2,
714.00,6.17630859E+2,
715.00,1.18940857E+3,
716.00,4.98446472E+2,
717.00,1.53335181E+3,
718.00,4.66098450E+2,
719.00,1.54416919E+3,
720.00,1.36298364E+3,
721.00,6.74306152E+2,
722.00,1.65541321E+3,
723.00,1.74278638E+3,
724.00,1.23060205E+3,
725.00,1.55050806E+3,
726.00,1.71716748E+3,
727.00,1.53370654E+3,
728.00,2.56222803E+3,
729.00,2.46627783E+3,
730.00,1.63789355E+3,
731.00,1.86491003E+3,
732.00,2.65344775E+3,
733.00,1.91755994E+3,
734.00,2.17409497E+3,
735.00,2.52592725E+3,
736.00,1.68831299E+3,
737.00,2.14300708E+3,
738.00,2.48481860E+3,
739.00,2.87400513E+3,
740.00,1.80079504E+3,
741.00,2.62515796E+3,
742.00,3.05255029E+3,
743.00,2.41093164E+3,
744.00,1.99317822E+3,
745.00,3.16284009E+3,
746.00,2.83794531E+3,
747.00,3.09880615E+3,
748.00,3.84137085E+3,
749.00,2.36218604E+3,
750.00,2.98346411E+3,
751.00,2.97071069E+3,
752.00,3.05607959E+3,
753.00,2.76355420E+3,
754.00,3.33622559E+3,
755.00,3.00353223E+3,
756.00,3.33474512E+3,
757.00,3.44853247E+3,
758.00,2.60103955E+3,
759.00,4.22593359E+3,
760.00,3.69864746E+3,
761.00,3.87335449E+3,
762.00,3.98400513E+3,
763.00,4.28770996E+3,
764.00,4.28339453E+3,
765.00,3.66413232E+3,
766.00,3.90905396E+3,
767.00,4.05923047E+3,
768.00,3.95541748E+3,
769.00,4.79225342E+3,
770.00,4.75215576E+3,
771.00,5.10659619E+3,
772.00,4.58478320E+3,
773.00,5.09941064E+3,
774.00,4.78225537E+3,
775.00,5.34430762E+3,
776.00,5.07878906E+3,
777.00,4.87156348E+3,
778.00,5.36245117E+3,
779.00,5.21634717E+3,
780.00,5.56862842E+3,
781.00,5.79699805E+3,
782.00,5.06208252E+3,
783.00,6.17944141E+3,
784.00,5.94054785E+3,
785.00,5.54581738E+3,
786.00,5.79983594E+3,
787.00,6.00243994E+3,
788.00,6.11226074E+3,
789.00,6.17868701E+3,
790.00,5.95126855E+3,
791.00,6.10831689E+3,
792.00,6.46507861E+3,
793.00,6.51196045E+3,
794.00,6.56284033E+3,
795.00,6.28732031E+3,
796.00,7.05987891E+3,
797.00,6.66456592E+3,
798.00,6.55262354E+3,
799.00,6.88932422E+3,
800.00,6.25401270E+3,
801.00,6.39439502E+3,
802.00,6.13194238E+3,
803.00,7.17319873E+3,
804.00,6.46797266E+3,
805.00,6.89478467E+3,
806.00,6.98872705E+3,
807.00,6.74202197E+3,
808.00,6.73509668E+3,
809.00,6.20701758E+3,
810.00,7.70171924E+3,
811.00,6.72219336E+3,
812.00,7.25246045E+3,
813.00,7.28352539E+3,
814.00,6.96920605E+3,
815.00,6.96928564E+3,
816.00,7.30167578E+3,
817.00,7.59785596E+3,
818.00,7.87832178E+3,
819.00,7.87588428E+3,
820.00,7.51383301E+3,
821.00,7.70805518E+3,
822.00,8.02685205E+3,
823.00,8.14859521E+3,
824.00,8.21810352E+3,
825.00,7.58331885E+3,
826.00,7.78058789E+3,
827.00,7.91511279E+3,
828.00,7.50055078E+3,
829.00,7.32200195E+3,
830.00,8.11513330E+3,
831.00,7.88214893E+3,
832.00,7.63709082E+3,
833.00,7.91034326E+3,
834.00,7.99960791E+3,
835.00,8.24895020E+3,
836.00,7.87314453E+3,
837.00,7.55230420E+3,
838.00,7.69967529E+3,
839.00,7.64494531E+3,
840.00,7.89497852E+3,
841.00,7.41401807E+3,
842.00,7.39376855E+3,
843.00,7.90797559E+3,
844.00,8.20897461E+3,
845.00,8.76798438E+3,
846.00,8.16120605E+3,
847.00,7.97660205E+3,
848.00,8.22206152E+3,
849.00,8.10713574E+3,
850.00,8.14631494E+3,
851.00,8.28346484E+3,
852.00,8.27356934E+3,
853.00,7.76755225E+3,
854.00,8.02439404E+3,
855.00,8.34636426E+3,
856.00,8.44145898E+3,
857.00,7.66425879E+3,
858.00,7.36786523E+3,
859.00,8.04239453E+3,
860.00,8.16449854E+3,
861.00,8.22156641E+3,
862.00,8.01234131E+3,
863.00,8.02270264E+3,
864.00,8.12147998E+3,
865.00,7.77209570E+3,
866.00,8.07685938E+3,
867.00,7.81179150E+3,
868.00,7.55509814E+3,
869.00,8.10383008E+3,
870.00,7.78953320E+3,
871.00,7.91614502E+3,
872.00,7.48744287E+3,
873.00,8.03198926E+3,
874.00,7.65440674E+3,
875.00,7.96427246E+3,
876.00,8.05114355E+3,
877.00,7.68229150E+3,
878.00,7.58866699E+3,
879.00,7.43225928E+3,
880.00,7.50229639E+3,
881.00,7.31352832E+3,
882.00,7.64902588E+3,
883.00,7.13355518E+3,
884.00,7.35411816E+3,
885.00,7.46601758E+3,
886.00,7.27160840E+3,
887.00,7.38816699E+3,
888.00,7.36290674E+3,
889.00,7.25614502E+3,
890.00,7.09160059E+3,
891.00,7.09389844E+3,
892.00,6.92159033E+3,
893.00,7.03579980E+3,
894.00,7.10845264E+3,
895.00,6.76639209E+3,
896.00,7.27011621E+3,
897.00,6.84828662E+3,
898.00,6.76383154E+3,
899.00,7.07063867E+3,
900.00,6.76362451E+3,
901.00,6.47127441E+3,
902.00,6.81700439E+3,
903.00,6.47999316E+3,
904.00,6.45273730E+3,
905.00,6.50112354E+3,
906.00,6.51110303E+3,
907.00,6.56910840E+3,
908.00,6.35990430E+3,
909.00,6.43042383E+3,
910.00,6.31247168E+3,
911.00,6.18225732E+3,
912.00,6.00144092E+3,
913.00,6.36741504E+3,
914.00,6.20788623E+3,
915.00,6.11667236E+3,
916.00,5.96143311E+3,
917.00,6.01618994E+3,
918.00,6.15168457E+3,
919.00,5.90363037E+3,
920.00,5.73556396E+3,
921.00,5.78469580E+3,
922.00,5.73142920E+3,
923.00,5.84366357E+3,
924.00,5.89027441E+3,
925.00,5.30401709E+3,
926.00,5.51790527E+3,
927.00,5.70336377E+3,
928.00,5.55136670E+3,
929.00,5.59715869E+3,
930.00,5.29249072E+3,
931.00,5.40045605E+3,
932.00,5.46299951E+3,
933.00,5.45419238E+3,
934.00,5.24372021E+3,
935.00,5.07595508E+3,
936.00,5.08812158E+3,
937.00,5.32948096E+3,
938.00,5.09889160E+3,
939.00,5.20179834E+3,
940.00,4.84755420E+3,
941.00,4.91263232E+3,
942.00,4.66156104E+3,
943.00,4.76573682E+3,
944.00,4.62070947E+3,
945.00,4.81925928E+3,
946.00,4.65508057E+3,
947.00,4.61611572E+3,
948.00,4.53248096E+3,
949.00,4.48136377E+3,
950.00,4.52391064E+3,
951.00,4.36291016E+3,
952.00,4.26171973E+3,
953.00,4.11899414E+3,
954.00,4.27957031E+3,
955.00,4.35431348E+3,
956.00,4.21173535E+3,
957.00,4.09680127E+3,
958.00,3.97969971E+3,
959.00,3.95556470E+3,
960.00,3.91420972E+3,
961.00,4.12308838E+3,
962.00,3.81507153E+3,
963.00,3.81771265E+3,
964.00,3.75416016E+3,
965.00,3.66237646E+3,
966.00,3.57574146E+3,
967.00,3.55749829E+3,
968.00,3.56726978E+3,
969.00,3.54621240E+3,
970.00,3.45651025E+3,
971.00,3.51310547E+3,
972.00,3.45577490E+3,
973.00,3.38859644E+3,
974.00,3.41008130E+3,
975.00,3.36861182E+3,
976.00,3.28972705E+3,
977.00,3.29009058E+3,
978.00,3.28155225E+3,
979.00,3.27642432E+3,
980.00,3.05312646E+3,
981.00,3.12383813E+3,
982.00,3.13397266E+3,
983.00,3.05310254E+3,
984.00,3.06343018E+3,
985.00,2.83030957E+3,
986.00,2.91711572E+3,
987.00,2.93056567E+3,
988.00,2.91904736E+3,
989.00,2.75298560E+3,
990.00,2.82572021E+3,
991.00,2.83386719E+3,
992.00,2.74365405E+3,
993.00,2.81508984E+3,
994.00,2.75777637E+3,
995.00,2.55400024E+3,
996.00,2.58141577E+3,
997.00,2.63208032E+3,
998.00,2.49392773E+3,
999.00,2.44675830E+3,
1000.00,2.39152344E+3,
1001.000,2.48183057E+3,
1002.000,2.39114331E+3,
1003.000,2.41908643E+3,
1004.000,2.38086157E+3,
1005.000,2.32400415E+3,
1006.000,2.30253467E+3,
1007.000,2.29502930E+3,
1008.000,2.23882837E+3,
1009.000,2.17495386E+3,
1010.00,2.03725415E+3,
1011.000,2.08790845E+3,
1012.000,2.03680774E+3,
1013.000,2.07603882E+3,
1014.000,1.99503625E+3,
1015.000,1.91186487E+3,
1016.000,1.91790662E+3,
1017.000,1.90001392E+3,
1018.000,2.02932202E+3,
1019.000,1.93704333E+3,
1020.00,1.87323779E+3,
1021.000,1.84887231E+3,
1022.000,1.99998682E+3,
1023.000,1.88104614E+3,
1024.000,1.88169604E+3,
1025.000,1.78215601E+3,
1026.000,1.73086304E+3,
1027.000,1.63098059E+3,
1028.000,1.74494543E+3,
1029.000,1.71047632E+3,
1030.00,1.59228320E+3,
1031.000,1.76279761E+3,
1032.000,1.61588623E+3,
1033.000,1.61838025E+3,
1034.000,1.45817407E+3,
1035.000,1.59955090E+3,
1036.000,1.57186353E+3,
1037.000,1.53362134E+3,
1038.000,1.55703845E+3,
1039.000,1.48256482E+3,
1040.00,1.52679321E+3,
1041.000,1.42915417E+3,
1042.000,1.43768396E+3,
1043.000,1.49054138E+3,
1044.000,1.46440454E+3,
1045.000,1.49789966E+3,
1046.000,1.38789197E+3,
1047.000,1.25926550E+3,
1048.000,1.31631030E+3,
1049.000,1.31305090E+3,
1050.00,1.28884888E+3,
1051.000,1.30112268E+3,
1052.000,1.24314441E+3,
1053.000,1.24511060E+3,
1054.000,1.20257117E+3,
1055.000,1.13457678E+3,
1056.000,1.14939941E+3,
1057.000,1.20566895E+3,
1058.000,1.20329175E+3,
1059.000,1.09179602E+3,
1060.00,1.15344348E+3,
1061.000,1.10209558E+3,
1062.000,1.12529309E+3,
1063.000,1.11377551E+3,
1064.000,1.10628052E+3,
1065.000,1.11105627E+3,
1066.000,1.02415076E+3,
1067.000,1.13194604E+3,
1068.000,1.06856738E+3,
1069.000,9.66403748E+2,
1070.00,9.96756897E+2,
1071.000,1.00761713E+3,
1072.000,9.46865662E+2,
1073.000,9.69588623E+2,
1074.000,9.30642212E+2,
1075.000,9.42850220E+2,
1076.000,9.39778625E+2,
1077.000,9.34415405E+2,
1078.000,8.78913818E+2,
1079.000,9.16875183E+2,
1080.00,8.42498413E+2,
1081.000,8.75575806E+2,
1082.000,8.60440247E+2,
1083.000,8.49327698E+2,
1084.000,8.93313354E+2,
1085.000,7.61098328E+2,
1086.000,8.50177368E+2,
1087.000,9.46750488E+2,
1088.000,8.59486633E+2,
1089.000,7.50779785E+2,
1090.00,7.33085327E+2,
1091.000,7.09660706E+2,
1092.000,8.20617615E+2,
1093.000,7.83455139E+2,
1094.000,8.24534729E+2,
1095.000,6.98563171E+2,
1096.000,6.97946167E+2,
1097.000,7.62306702E+2,
1098.000,6.76584351E+2,
1099.000,7.56197876E+2,
1100.00,7.59577942E+2,
1101.000,6.95677429E+2,
1102.000,7.12040466E+2,
1103.000,7.06165222E+2,
1104.000,6.18024048E+2,
1105.000,6.15382507E+2,
1106.000,6.71656250E+2,
1107.000,6.37856934E+2,
1108.000,6.36090515E+2,
1109.000,6.99518188E+2,
1110.00,5.55835083E+2,
1111.000,5.75261780E+2,
1112.000,6.06052246E+2,
1113.000,6.52346985E+2,
1114.000,5.78870911E+2,
1115.000,5.89976074E+2,
1116.000,5.10878235E+2,
1117.000,4.51841309E+2,
1118.000,5.29419922E+2,
1119.000,6.01901978E+2,
1120.00,5.75021912E+2,
1121.000,4.56058624E+2,
1122.000,5.54279358E+2,
1123.000,5.38046570E+2,
1124.000,5.47544983E+2,
1125.000,4.44429108E+2,
1126.000,6.24179626E+2,
1127.000,4.70315002E+2,
1128.000,4.84348663E+2,
1129.000,5.03577972E+2,
1130.00,5.58939453E+2,
1131.000,5.00707611E+2,
1132.000,4.78711212E+2,
1133.000,4.39235107E+2,
1134.000,4.53780029E+2,
1135.000,3.81130737E+2,
1136.000,3.34828918E+2,
1137.000,4.37898560E+2,
1138.000,3.06223907E+2,
1139.000,4.31903625E+2,
1140.00,3.91037140E+2,
1141.000,3.76811249E+2,
1142.000,4.20380157E+2,
1143.000,4.70738464E+2,
1144.000,2.39291656E+2,
1145.000,4.27680542E+2,
1146.000,3.86931427E+2,
1147.000,3.90272919E+2,
1148.000,3.74919586E+2,
1149.000,3.52746216E+2,
1150.00,4.28287445E+2,
1151.000,3.79047882E+2,
1152.000,3.61961548E+2,
1153.000,3.60171570E+2,
1154.000,3.89956543E+2,
1155.000,4.68882660E+2,
1156.000,3.29519318E+2,
1157.000,4.08653870E+2,
1158.000,2.40818100E+2,
1159.000,3.99625885E+2,
1160.00,4.19267761E+2,
1161.000,3.63733002E+2,
1162.000,4.17682190E+2,
1163.000,3.67781769E+2,
1164.000,4.08012238E+2,
1165.000,3.65094208E+2,
1166.000,2.58842041E+2,
1167.000,3.71687744E+2,
1168.000,2.90797089E+2,
1169.000,3.43623596E+2,
1170.00,2.63632141E+2,
1171.000,2.91773407E+2,
1172.000,2.83148407E+2,
1173.000,4.15015839E+2,
1174.000,1.99646484E+2,
1175.000,3.65568756E+2,
1176.000,3.58518677E+2,
1177.000,3.72532776E+2,
1178.000,2.84242401E+2,
1179.000,3.04729858E+2,
1180.00,3.85954865E+2,
1181.000,3.19846710E+2,
1182.000,3.58868073E+2,
1183.000,2.85976349E+2,
1184.000,2.51654144E+2,
1185.000,2.69228241E+2,
1186.000,2.52793121E+2,
1187.000,2.90703033E+2,
1188.000,2.68554901E+2,
1189.000,3.91756409E+2,
1190.00,3.19318390E+2,
1191.000,3.39036194E+2,
1192.000,3.87925659E+2,
1193.000,2.98068085E+2,
1194.000,2.27516296E+2,
1195.000,2.74931946E+2,
1196.000,2.90205566E+2,
1197.000,2.12565125E+2,
1198.000,3.74920990E+2,
1199.000,2.25405548E+2,
1200.00,2.31208908E+2,
1201.000,2.99173035E+2,
1202.000,2.62672394E+2,
1203.000,3.14488495E+2,
1204.000,3.44372833E+2,
1205.000,3.44879791E+2,
1206.000,2.98821655E+2,
1207.000,3.02593719E+2,
1208.000,1.65376343E+2,
1209.000,2.75919312E+2,
1210.00,2.83334015E+2,
1211.000,2.61599518E+2,
1212.000,1.91998505E+2,
1213.000,2.84326569E+2,
1214.000,1.80021149E+2,
1215.000,3.49406738E+2,
1216.000,3.48053986E+2,
1217.000,2.18951981E+2,
1218.000,2.60957367E+2,
1219.000,2.01487671E+2,
1220.00,3.04502014E+2,
1221.000,2.91566101E+2,
1222.000,1.89000336E+2,
1223.000,2.26419739E+2,
1224.000,2.94485077E+2,
1225.000,2.99262878E+2,
1226.000,4.04945404E+2,
1227.000,2.26364044E+2,
1228.000,3.39329376E+2,
1229.000,2.67519470E+2,
1230.00,1.79212738E+2,
1231.000,2.82930023E+2,
1232.000,2.21549362E+2,
1233.000,3.19867096E+2,
1234.000,2.59886688E+2,
1235.000,2.73742981E+2,
1236.000,2.01487823E+2,
1237.000,3.13772614E+2,
1238.000,2.28595642E+2,
1239.000,2.93406830E+2,
1240.00,3.48812531E+2,
1241.000,2.22043365E+2,
1242.000,3.36042419E+2,
1243.000,2.91799377E+2,
1244.000,3.27073547E+2,
1245.000,2.82350677E+2,
1246.000,2.92708374E+2,
1247.000,3.33482117E+2,
1248.000,4.46668793E+2,
1249.000,3.72421173E+2,
1250.00,3.91863922E+2,
1251.000,2.52188248E+2,
1252.000,2.28610077E+2,
1253.000,1.96153214E+2,
1254.000,2.59128754E+2,
1255.000,2.89622528E+2,
1256.000,2.50729126E+2,
1257.000,3.75936646E+2,
1258.000,3.62717621E+2,
1259.000,2.16567856E+2,
1260.00,3.14783508E+2,
1261.000,1.83596039E+2,
1262.000,3.09257446E+2,
1263.000,3.77372742E+2,
1264.000,2.84822754E+2,
1265.000,3.10299866E+2,
1266.000,3.14380676E+2,
1267.000,3.97897095E+2,
1268.000,2.79710419E+2,
1269.000,3.63857330E+2,
1270.00,3.31560516E+2,
1271.000,3.41036743E+2,
1272.000,2.67119568E+2,
1273.000,3.56961304E+2,
1274.000,3.51524719E+2,
1275.000,3.62079071E+2,
1276.000,2.78374512E+2,
1277.000,3.54180756E+2,
1278.000,4.26626434E+2,
1279.000,3.68495880E+2,
1280.00,3.77682556E+2,
1281.000,4.43578094E+2,
1282.000,4.06217621E+2,
1283.000,3.57490265E+2,
1284.000,3.64778503E+2,
1285.000,4.22714966E+2,
1286.000,4.28257782E+2,
1287.000,3.30778168E+2,
1288.000,3.65431580E+2,
1289.000,4.20827606E+2,
1290.00,4.37381744E+2,
1291.000,3.90413605E+2,
1292.000,4.69020630E+2,
1293.000,5.11959412E+2,
1294.000,4.77641418E+2,
1295.000,4.76580627E+2,
1296.000,4.66962952E+2,
1297.000,4.71094147E+2,
1298.000,5.63884949E+2,
1299.000,4.37102325E+2,
1300.00,4.86565155E+2,
1301.000,4.47662262E+2,
1302.000,4.32105652E+2,
1303.000,4.69788605E+2,
1304.000,3.90961578E+2,
1305.000,4.77032806E+2,
1306.000,5.48629944E+2,
1307.000,5.62535278E+2,
1308.000,4.30976746E+2,
1309.000,5.27401245E+2,
1310.00,5.58212708E+2,
1311.000,4.51093781E+2,
1312.000,6.37638000E+2,
1313.000,6.26460571E+2,
1314.000,5.30661316E+2,
1315.000,6.16569641E+2,
1316.000,4.96913574E+2,
1317.000,5.72252014E+2,
1318.000,5.95085754E+2,
1319.000,6.71487610E+2,
1320.00,5.42727905E+2,
1321.000,5.97247742E+2,
1322.000,6.23804016E+2,
1323.000,6.91025635E+2,
1324.000,6.03469299E+2,
1325.000,7.31082886E+2,
1326.000,6.16238708E+2,
1327.000,6.10485413E+2,
1328.000,6.52486267E+2,
1329.000,7.44151611E+2,
1330.00,7.43387573E+2,
1331.000,7.29559082E+2,
1332.000,6.46332703E+2,
1333.000,6.17842957E+2,
1334.000,6.91874573E+2,
1335.000,7.19207153E+2,
1336.000,7.63238159E+2,
1337.000,8.43718689E+2,
1338.000,8.80560791E+2,
1339.000,6.98096802E+2,
1340.00,8.12094299E+2,
1341.000,8.18424622E+2,
1342.000,8.74093384E+2,
1343.000,7.72308594E+2,
1344.000,8.61771606E+2,
1345.000,9.72049133E+2,
1346.000,9.05486084E+2,
1347.000,9.11030457E+2,
1348.000,9.93901733E+2,
1349.000,9.11117920E+2,
1350.00,1.04355505E+3,
1351.000,1.05885242E+3,
1352.000,1.04392773E+3,
1353.000,9.94806152E+2,
1354.000,1.04015137E+3,
1355.000,1.07479407E+3,
1356.000,1.03162097E+3,
1357.000,1.11030750E+3,
1358.000,1.08447168E+3,
1359.000,1.13335974E+3,
1360.00,1.17157886E+3,
1361.000,1.27435620E+3,
1362.000,1.29280139E+3,
1363.000,1.22437195E+3,
1364.000,1.29449438E+3,
1365.000,1.17978455E+3,
1366.000,1.12392676E+3,
1367.000,1.27208679E+3,
1368.000,1.27195776E+3,
1369.000,1.25775366E+3,
1370.00,1.26462805E+3,
1371.000,1.45362207E+3,
1372.000,1.30414600E+3,
1373.000,1.28701416E+3,
1374.000,1.31188855E+3,
1375.000,1.35221570E+3,
1376.000,1.51711182E+3,
1377.000,1.39779431E+3,
1378.000,1.47172998E+3,
1379.000,1.54969092E+3,
1380.00,1.64377478E+3,
1381.000,1.55357166E+3,
1382.000,1.69502124E+3,
1383.000,1.78425171E+3,
1384.000,1.77831189E+3,
1385.000,1.67788171E+3,
1386.000,1.65297302E+3,
1387.000,1.50271521E+3,
1388.000,1.71200586E+3,
1389.000,1.63602100E+3,
1390.00,1.71092432E+3,
1391.000,1.64923914E+3,
1392.000,1.98765259E+3,
1393.000,1.82901624E+3,
1394.000,1.68949072E+3,
1395.000,1.79406238E+3,
1396.000,1.90261414E+3,
1397.000,1.90446838E+3,
1398.000,1.94759851E+3,
1399.000,1.94120251E+3,
1400.00,1.99755115E+3,
1401.000,1.92595679E+3,
1402.000,1.62772986E+3,
1403.000,1.87949963E+3,
1404.000,1.94740869E+3,
1405.000,2.19787207E+3,
1406.000,2.06108301E+3,
1407.000,2.02496936E+3,
1408.000,2.21804956E+3,
1409.000,2.10445898E+3,
1410.00,2.09618628E+3,
1411.000,2.02820532E+3,
1412.000,2.08119922E+3,
1413.000,2.10140845E+3,
1414.000,2.19589966E+3,
1415.000,2.24180908E+3,
1416.000,2.32209155E+3,
1417.000,2.30314990E+3,
1418.000,2.31062842E+3,
1419.000,2.18657373E+3,
1420.00,2.24958545E+3,
1421.000,2.33953711E+3,
1422.000,2.24843726E+3,
1423.000,2.36946460E+3,
1424.000,2.32324487E+3,
1425.000,2.42771143E+3,
1426.000,2.26597437E+3,
1427.000,2.36621729E+3,
1428.000,2.24333521E+3,
1429.000,2.55165967E+3,
1430.00,2.48925952E+3,
1431.000,2.53133301E+3,
1432.000,2.51555908E+3,
1433.000,2.43115503E+3,
1434.000,2.69409766E+3,
1435.000,2.59665942E+3,
1436.000,2.68216675E+3,
1437.000,2.57575171E+3,
1438.000,2.49540942E+3,
1439.000,2.71064624E+3,
1440.00,2.75402661E+3,
1441.000,2.72514160E+3,
1442.000,2.80719824E+3,
1443.000,2.73290283E+3,
1444.000,2.72460425E+3,
1445.000,2.93334692E+3,
1446.000,2.90323682E+3,
1447.000,2.97395898E+3,
1448.000,2.90948535E+3,
1449.000,2.87960181E+3,
1450.00,3.11996460E+3,
1451.000,2.99794922E+3,
1452.000,2.92417456E+3,
1453.000,3.04404468E+3,
1454.000,3.05923096E+3,
1455.000,3.04631177E+3,
1456.000,2.99756299E+3,
1457.000,3.16120166E+3,
1458.000,3.04867627E+3,
1459.000,2.97866455E+3,
1460.00,3.19202173E+3,
1461.000,3.30134985E+3,
1462.000,3.07794629E+3,
1463.000,3.18459961E+3,
1464.000,3.17283545E+3,
1465.000,3.39141675E+3,
1466.000,3.40570703E+3,
1467.000,3.38004126E+3,
1468.000,3.70337231E+3,
1469.000,3.42781885E+3,
1470.00,3.32839478E+3,
1471.000,3.56732861E+3,
1472.000,3.65129736E+3,
1473.000,3.59904443E+3,
1474.000,3.61378101E+3,
1475.000,3.44260278E+3,
1476.000,3.71815332E+3,
1477.000,3.63999561E+3,
1478.000,3.78966577E+3,
1479.000,3.82537183E+3,
1480.00,3.58849219E+3,
1481.000,3.77922729E+3,
1482.000,3.76681982E+3,
1483.000,3.76383740E+3,
1484.000,3.78234448E+3,
1485.000,3.87982397E+3,
1486.000,3.86802173E+3,
1487.000,3.93091235E+3,
1488.000,4.01183350E+3,
1489.000,3.72956958E+3,
1490.00,3.97088452E+3,
1491.000,3.88780542E+3,
1492.000,3.95407666E+3,
1493.000,4.13261133E+3,
1494.000,4.00194238E+3,
1495.000,4.10698145E+3,
1496.000,3.98490039E+3,
1497.000,4.13118555E+3,
1498.000,3.96658569E+3,
1499.000,4.00927344E+3,
1500.00,4.20691797E+3,
1501.000,4.19181201E+3,
1502.000,4.06683960E+3,
1503.000,4.20250146E+3,
1504.000,4.28403369E+3,
1505.000,4.16153027E+3,
1506.000,4.11191602E+3,
1507.000,4.28967432E+3,
1508.000,4.21265527E+3,
1509.000,4.23786377E+3,
1510.00,4.38899902E+3,
1511.000,4.31416113E+3,
1512.000,4.43603711E+3,
1513.000,4.39908496E+3,
1514.000,4.44213184E+3,
1515.000,4.34943311E+3,
1516.000,4.36277051E+3,
1517.000,4.47609961E+3,
1518.000,4.41780420E+3,
1519.000,4.47594824E+3,
1520.00,4.37420752E+3,
1521.000,4.47289697E+3,
1522.000,4.51489795E+3,
1523.000,4.57963037E+3,
1524.000,4.44089697E+3,
1525.000,4.59860156E+3,
1526.000,4.66066406E+3,
1527.000,4.61615137E+3,
1528.000,4.76121533E+3,
1529.000,4.66330615E+3,
1530.00,4.68913574E+3,
1531.000,4.60594238E+3,
1532.000,4.53185352E+3,
1533.000,4.56704492E+3,
1534.000,4.65616357E+3,
1535.000,4.47196338E+3,
1536.000,4.85406348E+3,
1537.000,4.70787500E+3,
1538.000,4.68029639E+3,
1539.000,4.76285938E+3,
1540.00,4.77425586E+3,
1541.000,4.72669531E+3,
1542.000,4.76339502E+3,
1543.000,4.68825195E+3,
1544.000,4.71776709E+3,
1545.000,4.82205078E+3,
1546.000,5.03300098E+3,
1547.000,4.79506250E+3,
1548.000,4.90205762E+3,
1549.000,4.75092969E+3,
1550.00,4.84588770E+3,
1551.000,4.92561963E+3,
1552.000,4.87174756E+3,
1553.000,5.02964453E+3,
1554.000,4.96075732E+3,
1555.000,4.93943896E+3,
1556.000,4.69577295E+3,
1557.000,4.87685645E+3,
1558.000,5.02445947E+3,
1559.000,4.86388574E+3,
1560.00,4.88741113E+3,
1561.000,4.97783496E+3,
1562.000,4.97507129E+3,
1563.000,5.07139844E+3,
1564.000,4.65163672E+3,
1565.000,4.85121143E+3,
1566.000,4.79137451E+3,
1567.000,4.91410205E+3,
1568.000,4.99861230E+3,
1569.000,4.94806543E+3,
1570.00,4.84154736E+3,
1571.000,5.07241455E+3,
1572.000,4.90910400E+3,
1573.000,4.69712891E+3,
1574.000,4.86957178E+3,
1575.000,5.06059229E+3,
1576.000,4.84504443E+3,
1577.000,4.99817334E+3,
1578.000,5.13358350E+3,
1579.000,4.96217188E+3,
1580.00,4.92700732E+3,
1581.000,4.67837939E+3,
1582.000,4.99808545E+3,
1583.000,5.18661279E+3,
1584.000,4.89572803E+3,
1585.000,5.02681201E+3,
1586.000,4.89809229E+3,
1587.000,4.93342041E+3,
1588.000,5.11845264E+3,
1589.000,5.11909473E+3,
1590.00,4.77927441E+3,
1591.000,4.85093457E+3,
1592.000,4.68487012E+3,
1593.000,4.91235693E+3,
1594.000,4.90267627E+3,
1595.000,5.05699072E+3,
1596.000,5.01960303E+3,
1597.000,4.95985107E+3,
1598.000,5.04445996E+3,
1599.000,4.73649219E+3,
1600.00,4.90468506E+3,
1601.000,4.52930713E+3,
1602.000,4.83835840E+3,
1603.000,5.08110449E+3,
1604.000,5.05489893E+3,
1605.000,5.13091016E+3,
1606.000,4.90030078E+3,
1607.000,4.89944141E+3,
1608.000,5.31008252E+3,
1609.000,4.95566797E+3,
1610.00,5.07896533E+3,
1611.000,5.07603223E+3,
1612.000,5.14915479E+3,
1613.000,5.07466455E+3,
1614.000,4.95859863E+3,
1615.000,4.86285400E+3,
1616.000,4.64313525E+3,
1617.000,4.71802100E+3,
1618.000,4.76917236E+3,
1619.000,4.96450098E+3,
1620.00,4.84605371E+3,
1621.000,4.68988428E+3,
1622.000,4.89581836E+3,
1623.000,4.95632520E+3,
1624.000,4.91368359E+3,
1625.000,4.83423975E+3,
1626.000,5.22940723E+3,
1627.000,4.96038428E+3,
1628.000,5.19785547E+3,
1629.000,5.42761523E+3,
1630.00,5.58383594E+3,
1631.000,5.37007520E+3,
1632.000,5.23905029E+3,
1633.000,5.13703418E+3,
1634.000,5.14522510E+3,
1635.000,5.02757031E+3,
1636.000,5.32949805E+3,
1637.000,5.17516504E+3,
1638.000,5.76438037E+3,
1639.000,5.68664355E+3,
1640.00,5.92710986E+3,
1641.000,5.87754541E+3,
1642.000,5.93672363E+3,
1643.000,6.31288916E+3,
1644.000,6.05588818E+3,
1645.000,5.46502051E+3,
1646.000,7.12353320E+3,
1647.000,5.64523047E+3,
1648.000,6.24181006E+3,
1649.000,7.07742285E+3,
1650.00,7.10688574E+3,
