Labels,75,
Type,Emission Scan,
Comment,,
Start,1100.00,
Stop,1650.00,
Step,1.00,
Fixed/Offset,410.00,
Xaxis,Wavelength,
Yaxis,Counts,
Scan Corr. by File,True,
Corr. by Ref. Det.,True,
Fixed/Offset Corr. by File,False,
Repeats,1,
Dwell Time,0.10,
Lamp,Xenon,
Temp,0.00,
Scan Polariser,None,
Scan Slit,4.50,
Fixed/Offset Polariser,None,
Fixed/Offset Slit,5.00,
Detector,Det2,

1100.00,4.23482170E+1,
1101.000,6.79689941E+1,
1102.000,5.44949493E+1,
1103.000,6.46253738E+1,
1104.000,8.33505630E+1,
1105.000,6.57396698E+1,
1106.000,5.95724869E+1,
1107.000,4.47372322E+1,
1108.000,5.69889717E+1,
1109.000,7.25738602E+1,
1110.00,6.11988525E+1,
1111.000,5.91261482E+1,
1112.000,5.47446632E+1,
1113.000,7.66304092E+1,
1114.000,7.15917206E+1,
1115.000,8.14573746E+1,
1116.000,7.65767136E+1,
1117.000,4.62103500E+1,
1118.000,7.24675140E+1,
1119.000,6.72019806E+1,
1120.00,6.93641357E+1,
1121.000,8.66833496E+1,
1122.000,9.17660522E+1,
1123.000,6.14489822E+1,
1124.000,7.61277466E+1,
1125.000,8.30610504E+1,
1126.000,6.67078323E+1,
1127.000,9.03814774E+1,
1128.000,6.24555435E+1,
1129.000,8.42081528E+1,
1130.00,9.26413803E+1,
1131.000,8.29571228E+1,
1132.000,8.18859406E+1,
1133.000,1.04966019E+2,
1134.000,1.02568504E+2,
1135.000,6.61686554E+1,
1136.000,1.00372871E+2,
1137.000,1.05345963E+2,
1138.000,1.08817337E+2,
1139.000,1.07909454E+2,
1140.00,1.09835754E+2,
1141.000,1.11414032E+2,
1142.000,9.45646057E+1,
1143.000,1.25798424E+2,
1144.000,8.64184113E+1,
1145.000,1.04801788E+2,
1146.000,1.20946617E+2,
1147.000,1.10479156E+2,
1148.000,1.01873055E+2,
1149.000,1.28217773E+2,
1150.00,1.32255737E+2,
1151.000,1.11434937E+2,
1152.000,1.18682205E+2,
1153.000,1.39095566E+2,
1154.000,1.40405930E+2,
1155.000,1.42209366E+2,
1156.000,1.28776794E+2,
1157.000,1.32763214E+2,
1158.000,1.30994934E+2,
1159.000,1.41977997E+2,
1160.00,1.63650131E+2,
1161.000,1.67523132E+2,
1162.000,1.58285553E+2,
1163.000,1.55643860E+2,
1164.000,1.94584930E+2,
1165.000,1.63169205E+2,
1166.000,1.80166916E+2,
1167.000,1.87945221E+2,
1168.000,1.78696701E+2,
1169.000,1.89899292E+2,
1170.00,2.19891449E+2,
1171.000,1.91830521E+2,
1172.000,2.16962128E+2,
1173.000,2.19130936E+2,
1174.000,2.21758163E+2,
1175.000,2.43426071E+2,
1176.000,2.15326065E+2,
1177.000,2.38117355E+2,
1178.000,2.59830444E+2,
1179.000,2.45234955E+2,
1180.00,2.44016144E+2,
1181.000,2.50663330E+2,
1182.000,2.36206146E+2,
1183.000,2.57935852E+2,
1184.000,2.94515411E+2,
1185.000,2.81962006E+2,
1186.000,2.76808258E+2,
1187.000,2.76348450E+2,
1188.000,3.00053162E+2,
1189.000,2.86031738E+2,
1190.00,3.10980713E+2,
1191.000,3.42814728E+2,
1192.000,3.02372345E+2,
1193.000,3.39832764E+2,
1194.000,3.40028625E+2,
1195.000,3.64093842E+2,
1196.000,3.52698059E+2,
1197.000,3.64238586E+2,
1198.000,3.94140686E+2,
1199.000,3.59192688E+2,
1200.00,4.03879272E+2,
1201.000,4.13777832E+2,
1202.000,3.89789673E+2,
1203.000,4.09997345E+2,
1204.000,4.24523773E+2,
1205.000,4.66450562E+2,
1206.000,4.69358856E+2,
1207.000,4.61002411E+2,
1208.000,4.63579224E+2,
1209.000,4.63385132E+2,
1210.00,4.71816772E+2,
1211.000,4.60683105E+2,
1212.000,4.87768311E+2,
1213.000,5.10030762E+2,
1214.000,5.19759827E+2,
1215.000,5.34753052E+2,
1216.000,5.18459717E+2,
1217.000,5.44277954E+2,
1218.000,5.77235413E+2,
1219.000,5.84915588E+2,
1220.00,6.05890808E+2,
1221.000,6.07210022E+2,
1222.000,6.49556946E+2,
1223.000,6.28154541E+2,
1224.000,6.82636108E+2,
1225.000,6.84737244E+2,
1226.000,6.83309387E+2,
1227.000,6.92938171E+2,
1228.000,7.37783447E+2,
1229.000,7.34915527E+2,
1230.00,7.02543335E+2,
1231.000,7.67172058E+2,
1232.000,7.86978760E+2,
1233.000,7.85082764E+2,
1234.000,8.27298340E+2,
1235.000,8.21508057E+2,
1236.000,8.55058105E+2,
1237.000,8.72974487E+2,
1238.000,8.71997620E+2,
1239.000,9.16371521E+2,
1240.00,9.12401001E+2,
1241.000,9.24816528E+2,
1242.000,9.64351257E+2,
1243.000,9.63397949E+2,
1244.000,1.00037866E+3,
1245.000,9.98423096E+2,
1246.000,9.94742920E+2,
1247.000,1.06716907E+3,
1248.000,1.12170789E+3,
1249.000,1.09842725E+3,
1250.00,1.18984192E+3,
1251.000,1.16690894E+3,
1252.000,1.12050879E+3,
1253.000,1.19258105E+3,
1254.000,1.20162683E+3,
1255.000,1.19924976E+3,
1256.000,1.24280273E+3,
1257.000,1.27043225E+3,
1258.000,1.27857898E+3,
1259.000,1.31162134E+3,
1260.00,1.34469495E+3,
1261.000,1.39314014E+3,
1262.000,1.42262317E+3,
1263.000,1.42644727E+3,
1264.000,1.43052673E+3,
1265.000,1.50678577E+3,
1266.000,1.53396619E+3,
1267.000,1.58135156E+3,
1268.000,1.58486462E+3,
1269.000,1.63137207E+3,
1270.00,1.58838806E+3,
1271.000,1.67637195E+3,
1272.000,1.67473474E+3,
1273.000,1.63706799E+3,
1274.000,1.75655151E+3,
1275.000,1.81767053E+3,
1276.000,1.82604211E+3,
1277.000,1.82795923E+3,
1278.000,1.86862231E+3,
1279.000,1.93965894E+3,
1280.00,1.97379565E+3,
1281.000,1.96711182E+3,
1282.000,2.05676172E+3,
1283.000,2.05126196E+3,
1284.000,2.13527417E+3,
1285.000,2.21148584E+3,
1286.000,2.23682471E+3,
1287.000,2.28297021E+3,
1288.000,2.28293286E+3,
1289.000,2.36748462E+3,
1290.00,2.34835498E+3,
1291.000,2.37645386E+3,
1292.000,2.46008838E+3,
1293.000,2.49811914E+3,
1294.000,2.59189038E+3,
1295.000,2.60397607E+3,
1296.000,2.64820020E+3,
1297.000,2.69101758E+3,
1298.000,2.78829419E+3,
1299.000,2.80659692E+3,
1300.00,2.89803003E+3,
1301.000,2.94767578E+3,
1302.000,2.93871875E+3,
1303.000,3.02164258E+3,
1304.000,3.10022974E+3,
1305.000,3.19806982E+3,
1306.000,3.24307056E+3,
1307.000,3.29379932E+3,
1308.000,3.30648413E+3,
1309.000,3.38985181E+3,
1310.00,3.47289819E+3,
1311.000,3.50941309E+3,
1312.000,3.58807251E+3,
1313.000,3.65454785E+3,
1314.000,3.74200024E+3,
1315.000,3.78784937E+3,
1316.000,3.81562842E+3,
1317.000,3.83154858E+3,
1318.000,4.01390894E+3,
1319.000,4.00154370E+3,
1320.00,4.11718750E+3,
1321.000,4.21865723E+3,
1322.000,4.24183350E+3,
1323.000,4.40555225E+3,
1324.000,4.44241211E+3,
1325.000,4.43705176E+3,
1326.000,4.55741602E+3,
1327.000,4.67225977E+3,
1328.000,4.69125049E+3,
1329.000,4.84094873E+3,
1330.00,4.86889258E+3,
1331.000,4.93999463E+3,
1332.000,4.95856543E+3,
1333.000,5.05602930E+3,
1334.000,5.20120752E+3,
1335.000,5.31584082E+3,
1336.000,5.33207959E+3,
1337.000,5.46162842E+3,
1338.000,5.59739600E+3,
1339.000,5.52139209E+3,
1340.00,5.74346484E+3,
1341.000,5.92485449E+3,
1342.000,5.90949268E+3,
1343.000,6.03663818E+3,
1344.000,6.06373535E+3,
1345.000,6.18922363E+3,
1346.000,6.35845752E+3,
1347.000,6.42137012E+3,
1348.000,6.52709131E+3,
1349.000,6.58589404E+3,
1350.00,6.68591064E+3,
1351.000,6.76704443E+3,
1352.000,6.96556201E+3,
1353.000,6.91123340E+3,
1354.000,7.10979053E+3,
1355.000,7.45552832E+3,
1356.000,7.52573438E+3,
1357.000,7.53832715E+3,
1358.000,7.51210352E+3,
1359.000,7.60533057E+3,
1360.00,7.78432813E+3,
1361.000,8.10700000E+3,
1362.000,8.43215625E+3,
1363.000,8.21463477E+3,
1364.000,8.10953125E+3,
1365.000,8.45725488E+3,
1366.000,8.49211914E+3,
1367.000,8.43855566E+3,
1368.000,8.88020020E+3,
1369.000,8.92012988E+3,
1370.00,8.79929883E+3,
1371.000,9.01021777E+3,
1372.000,9.13166406E+3,
1373.000,9.08738770E+3,
1374.000,9.31416797E+3,
1375.000,9.40765430E+3,
1376.000,9.56206934E+3,
1377.000,9.71776758E+3,
1378.000,9.64119043E+3,
1379.000,9.71750098E+3,
1380.00,1.01715313E+4,
1381.000,1.06441943E+4,
1382.000,1.06452373E+4,
1383.000,1.06169951E+4,
1384.000,1.05268779E+4,
1385.000,1.05456797E+4,
1386.000,1.05499043E+4,
1387.000,1.07148613E+4,
1388.000,1.10461289E+4,
1389.000,1.10767979E+4,
1390.00,1.07838906E+4,
1391.000,1.09504678E+4,
1392.000,1.14466680E+4,
1393.000,1.14799717E+4,
1394.000,1.13751816E+4,
1395.000,1.18720059E+4,
1396.000,1.22355898E+4,
1397.000,1.19953770E+4,
1398.000,1.16353145E+4,
1399.000,1.19063643E+4,
1400.00,1.26338506E+4,
1401.000,1.27719150E+4,
1402.000,1.22345059E+4,
1403.000,1.21726279E+4,
1404.000,1.28410928E+4,
1405.000,1.32497393E+4,
1406.000,1.32218779E+4,
1407.000,1.30920000E+4,
1408.000,1.32371943E+4,
1409.000,1.34060449E+4,
1410.00,1.36531689E+4,
1411.000,1.33371182E+4,
1412.000,1.33802646E+4,
1413.000,1.38327949E+4,
1414.000,1.41872920E+4,
1415.000,1.43159072E+4,
1416.000,1.40890410E+4,
1417.000,1.42746680E+4,
1418.000,1.45368828E+4,
1419.000,1.49816104E+4,
1420.00,1.49613477E+4,
1421.000,1.47156074E+4,
1422.000,1.47141377E+4,
1423.000,1.50486973E+4,
1424.000,1.53612617E+4,
1425.000,1.52866162E+4,
1426.000,1.54250039E+4,
1427.000,1.55210762E+4,
1428.000,1.56790195E+4,
1429.000,1.57013984E+4,
1430.00,1.59131758E+4,
1431.000,1.61537314E+4,
1432.000,1.62872070E+4,
1433.000,1.64632598E+4,
1434.000,1.65865430E+4,
1435.000,1.66003164E+4,
1436.000,1.65067422E+4,
1437.000,1.68079902E+4,
1438.000,1.71096836E+4,
1439.000,1.71512949E+4,
1440.00,1.72170410E+4,
1441.000,1.73861309E+4,
1442.000,1.74040879E+4,
1443.000,1.73758359E+4,
1444.000,1.75147441E+4,
1445.000,1.77042520E+4,
1446.000,1.77682012E+4,
1447.000,1.80661367E+4,
1448.000,1.79527031E+4,
1449.000,1.79919238E+4,
1450.00,1.82955527E+4,
1451.000,1.84701621E+4,
1452.000,1.85533457E+4,
1453.000,1.84915918E+4,
1454.000,1.85153672E+4,
1455.000,1.88586719E+4,
1456.000,1.87442324E+4,
1457.000,1.88665117E+4,
1458.000,1.89351699E+4,
1459.000,1.91149160E+4,
1460.00,1.91116758E+4,
1461.000,1.93222520E+4,
1462.000,1.92325703E+4,
1463.000,1.97147480E+4,
1464.000,1.96233633E+4,
1465.000,1.96166309E+4,
1466.000,1.98749512E+4,
1467.000,1.98437695E+4,
1468.000,1.99750801E+4,
1469.000,1.99022422E+4,
1470.00,2.03172715E+4,
1471.000,2.05761113E+4,
1472.000,2.06542012E+4,
1473.000,2.05776484E+4,
1474.000,2.07162559E+4,
1475.000,2.05867832E+4,
1476.000,2.07678086E+4,
1477.000,2.09218789E+4,
1478.000,2.08860098E+4,
1479.000,2.09618066E+4,
1480.00,2.09066191E+4,
1481.000,2.13111309E+4,
1482.000,2.15000391E+4,
1483.000,2.11526328E+4,
1484.000,2.14163477E+4,
1485.000,2.16123633E+4,
1486.000,2.14724043E+4,
1487.000,2.16715195E+4,
1488.000,2.18356074E+4,
1489.000,2.16497207E+4,
1490.00,2.19233223E+4,
1491.000,2.19588105E+4,
1492.000,2.21029785E+4,
1493.000,2.22531250E+4,
1494.000,2.20883535E+4,
1495.000,2.22874727E+4,
1496.000,2.24567070E+4,
1497.000,2.25613066E+4,
1498.000,2.25989648E+4,
1499.000,2.24552813E+4,
1500.00,2.25002969E+4,
1501.000,2.26547637E+4,
1502.000,2.26022500E+4,
1503.000,2.26754336E+4,
1504.000,2.24307305E+4,
1505.000,2.27733965E+4,
1506.000,2.27682520E+4,
1507.000,2.28079570E+4,
1508.000,2.28100117E+4,
1509.000,2.28286895E+4,
1510.00,2.28745039E+4,
1511.000,2.29599512E+4,
1512.000,2.29240820E+4,
1513.000,2.32481445E+4,
1514.000,2.32376484E+4,
1515.000,2.32078066E+4,
1516.000,2.30399141E+4,
1517.000,2.32991641E+4,
1518.000,2.33383379E+4,
1519.000,2.31465898E+4,
1520.00,2.31749160E+4,
1521.000,2.31524648E+4,
1522.000,2.31211973E+4,
1523.000,2.30463789E+4,
1524.000,2.32234434E+4,
1525.000,2.34338008E+4,
1526.000,2.33183320E+4,
1527.000,2.33584180E+4,
1528.000,2.32565840E+4,
1529.000,2.35640527E+4,
1530.00,2.34724863E+4,
1531.000,2.35205566E+4,
1532.000,2.34529707E+4,
1533.000,2.32928164E+4,
1534.000,2.31595840E+4,
1535.000,2.31621875E+4,
1536.000,2.31111738E+4,
1537.000,2.32924902E+4,
1538.000,2.32443359E+4,
1539.000,2.34350039E+4,
1540.00,2.31757520E+4,
1541.000,2.33988203E+4,
1542.000,2.31742617E+4,
1543.000,2.33127285E+4,
1544.000,2.33670313E+4,
1545.000,2.33596855E+4,
1546.000,2.33302480E+4,
1547.000,2.33212754E+4,
1548.000,2.31576230E+4,
1549.000,2.34403594E+4,
1550.00,2.33936523E+4,
1551.000,2.30504863E+4,
1552.000,2.29651230E+4,
1553.000,2.32609316E+4,
1554.000,2.31879414E+4,
1555.000,2.32121836E+4,
1556.000,2.29401465E+4,
1557.000,2.30743438E+4,
1558.000,2.28782734E+4,
1559.000,2.31113652E+4,
1560.00,2.30185703E+4,
1561.000,2.28560352E+4,
1562.000,2.28204902E+4,
1563.000,2.29029512E+4,
1564.000,2.27367910E+4,
1565.000,2.28122637E+4,
1566.000,2.27419941E+4,
1567.000,2.25327852E+4,
1568.000,2.26688262E+4,
1569.000,2.25410664E+4,
1570.00,2.22346738E+4,
1571.000,2.24891230E+4,
1572.000,2.22923066E+4,
1573.000,2.24908828E+4,
1574.000,2.22559863E+4,
1575.000,2.20513535E+4,
1576.000,2.20262188E+4,
1577.000,2.23169727E+4,
1578.000,2.20702773E+4,
1579.000,2.21391172E+4,
1580.00,2.20257266E+4,
1581.000,2.21205254E+4,
1582.000,2.17386406E+4,
1583.000,2.18027598E+4,
1584.000,2.17347402E+4,
1585.000,2.18136504E+4,
1586.000,2.17174629E+4,
1587.000,2.15175723E+4,
1588.000,2.14516563E+4,
1589.000,2.15146914E+4,
1590.00,2.13491172E+4,
1591.000,2.15180781E+4,
1592.000,2.13283418E+4,
1593.000,2.13745996E+4,
1594.000,2.13081934E+4,
1595.000,2.13385703E+4,
1596.000,2.12177637E+4,
1597.000,2.09453887E+4,
1598.000,2.11303086E+4,
1599.000,2.10491191E+4,
1600.00,2.08055117E+4,
1601.000,2.07567520E+4,
1602.000,2.10271680E+4,
1603.000,2.07093691E+4,
1604.000,2.05191289E+4,
1605.000,2.04217539E+4,
1606.000,2.03277715E+4,
1607.000,2.05536016E+4,
1608.000,2.03467129E+4,
1609.000,2.03166738E+4,
1610.00,2.01562305E+4,
1611.000,2.02036621E+4,
1612.000,2.01011523E+4,
1613.000,2.00424883E+4,
1614.000,1.99188438E+4,
1615.000,2.00600527E+4,
1616.000,1.96547070E+4,
1617.000,1.98081465E+4,
1618.000,1.96774180E+4,
1619.000,1.97110469E+4,
1620.00,1.97088262E+4,
1621.000,1.96592383E+4,
1622.000,1.98421543E+4,
1623.000,1.98046719E+4,
1624.000,1.94761797E+4,
1625.000,1.95178496E+4,
1626.000,1.94169492E+4,
1627.000,1.97021953E+4,
1628.000,1.94650000E+4,
1629.000,1.95389668E+4,
1630.00,1.92882813E+4,
1631.000,1.94470566E+4,
1632.000,1.93167500E+4,
1633.000,1.93854961E+4,
1634.000,1.92823418E+4,
1635.000,1.93280195E+4,
1636.000,1.91838770E+4,
1637.000,1.90659785E+4,
1638.000,1.95193223E+4,
1639.000,1.95594844E+4,
1640.00,1.93518789E+4,
1641.000,1.91115684E+4,
1642.000,1.91224570E+4,
1643.000,1.95631270E+4,
1644.000,1.89058750E+4,
1645.000,1.93001602E+4,
1646.000,1.92494688E+4,
1647.000,1.89889043E+4,
1648.000,1.90836875E+4,
1649.000,1.90727324E+4,
1650.00,1.89408105E+4,
