Labels,0,
Type,Emission Scan,
Comment,,
Start,1100.00,
Stop,1650.00,
Step,1.00,
Fixed/Offset,410.00,
Xaxis,Wavelength,
Yaxis,Counts,
Scan Corr. by File,True,
Corr. by Ref. Det.,True,
Fixed/Offset Corr. by File,False,
Repeats,1,
Dwell Time,0.10,
Lamp,Xenon,
Temp,0.00,
Scan Polariser,None,
Scan Slit,3.9999883,
Fixed/Offset Polariser,None,
Fixed/Offset Slit,4.0000019,
Detector,Det2,

1100.00,9.82686424E+0,
1101.000,3.03511009E+1,
1102.000,3.62500534E+1,
1103.000,6.45257721E+1,
1104.000,2.44825649E+1,
1105.000,6.10517235E+1,
1106.000,5.10644302E+1,
1107.000,3.91427345E+1,
1108.000,3.18774891E+1,
1109.000,4.38631897E+1,
1110.00,3.55947189E+1,
1111.000,2.43144665E+1,
1112.000,-3.83738279E+0,
1113.000,4.88571968E+1,
1114.000,2.22788162E+1,
1115.000,4.84355431E+1,
1116.000,3.12186375E+1,
1117.000,-2.03027077E+1,
1118.000,1.38588600E+1,
1119.000,3.38768311E+1,
1120.00,3.52088203E+1,
1121.000,3.17508278E+1,
1122.000,2.86854286E+1,
1123.000,-1.85575886E+1,
1124.000,5.19089603E+0,
1125.000,5.73602905E+1,
1126.000,-1.98665752E+1,
1127.000,1.16467123E+1,
1128.000,9.35307598E+0,
1129.000,3.87452965E+1,
1130.00,3.99093628E+1,
1131.000,2.64265385E+1,
1132.000,4.48114548E+1,
1133.000,7.14692078E+1,
1134.000,8.93718262E+1,
1135.000,5.00104790E+1,
1136.000,2.37051506E+1,
1137.000,5.20294609E+1,
1138.000,7.47674179E+1,
1139.000,4.75671425E+1,
1140.00,4.97617226E+1,
1141.000,3.27833710E+1,
1142.000,9.30276108E+1,
1143.000,1.06344576E+1,
1144.000,4.41807632E+1,
1145.000,4.86782036E+1,
1146.000,5.93610382E+1,
1147.000,9.18143005E+1,
1148.000,6.98801422E+1,
1149.000,9.41383591E+1,
1150.00,9.94666290E+1,
1151.000,5.65322075E+1,
1152.000,8.26023483E+1,
1153.000,1.03153908E+2,
1154.000,8.16778641E+1,
1155.000,9.72282486E+1,
1156.000,6.19146309E+1,
1157.000,9.47077942E+1,
1158.000,9.87400208E+1,
1159.000,6.73679199E+1,
1160.00,1.34043610E+2,
1161.000,1.14599213E+2,
1162.000,1.20932014E+2,
1163.000,1.53276642E+2,
1164.000,1.45583801E+2,
1165.000,1.59553040E+2,
1166.000,1.01325638E+2,
1167.000,1.75880783E+2,
1168.000,1.59499817E+2,
1169.000,1.98532684E+2,
1170.00,1.94120468E+2,
1171.000,1.30592941E+2,
1172.000,1.68250717E+2,
1173.000,2.12388702E+2,
1174.000,1.84301468E+2,
1175.000,2.05730423E+2,
1176.000,1.71017441E+2,
1177.000,2.11932083E+2,
1178.000,2.17237762E+2,
1179.000,2.32560730E+2,
1180.00,2.82383728E+2,
1181.000,2.57894409E+2,
1182.000,2.93675232E+2,
1183.000,2.85427826E+2,
1184.000,2.77883850E+2,
1185.000,2.71404633E+2,
1186.000,3.06284485E+2,
1187.000,3.05815338E+2,
1188.000,3.19297577E+2,
1189.000,3.41229309E+2,
1190.00,3.28735657E+2,
1191.000,3.68202362E+2,
1192.000,3.63234985E+2,
1193.000,3.56503265E+2,
1194.000,3.97445099E+2,
1195.000,3.58854553E+2,
1196.000,3.80296783E+2,
1197.000,3.74452728E+2,
1198.000,4.28465546E+2,
1199.000,4.38355286E+2,
1200.00,4.23190308E+2,
1201.000,4.46117584E+2,
1202.000,4.50931885E+2,
1203.000,4.64290314E+2,
1204.000,5.49432922E+2,
1205.000,5.20993469E+2,
1206.000,5.63542236E+2,
1207.000,5.43342163E+2,
1208.000,5.94075256E+2,
1209.000,5.36425781E+2,
1210.00,5.92944580E+2,
1211.000,6.21343506E+2,
1212.000,6.57344360E+2,
1213.000,6.67551636E+2,
1214.000,6.29798767E+2,
1215.000,6.88041992E+2,
1216.000,6.68246582E+2,
1217.000,7.04008911E+2,
1218.000,7.17965820E+2,
1219.000,7.25354553E+2,
1220.00,7.30941650E+2,
1221.000,7.98022034E+2,
1222.000,7.77083923E+2,
1223.000,7.88002991E+2,
1224.000,8.52312805E+2,
1225.000,8.22836670E+2,
1226.000,8.94541016E+2,
1227.000,9.09590637E+2,
1228.000,8.85721619E+2,
1229.000,9.22453918E+2,
1230.00,9.70259888E+2,
1231.000,1.00556854E+3,
1232.000,1.00163715E+3,
1233.000,1.01095142E+3,
1234.000,1.03178760E+3,
1235.000,1.09580664E+3,
1236.000,1.15044324E+3,
1237.000,1.11898596E+3,
1238.000,1.12182825E+3,
1239.000,1.17611633E+3,
1240.00,1.24831128E+3,
1241.000,1.30042700E+3,
1242.000,1.30128870E+3,
1243.000,1.33533374E+3,
1244.000,1.33459729E+3,
1245.000,1.39871912E+3,
1246.000,1.41304956E+3,
1247.000,1.45157947E+3,
1248.000,1.48353687E+3,
1249.000,1.53861438E+3,
1250.00,1.64575281E+3,
1251.000,1.63026624E+3,
1252.000,1.60830554E+3,
1253.000,1.65425317E+3,
1254.000,1.66913416E+3,
1255.000,1.73606494E+3,
1256.000,1.81826379E+3,
1257.000,1.86901172E+3,
1258.000,1.90940344E+3,
1259.000,1.88511560E+3,
1260.00,1.95050903E+3,
1261.000,2.02818384E+3,
1262.000,2.01416394E+3,
1263.000,2.06117358E+3,
1264.000,2.19103589E+3,
1265.000,2.20387695E+3,
1266.000,2.18942188E+3,
1267.000,2.30458911E+3,
1268.000,2.39397266E+3,
1269.000,2.41345215E+3,
1270.00,2.43751343E+3,
1271.000,2.53440698E+3,
1272.000,2.63060815E+3,
1273.000,2.59295288E+3,
1274.000,2.74326904E+3,
1275.000,2.68545947E+3,
1276.000,2.83954907E+3,
1277.000,2.87767505E+3,
1278.000,2.94855591E+3,
1279.000,3.05624048E+3,
1280.00,3.12674902E+3,
1281.000,3.17739404E+3,
1282.000,3.31549463E+3,
1283.000,3.29081128E+3,
1284.000,3.37173169E+3,
1285.000,3.51526245E+3,
1286.000,3.48724414E+3,
1287.000,3.62409375E+3,
1288.000,3.76650098E+3,
1289.000,3.77262134E+3,
1290.00,3.85710254E+3,
1291.000,3.95823242E+3,
1292.000,4.11915625E+3,
1293.000,4.23145752E+3,
1294.000,4.17395508E+3,
1295.000,4.32373438E+3,
1296.000,4.41245801E+3,
1297.000,4.53659082E+3,
1298.000,4.71594629E+3,
1299.000,4.74509473E+3,
1300.00,4.78228662E+3,
1301.000,5.02111572E+3,
1302.000,5.10167773E+3,
1303.000,5.15387842E+3,
1304.000,5.18629004E+3,
1305.000,5.32475684E+3,
1306.000,5.52951514E+3,
1307.000,5.61761426E+3,
1308.000,5.70489063E+3,
1309.000,5.82641455E+3,
1310.00,5.97870850E+3,
1311.000,6.14814404E+3,
1312.000,6.19245703E+3,
1313.000,6.46861230E+3,
1314.000,6.44542773E+3,
1315.000,6.70424072E+3,
1316.000,6.79381055E+3,
1317.000,6.88473340E+3,
1318.000,7.09672168E+3,
1319.000,7.08099023E+3,
1320.00,7.38587646E+3,
1321.000,7.50624463E+3,
1322.000,7.63459863E+3,
1323.000,7.85225977E+3,
1324.000,7.89577588E+3,
1325.000,8.02973535E+3,
1326.000,8.25521191E+3,
1327.000,8.53287695E+3,
1328.000,8.46848438E+3,
1329.000,8.68775293E+3,
1330.00,8.93172266E+3,
1331.000,9.02848438E+3,
1332.000,9.23106641E+3,
1333.000,9.45877148E+3,
1334.000,9.55892285E+3,
1335.000,9.77696777E+3,
1336.000,9.89947168E+3,
1337.000,1.00857959E+4,
1338.000,1.03294863E+4,
1339.000,1.04982295E+4,
1340.00,1.06591309E+4,
1341.000,1.09538525E+4,
1342.000,1.09776396E+4,
1343.000,1.11347080E+4,
1344.000,1.15162500E+4,
1345.000,1.15674648E+4,
1346.000,1.17344385E+4,
1347.000,1.21268555E+4,
1348.000,1.22941309E+4,
1349.000,1.24697813E+4,
1350.00,1.25879873E+4,
1351.000,1.30208730E+4,
1352.000,1.33847656E+4,
1353.000,1.33267441E+4,
1354.000,1.35592217E+4,
1355.000,1.41442412E+4,
1356.000,1.45392148E+4,
1357.000,1.43096152E+4,
1358.000,1.45039619E+4,
1359.000,1.48454150E+4,
1360.00,1.49868818E+4,
1361.000,1.55197441E+4,
1362.000,1.61009619E+4,
1363.000,1.57631406E+4,
1364.000,1.58544971E+4,
1365.000,1.63789697E+4,
1366.000,1.64176699E+4,
1367.000,1.65095527E+4,
1368.000,1.72612012E+4,
1369.000,1.72158926E+4,
1370.00,1.70372129E+4,
1371.000,1.76641250E+4,
1372.000,1.78063945E+4,
1373.000,1.78985254E+4,
1374.000,1.79945352E+4,
1375.000,1.83133828E+4,
1376.000,1.85956172E+4,
1377.000,1.89986230E+4,
1378.000,1.90241445E+4,
1379.000,1.96712402E+4,
1380.00,1.97714805E+4,
1381.000,2.03230820E+4,
1382.000,2.05048965E+4,
1383.000,2.12601563E+4,
1384.000,2.08467168E+4,
1385.000,2.06516406E+4,
1386.000,2.10875684E+4,
1387.000,2.11376641E+4,
1388.000,2.18221973E+4,
1389.000,2.16446172E+4,
1390.00,2.14924043E+4,
1391.000,2.18745059E+4,
1392.000,2.30084590E+4,
1393.000,2.31276016E+4,
1394.000,2.24897715E+4,
1395.000,2.37461973E+4,
1396.000,2.43136445E+4,
1397.000,2.38443535E+4,
1398.000,2.33176094E+4,
1399.000,2.39573379E+4,
1400.00,2.54423418E+4,
1401.000,2.56883184E+4,
1402.000,2.45256484E+4,
1403.000,2.46433535E+4,
1404.000,2.57360742E+4,
1405.000,2.65434121E+4,
1406.000,2.61811016E+4,
1407.000,2.62136094E+4,
1408.000,2.68012402E+4,
1409.000,2.71969902E+4,
1410.00,2.74963477E+4,
1411.000,2.74738828E+4,
1412.000,2.70968027E+4,
1413.000,2.77902109E+4,
1414.000,2.84851309E+4,
1415.000,2.85782305E+4,
1416.000,2.84247852E+4,
1417.000,2.84207520E+4,
1418.000,2.87769199E+4,
1419.000,2.94365254E+4,
1420.00,2.94894258E+4,
1421.000,2.95958223E+4,
1422.000,2.97523438E+4,
1423.000,3.00583340E+4,
1424.000,3.08395898E+4,
1425.000,3.07319199E+4,
1426.000,3.08455703E+4,
1427.000,3.11895410E+4,
1428.000,3.14024160E+4,
1429.000,3.15129238E+4,
1430.00,3.16154980E+4,
1431.000,3.20632793E+4,
1432.000,3.25164668E+4,
1433.000,3.27099434E+4,
1434.000,3.29213477E+4,
1435.000,3.30581797E+4,
1436.000,3.29120742E+4,
1437.000,3.33157539E+4,
1438.000,3.36823086E+4,
1439.000,3.40553555E+4,
1440.00,3.38698164E+4,
1441.000,3.44498867E+4,
1442.000,3.44964414E+4,
1443.000,3.49022656E+4,
1444.000,3.50970273E+4,
1445.000,3.54913633E+4,
1446.000,3.56902852E+4,
1447.000,3.58434219E+4,
1448.000,3.56023711E+4,
1449.000,3.62693789E+4,
1450.00,3.67648086E+4,
1451.000,3.67034336E+4,
1452.000,3.69908203E+4,
1453.000,3.70524648E+4,
1454.000,3.70267109E+4,
1455.000,3.75470000E+4,
1456.000,3.75815273E+4,
1457.000,3.78020078E+4,
1458.000,3.79989258E+4,
1459.000,3.79904609E+4,
1460.00,3.81207734E+4,
1461.000,3.82330000E+4,
1462.000,3.82948359E+4,
1463.000,3.83250508E+4,
1464.000,3.83868789E+4,
1465.000,3.85602031E+4,
1466.000,3.89776484E+4,
1467.000,3.88755781E+4,
1468.000,3.90185156E+4,
1469.000,3.96036484E+4,
1470.00,3.98108164E+4,
1471.000,3.99001172E+4,
1472.000,4.00440117E+4,
1473.000,4.00677773E+4,
1474.000,4.02381875E+4,
1475.000,4.05302148E+4,
1476.000,4.05509922E+4,
1477.000,4.09064297E+4,
1478.000,4.10758516E+4,
1479.000,4.11194883E+4,
1480.00,4.10850352E+4,
1481.000,4.15803516E+4,
1482.000,4.16721367E+4,
1483.000,4.13633203E+4,
1484.000,4.14703047E+4,
1485.000,4.19124844E+4,
1486.000,4.15212344E+4,
1487.000,4.18770938E+4,
1488.000,4.18604883E+4,
1489.000,4.18302266E+4,
1490.00,4.23595039E+4,
1491.000,4.24927891E+4,
1492.000,4.26137070E+4,
1493.000,4.24114727E+4,
1494.000,4.27385781E+4,
1495.000,4.27750508E+4,
1496.000,4.26705703E+4,
1497.000,4.28764766E+4,
1498.000,4.29736406E+4,
1499.000,4.27052773E+4,
1500.00,4.29779648E+4,
1501.000,4.26044688E+4,
1502.000,4.32526016E+4,
1503.000,4.32702227E+4,
1504.000,4.34299414E+4,
1505.000,4.32553906E+4,
1506.000,4.33508945E+4,
1507.000,4.30569922E+4,
1508.000,4.35906172E+4,
1509.000,4.33096758E+4,
1510.00,4.37208203E+4,
1511.000,4.34456484E+4,
1512.000,4.34699766E+4,
1513.000,4.34738438E+4,
1514.000,4.34070313E+4,
1515.000,4.36274961E+4,
1516.000,4.36869453E+4,
1517.000,4.31393438E+4,
1518.000,4.39060742E+4,
1519.000,4.39028164E+4,
1520.00,4.35192852E+4,
1521.000,4.38262578E+4,
1522.000,4.35486445E+4,
1523.000,4.36092344E+4,
1524.000,4.37841836E+4,
1525.000,4.35005977E+4,
1526.000,4.33974492E+4,
1527.000,4.34759180E+4,
1528.000,4.32425703E+4,
1529.000,4.36542227E+4,
1530.00,4.30428008E+4,
1531.000,4.28667305E+4,
1532.000,4.30958945E+4,
1533.000,4.29516719E+4,
1534.000,4.30666328E+4,
1535.000,4.30563672E+4,
1536.000,4.28837852E+4,
1537.000,4.28949727E+4,
1538.000,4.29146172E+4,
1539.000,4.28832227E+4,
1540.00,4.28359258E+4,
1541.000,4.26506055E+4,
1542.000,4.27725391E+4,
1543.000,4.26989688E+4,
1544.000,4.28836133E+4,
1545.000,4.29660469E+4,
1546.000,4.23839805E+4,
1547.000,4.22921172E+4,
1548.000,4.24237930E+4,
1549.000,4.24327969E+4,
1550.00,4.24052266E+4,
1551.000,4.24523477E+4,
1552.000,4.21617422E+4,
1553.000,4.20572891E+4,
1554.000,4.25309883E+4,
1555.000,4.17562617E+4,
1556.000,4.20852461E+4,
1557.000,4.17953359E+4,
1558.000,4.13773398E+4,
1559.000,4.12303359E+4,
1560.00,4.14630625E+4,
1561.000,4.13632773E+4,
1562.000,4.11711133E+4,
1563.000,4.13385000E+4,
1564.000,4.11437109E+4,
1565.000,4.09607344E+4,
1566.000,4.06101563E+4,
1567.000,4.08595586E+4,
1568.000,4.06930898E+4,
1569.000,4.05390586E+4,
1570.00,4.03776250E+4,
1571.000,4.03637773E+4,
1572.000,4.00348711E+4,
1573.000,4.01237813E+4,
1574.000,4.01167734E+4,
1575.000,3.97072617E+4,
1576.000,3.96366211E+4,
1577.000,3.94045156E+4,
1578.000,3.95506602E+4,
1579.000,3.94422148E+4,
1580.00,3.92394688E+4,
1581.000,3.92743906E+4,
1582.000,3.90480273E+4,
1583.000,3.87621875E+4,
1584.000,3.84651953E+4,
1585.000,3.83840625E+4,
1586.000,3.83686133E+4,
1587.000,3.82826094E+4,
1588.000,3.81973711E+4,
1589.000,3.77728164E+4,
1590.00,3.78213672E+4,
1591.000,3.76536602E+4,
1592.000,3.75239063E+4,
1593.000,3.77650430E+4,
1594.000,3.74449063E+4,
1595.000,3.74756445E+4,
1596.000,3.68959609E+4,
1597.000,3.71609883E+4,
1598.000,3.70884141E+4,
1599.000,3.66336484E+4,
1600.00,3.68425078E+4,
1601.000,3.64478086E+4,
1602.000,3.59972891E+4,
1603.000,3.58115039E+4,
1604.000,3.61752461E+4,
1605.000,3.56891133E+4,
1606.000,3.55582109E+4,
1607.000,3.54537852E+4,
1608.000,3.54848516E+4,
1609.000,3.51357734E+4,
1610.00,3.49761992E+4,
1611.000,3.47151328E+4,
1612.000,3.47656133E+4,
1613.000,3.44216914E+4,
1614.000,3.42714922E+4,
1615.000,3.44761016E+4,
1616.000,3.42408828E+4,
1617.000,3.39626016E+4,
1618.000,3.37442852E+4,
1619.000,3.35871563E+4,
1620.00,3.40061953E+4,
1621.000,3.34151445E+4,
1622.000,3.31334844E+4,
1623.000,3.35792070E+4,
1624.000,3.34496523E+4,
1625.000,3.30985703E+4,
1626.000,3.31405039E+4,
1627.000,3.32759961E+4,
1628.000,3.32331172E+4,
1629.000,3.27538184E+4,
1630.00,3.28391406E+4,
1631.000,3.27745273E+4,
1632.000,3.29120313E+4,
1633.000,3.30792656E+4,
1634.000,3.28622695E+4,
1635.000,3.27772695E+4,
1636.000,3.34408086E+4,
1637.000,3.34081797E+4,
1638.000,3.34238047E+4,
1639.000,3.30339492E+4,
1640.00,3.29762852E+4,
1641.000,3.27014199E+4,
1642.000,3.28804414E+4,
1643.000,3.28593438E+4,
1644.000,3.22699082E+4,
1645.000,3.27545020E+4,
1646.000,3.26799551E+4,
1647.000,3.23272109E+4,
1648.000,3.21277969E+4,
1649.000,3.21217031E+4,
1650.00,3.09965098E+4,
