Labels,0,
Type,Emission Scan,
Comment,,
Start,1200.00,
Stop,1650.00,
Step,1.00,
Fixed/Offset,410.00,
Xaxis,Wavelength,
Yaxis,Counts,
Scan Corr. by File,True,
Corr. by Ref. Det.,True,
Fixed/Offset Corr. by File,False,
Repeats,1,
Dwell Time,0.10,
Lamp,Xenon,
Temp,0.00,
Scan Polariser,None,
Scan Slit,4.00,
Fixed/Offset Polariser,None,
Fixed/Offset Slit,4.00,
Detector,Det2,

1200.00,4.12397766E+2,
1201.000,4.27508759E+2,
1202.000,4.13691071E+2,
1203.000,4.30245605E+2,
1204.000,4.77345886E+2,
1205.000,4.58854065E+2,
1206.000,4.75466064E+2,
1207.000,5.59592712E+2,
1208.000,4.96362091E+2,
1209.000,5.30537537E+2,
1210.00,5.44872070E+2,
1211.000,5.57939392E+2,
1212.000,5.60489624E+2,
1213.000,6.13431396E+2,
1214.000,6.04641357E+2,
1215.000,6.09082458E+2,
1216.000,6.83785828E+2,
1217.000,6.26135010E+2,
1218.000,6.73208191E+2,
1219.000,6.95821655E+2,
1220.00,7.00367615E+2,
1221.000,7.22181946E+2,
1222.000,7.71940613E+2,
1223.000,7.75567322E+2,
1224.000,7.23810608E+2,
1225.000,7.55394104E+2,
1226.000,7.78899536E+2,
1227.000,7.96219666E+2,
1228.000,8.25612488E+2,
1229.000,8.69399292E+2,
1230.00,8.72855652E+2,
1231.000,8.50796448E+2,
1232.000,9.19394348E+2,
1233.000,9.64018921E+2,
1234.000,9.54925110E+2,
1235.000,9.99038574E+2,
1236.000,1.02282672E+3,
1237.000,1.01978265E+3,
1238.000,1.04873584E+3,
1239.000,1.09698303E+3,
1240.00,1.16987183E+3,
1241.000,1.09625330E+3,
1242.000,1.11491858E+3,
1243.000,1.17108423E+3,
1244.000,1.24978394E+3,
1245.000,1.20009290E+3,
1246.000,1.26641089E+3,
1247.000,1.28578064E+3,
1248.000,1.37075354E+3,
1249.000,1.33855640E+3,
1250.00,1.46132788E+3,
1251.000,1.41157190E+3,
1252.000,1.49186804E+3,
1253.000,1.43401050E+3,
1254.000,1.47214465E+3,
1255.000,1.51958398E+3,
1256.000,1.53328821E+3,
1257.000,1.54871326E+3,
1258.000,1.54564587E+3,
1259.000,1.57253662E+3,
1260.00,1.70409192E+3,
1261.000,1.69899487E+3,
1262.000,1.72043152E+3,
1263.000,1.78784326E+3,
1264.000,1.81718054E+3,
1265.000,1.84288318E+3,
1266.000,1.88721667E+3,
1267.000,1.93515100E+3,
1268.000,1.95547705E+3,
1269.000,1.98594031E+3,
1270.00,2.06379370E+3,
1271.000,2.03140186E+3,
1272.000,2.15420459E+3,
1273.000,2.21959668E+3,
1274.000,2.28495801E+3,
1275.000,2.32220386E+3,
1276.000,2.37630322E+3,
1277.000,2.41670264E+3,
1278.000,2.44678223E+3,
1279.000,2.52121313E+3,
1280.00,2.50210034E+3,
1281.000,2.54404883E+3,
1282.000,2.72952173E+3,
1283.000,2.67933472E+3,
1284.000,2.78496436E+3,
1285.000,2.81922266E+3,
1286.000,2.86518506E+3,
1287.000,2.95333960E+3,
1288.000,3.03934766E+3,
1289.000,3.06206396E+3,
1290.00,3.14582593E+3,
1291.000,3.25158447E+3,
1292.000,3.24375562E+3,
1293.000,3.42183228E+3,
1294.000,3.39993848E+3,
1295.000,3.60568994E+3,
1296.000,3.55060938E+3,
1297.000,3.70016309E+3,
1298.000,3.69040186E+3,
1299.000,3.78197705E+3,
1300.00,3.81359814E+3,
1301.000,3.93199829E+3,
1302.000,3.97131982E+3,
1303.000,4.04675293E+3,
1304.000,4.19335254E+3,
1305.000,4.36075781E+3,
1306.000,4.32600830E+3,
1307.000,4.46926318E+3,
1308.000,4.49659229E+3,
1309.000,4.57927539E+3,
1310.00,4.71589600E+3,
1311.000,4.73994824E+3,
1312.000,4.85096289E+3,
1313.000,4.98199463E+3,
1314.000,5.08125342E+3,
1315.000,5.16690186E+3,
1316.000,5.21802051E+3,
1317.000,5.54050391E+3,
1318.000,5.47570605E+3,
1319.000,5.57579297E+3,
1320.00,5.62789990E+3,
1321.000,5.76895020E+3,
1322.000,5.98586914E+3,
1323.000,6.01705225E+3,
1324.000,6.21079688E+3,
1325.000,6.10184033E+3,
1326.000,6.39509375E+3,
1327.000,6.46831396E+3,
1328.000,6.52886768E+3,
1329.000,6.71399365E+3,
1330.00,6.79725830E+3,
1331.000,6.99071289E+3,
1332.000,6.96363232E+3,
1333.000,7.15327441E+3,
1334.000,7.28377979E+3,
1335.000,7.43900195E+3,
1336.000,7.49151123E+3,
1337.000,7.71582471E+3,
1338.000,7.72740088E+3,
1339.000,7.88765576E+3,
1340.00,8.06272559E+3,
1341.000,8.25900684E+3,
1342.000,8.35796777E+3,
1343.000,8.47377344E+3,
1344.000,8.71603809E+3,
1345.000,8.88745605E+3,
1346.000,8.88978320E+3,
1347.000,9.10975781E+3,
1348.000,9.29424609E+3,
1349.000,9.37791602E+3,
1350.00,9.52375684E+3,
1351.000,9.70256543E+3,
1352.000,9.87657520E+3,
1353.000,1.00027373E+4,
1354.000,1.03786445E+4,
1355.000,1.05297285E+4,
1356.000,1.07823545E+4,
1357.000,1.07950889E+4,
1358.000,1.08680342E+4,
1359.000,1.11402021E+4,
1360.00,1.13552666E+4,
1361.000,1.17132813E+4,
1362.000,1.20732344E+4,
1363.000,1.19255840E+4,
1364.000,1.17499385E+4,
1365.000,1.23546289E+4,
1366.000,1.20863984E+4,
1367.000,1.20446777E+4,
1368.000,1.26506826E+4,
1369.000,1.28668867E+4,
1370.00,1.26624678E+4,
1371.000,1.30754639E+4,
1372.000,1.31945586E+4,
1373.000,1.31413867E+4,
1374.000,1.30385244E+4,
1375.000,1.34982813E+4,
1376.000,1.35685977E+4,
1377.000,1.37094609E+4,
1378.000,1.40104326E+4,
1379.000,1.42353662E+4,
1380.00,1.44896143E+4,
1381.000,1.50081494E+4,
1382.000,1.51581865E+4,
1383.000,1.54002432E+4,
1384.000,1.51070361E+4,
1385.000,1.48447070E+4,
1386.000,1.51453037E+4,
1387.000,1.52270566E+4,
1388.000,1.57643945E+4,
1389.000,1.57347607E+4,
1390.00,1.54639766E+4,
1391.000,1.54973857E+4,
1392.000,1.61721797E+4,
1393.000,1.63002695E+4,
1394.000,1.62025723E+4,
1395.000,1.69575566E+4,
1396.000,1.76150313E+4,
1397.000,1.68902246E+4,
1398.000,1.63455195E+4,
1399.000,1.70251055E+4,
1400.00,1.80695039E+4,
1401.000,1.81070117E+4,
1402.000,1.76119941E+4,
1403.000,1.74161133E+4,
1404.000,1.81824414E+4,
1405.000,1.88118867E+4,
1406.000,1.86864961E+4,
1407.000,1.87118867E+4,
1408.000,1.90498340E+4,
1409.000,1.91823652E+4,
1410.00,1.92842285E+4,
1411.000,1.90305898E+4,
1412.000,1.92171504E+4,
1413.000,1.93590547E+4,
1414.000,1.99492285E+4,
1415.000,1.99680039E+4,
1416.000,1.97788594E+4,
1417.000,2.01157754E+4,
1418.000,2.04605098E+4,
1419.000,2.06942363E+4,
1420.00,2.09776895E+4,
1421.000,2.07720469E+4,
1422.000,2.09627031E+4,
1423.000,2.11040254E+4,
1424.000,2.14802266E+4,
1425.000,2.14797012E+4,
1426.000,2.13022539E+4,
1427.000,2.16290410E+4,
1428.000,2.18497012E+4,
1429.000,2.19660039E+4,
1430.00,2.19750781E+4,
1431.000,2.22254160E+4,
1432.000,2.25914121E+4,
1433.000,2.26047910E+4,
1434.000,2.26417559E+4,
1435.000,2.31220000E+4,
1436.000,2.31512520E+4,
1437.000,2.31825957E+4,
1438.000,2.32337520E+4,
1439.000,2.35593633E+4,
1440.00,2.36456602E+4,
1441.000,2.38756777E+4,
1442.000,2.38401113E+4,
1443.000,2.37712598E+4,
1444.000,2.41310859E+4,
1445.000,2.45413691E+4,
1446.000,2.45534863E+4,
1447.000,2.44222637E+4,
1448.000,2.43464297E+4,
1449.000,2.48052676E+4,
1450.00,2.47431074E+4,
1451.000,2.52839512E+4,
1452.000,2.49642832E+4,
1453.000,2.49320117E+4,
1454.000,2.52673906E+4,
1455.000,2.54108516E+4,
1456.000,2.55011895E+4,
1457.000,2.55616992E+4,
1458.000,2.53940645E+4,
1459.000,2.58045156E+4,
1460.00,2.57730469E+4,
1461.000,2.59794609E+4,
1462.000,2.61202305E+4,
1463.000,2.61838047E+4,
1464.000,2.60252285E+4,
1465.000,2.64596230E+4,
1466.000,2.63230273E+4,
1467.000,2.65921445E+4,
1468.000,2.63464492E+4,
1469.000,2.68263086E+4,
1470.00,2.68061152E+4,
1471.000,2.69555605E+4,
1472.000,2.71232129E+4,
1473.000,2.69661113E+4,
1474.000,2.71156074E+4,
1475.000,2.72046465E+4,
1476.000,2.72961113E+4,
1477.000,2.73325820E+4,
1478.000,2.77308926E+4,
1479.000,2.74247676E+4,
1480.00,2.78467813E+4,
1481.000,2.76822871E+4,
1482.000,2.77614570E+4,
1483.000,2.73391758E+4,
1484.000,2.77982500E+4,
1485.000,2.76388301E+4,
1486.000,2.78752754E+4,
1487.000,2.76645742E+4,
1488.000,2.80160527E+4,
1489.000,2.81292852E+4,
1490.00,2.79069980E+4,
1491.000,2.81343145E+4,
1492.000,2.80951758E+4,
1493.000,2.80693027E+4,
1494.000,2.83852051E+4,
1495.000,2.83643203E+4,
1496.000,2.83543262E+4,
1497.000,2.83014258E+4,
1498.000,2.85077715E+4,
1499.000,2.83695918E+4,
1500.00,2.84138281E+4,
1501.000,2.82947461E+4,
1502.000,2.82896426E+4,
1503.000,2.85990332E+4,
1504.000,2.84203066E+4,
1505.000,2.83560391E+4,
1506.000,2.85985684E+4,
1507.000,2.85487012E+4,
1508.000,2.84468516E+4,
1509.000,2.88085254E+4,
1510.00,2.84942031E+4,
1511.000,2.85710293E+4,
1512.000,2.86156035E+4,
1513.000,2.85739844E+4,
1514.000,2.83433203E+4,
1515.000,2.86237773E+4,
1516.000,2.83336953E+4,
1517.000,2.83368730E+4,
1518.000,2.84966152E+4,
1519.000,2.84842773E+4,
1520.00,2.83371543E+4,
1521.000,2.82213438E+4,
1522.000,2.80601816E+4,
1523.000,2.85116406E+4,
1524.000,2.83850547E+4,
1525.000,2.83307539E+4,
1526.000,2.83286289E+4,
1527.000,2.84902832E+4,
1528.000,2.82912246E+4,
1529.000,2.81526582E+4,
1530.00,2.79776719E+4,
1531.000,2.79228672E+4,
1532.000,2.78423398E+4,
1533.000,2.79839961E+4,
1534.000,2.80827227E+4,
1535.000,2.81765742E+4,
1536.000,2.77041816E+4,
1537.000,2.78220684E+4,
1538.000,2.74675938E+4,
1539.000,2.76214141E+4,
1540.00,2.76921738E+4,
1541.000,2.75981367E+4,
1542.000,2.75003105E+4,
1543.000,2.73243828E+4,
1544.000,2.73145195E+4,
1545.000,2.75355313E+4,
1546.000,2.75088125E+4,
1547.000,2.74327285E+4,
1548.000,2.72692930E+4,
1549.000,2.73536504E+4,
1550.00,2.74186523E+4,
1551.000,2.71289844E+4,
1552.000,2.70574785E+4,
1553.000,2.66773984E+4,
1554.000,2.68408613E+4,
1555.000,2.68528730E+4,
1556.000,2.67605625E+4,
1557.000,2.67074727E+4,
1558.000,2.68506230E+4,
1559.000,2.62922207E+4,
1560.00,2.66983672E+4,
1561.000,2.61732480E+4,
1562.000,2.64459570E+4,
1563.000,2.63612207E+4,
1564.000,2.61235156E+4,
1565.000,2.62823027E+4,
1566.000,2.61450020E+4,
1567.000,2.59708867E+4,
1568.000,2.56642637E+4,
1569.000,2.57362207E+4,
1570.00,2.57785254E+4,
1571.000,2.56000664E+4,
1572.000,2.55723945E+4,
1573.000,2.54165645E+4,
1574.000,2.51641152E+4,
1575.000,2.52566621E+4,
1576.000,2.50395527E+4,
1577.000,2.51137559E+4,
1578.000,2.48608770E+4,
1579.000,2.46316113E+4,
1580.00,2.44547695E+4,
1581.000,2.43103105E+4,
1582.000,2.44643496E+4,
1583.000,2.43569434E+4,
1584.000,2.43278398E+4,
1585.000,2.39567207E+4,
1586.000,2.40698262E+4,
1587.000,2.42077813E+4,
1588.000,2.41035645E+4,
1589.000,2.38577402E+4,
1590.00,2.36492246E+4,
1591.000,2.38060117E+4,
1592.000,2.35025762E+4,
1593.000,2.33488301E+4,
1594.000,2.32844531E+4,
1595.000,2.31566270E+4,
1596.000,2.32305801E+4,
1597.000,2.30536953E+4,
1598.000,2.31165625E+4,
1599.000,2.27481426E+4,
1600.00,2.26214355E+4,
1601.000,2.25987910E+4,
1602.000,2.24740605E+4,
1603.000,2.24962578E+4,
1604.000,2.22707695E+4,
1605.000,2.24191074E+4,
1606.000,2.19834219E+4,
1607.000,2.20654043E+4,
1608.000,2.20355156E+4,
1609.000,2.18731973E+4,
1610.00,2.18362500E+4,
1611.000,2.16167422E+4,
1612.000,2.17917246E+4,
1613.000,2.14840879E+4,
1614.000,2.13762031E+4,
1615.000,2.13678965E+4,
1616.000,2.13089023E+4,
1617.000,2.09117637E+4,
1618.000,2.10168691E+4,
1619.000,2.08915645E+4,
1620.00,2.06191055E+4,
1621.000,2.08325977E+4,
1622.000,2.06693867E+4,
1623.000,2.07552148E+4,
1624.000,2.04844238E+4,
1625.000,2.05337051E+4,
1626.000,2.04739355E+4,
1627.000,2.07655195E+4,
1628.000,2.08092148E+4,
1629.000,2.04606543E+4,
1630.00,2.05694805E+4,
1631.000,2.05180078E+4,
1632.000,2.03762207E+4,
1633.000,2.06266074E+4,
1634.000,2.06847285E+4,
1635.000,2.04721211E+4,
1636.000,2.06277051E+4,
1637.000,2.07280762E+4,
1638.000,2.04329590E+4,
1639.000,2.04533105E+4,
1640.00,2.05965430E+4,
1641.000,2.03164766E+4,
1642.000,2.05818496E+4,
1643.000,2.05418320E+4,
1644.000,2.08896992E+4,
1645.000,2.11972578E+4,
1646.000,2.02832363E+4,
1647.000,2.05041172E+4,
1648.000,2.06116641E+4,
1649.000,1.97544375E+4,
1650.00,2.03248066E+4,
