Labels,0,
Type,Emission Scan,
Comment,,
Start,600.00,
Stop,1650.00,
Step,1.00,
Fixed/Offset,455.00,
Xaxis,Wavelength,
Yaxis,Counts,
Scan Corr. by File,True,
Corr. by Ref. Det.,True,
Fixed/Offset Corr. by File,False,
Repeats,1,
Dwell Time,0.10,
Lamp,Xenon,
Temp,0.00,
Scan Polariser,None,
Scan Slit,3.9999883,
Fixed/Offset Polariser,None,
Fixed/Offset Slit,4.0000019,
Detector,Det2,

600.00,6.05824127E+1,
601.00,-1.71723892E+2,
602.00,7.51284943E+1,
603.00,2.57666359E+1,
604.00,1.83629440E+2,
605.00,1.46552200E+2,
606.00,4.03863342E+2,
607.00,2.15474731E+2,
608.00,8.08960876E+1,
609.00,1.50168257E+1,
610.00,-4.15484238E+1,
611.00,4.09732780E+1,
612.00,-7.69462204E+1,
613.00,3.65208466E+2,
614.00,-1.14082909E+2,
615.00,2.18995880E+2,
616.00,1.20739540E+2,
617.00,5.60060081E+1,
618.00,1.67848602E+2,
619.00,1.88498672E+2,
620.00,8.45984497E+1,
621.00,3.03867435E+1,
622.00,-5.00881386E+0,
623.00,-1.10908943E+2,
624.00,-1.71549454E+2,
625.00,-4.52751274E+1,
626.00,-3.98319969E+1,
627.00,-2.16497284E+2,
628.00,7.22706070E+1,
629.00,2.22504456E+2,
630.00,-3.64763908E+1,
631.00,-4.55106316E+1,
632.00,1.97700272E+1,
633.00,2.03294922E+2,
634.00,9.57410278E+1,
635.00,4.93517990E+1,
636.00,2.43208122E+1,
637.00,1.00216919E+2,
638.00,1.70314109E+0,
639.00,-5.61249504E+1,
640.00,5.25360527E+1,
641.00,1.49888382E+2,
642.00,8.74502487E+1,
643.00,1.78369019E+2,
644.00,-9.90668793E+1,
645.00,2.34985466E+1,
646.00,1.12095100E+2,
647.00,4.51789017E+1,
648.00,3.34683013E+0,
649.00,6.48835678E+1,
650.00,-2.17230148E+1,
651.00,3.13332428E+2,
652.00,1.21127022E+2,
653.00,5.17149086E+1,
654.00,-6.65698166E+1,
655.00,3.84635353E+1,
656.00,-2.34565010E+1,
657.00,3.72306976E+1,
658.00,8.24234924E+1,
659.00,6.23983002E+1,
660.00,-1.86048603E+1,
661.00,-4.93262291E+1,
662.00,-9.01673889E+1,
663.00,2.13688904E+2,
664.00,1.47443893E+2,
665.00,5.52397499E+1,
666.00,2.22445343E+2,
667.00,6.74859314E+1,
668.00,1.18210602E+2,
669.00,1.96637436E+2,
670.00,9.74253922E+1,
671.00,2.87299072E+2,
672.00,-7.39901428E+1,
673.00,2.01851303E+2,
674.00,1.33677933E+2,
675.00,5.26571167E+2,
676.00,3.65643921E+2,
677.00,3.34206757E+2,
678.00,2.28490143E+2,
679.00,2.54247681E+2,
680.00,4.71817444E+2,
681.00,2.67969238E+2,
682.00,4.62003723E+2,
683.00,3.99806458E+2,
684.00,3.30404694E+2,
685.00,4.66224487E+2,
686.00,5.02474976E+2,
687.00,5.21899597E+2,
688.00,5.79620300E+2,
689.00,6.21696167E+2,
690.00,6.07396790E+2,
691.00,6.10630676E+2,
692.00,8.99085327E+2,
693.00,8.67945496E+2,
694.00,1.13594141E+3,
695.00,1.00012250E+3,
696.00,1.14626855E+3,
697.00,1.14714355E+3,
698.00,1.62048914E+3,
699.00,1.35396326E+3,
700.00,1.74220068E+3,
701.00,1.51754504E+3,
702.00,1.66151379E+3,
703.00,1.93946155E+3,
704.00,1.88154651E+3,
705.00,2.21636768E+3,
706.00,1.98794702E+3,
707.00,2.39818384E+3,
708.00,2.38667529E+3,
709.00,2.34755981E+3,
710.00,2.34961499E+3,
711.00,2.53724194E+3,
712.00,2.45598145E+3,
713.00,2.87274097E+3,
714.00,2.72825806E+3,
715.00,2.79475488E+3,
716.00,3.13423755E+3,
717.00,2.88677661E+3,
718.00,3.14609619E+3,
719.00,3.48505273E+3,
720.00,3.68496167E+3,
721.00,3.81554810E+3,
722.00,3.80723340E+3,
723.00,3.64195288E+3,
724.00,3.81333252E+3,
725.00,3.94194897E+3,
726.00,3.90383643E+3,
727.00,4.04280420E+3,
728.00,4.62276221E+3,
729.00,4.81990088E+3,
730.00,4.76610352E+3,
731.00,4.95442920E+3,
732.00,4.86840771E+3,
733.00,5.07544092E+3,
734.00,5.09685986E+3,
735.00,5.49514990E+3,
736.00,5.77850293E+3,
737.00,5.62060352E+3,
738.00,6.15220801E+3,
739.00,6.33258887E+3,
740.00,6.40924414E+3,
741.00,6.46126660E+3,
742.00,6.26766797E+3,
743.00,6.79272070E+3,
744.00,6.60483447E+3,
745.00,7.10372900E+3,
746.00,7.08708154E+3,
747.00,7.27582422E+3,
748.00,7.43424609E+3,
749.00,7.16081152E+3,
750.00,7.61249121E+3,
751.00,7.71913574E+3,
752.00,7.99862549E+3,
753.00,8.12749805E+3,
754.00,8.11018555E+3,
755.00,8.53137793E+3,
756.00,8.53258984E+3,
757.00,8.42973438E+3,
758.00,8.65869629E+3,
759.00,8.74113477E+3,
760.00,9.00643359E+3,
761.00,8.81239453E+3,
762.00,9.06050195E+3,
763.00,9.12150000E+3,
764.00,9.48260645E+3,
765.00,9.56893750E+3,
766.00,9.71185742E+3,
767.00,9.83465527E+3,
768.00,1.01092168E+4,
769.00,9.78014648E+3,
770.00,1.02717070E+4,
771.00,1.04482148E+4,
772.00,1.02659844E+4,
773.00,1.04123271E+4,
774.00,1.06273105E+4,
775.00,1.06779844E+4,
776.00,1.08568096E+4,
777.00,1.12196406E+4,
778.00,1.09244912E+4,
779.00,1.08376533E+4,
780.00,1.13735479E+4,
781.00,1.11487529E+4,
782.00,1.13728848E+4,
783.00,1.16752686E+4,
784.00,1.18180586E+4,
785.00,1.16924521E+4,
786.00,1.19583652E+4,
787.00,1.16399521E+4,
788.00,1.20729795E+4,
789.00,1.18966709E+4,
790.00,1.20816875E+4,
791.00,1.23344092E+4,
792.00,1.24065566E+4,
793.00,1.23103604E+4,
794.00,1.27563799E+4,
795.00,1.22871484E+4,
796.00,1.26914629E+4,
797.00,1.28257236E+4,
798.00,1.24500186E+4,
799.00,1.29057139E+4,
800.00,1.33719697E+4,
801.00,1.28509814E+4,
802.00,1.33641113E+4,
803.00,1.31763066E+4,
804.00,1.33303066E+4,
805.00,1.33178066E+4,
806.00,1.31660850E+4,
807.00,1.34571650E+4,
808.00,1.35056797E+4,
809.00,1.32207783E+4,
810.00,1.39648945E+4,
811.00,1.36601855E+4,
812.00,1.38606484E+4,
813.00,1.36791318E+4,
814.00,1.41236113E+4,
815.00,1.37588818E+4,
816.00,1.40071826E+4,
817.00,1.39230137E+4,
818.00,1.40549248E+4,
819.00,1.39927168E+4,
820.00,1.39722480E+4,
821.00,1.41940674E+4,
822.00,1.40357285E+4,
823.00,1.45189658E+4,
824.00,1.39807520E+4,
825.00,1.44829434E+4,
826.00,1.42738867E+4,
827.00,1.40542686E+4,
828.00,1.43241260E+4,
829.00,1.40418545E+4,
830.00,1.40349688E+4,
831.00,1.43935703E+4,
832.00,1.40788145E+4,
833.00,1.45650518E+4,
834.00,1.45586641E+4,
835.00,1.42634492E+4,
836.00,1.45451650E+4,
837.00,1.41159902E+4,
838.00,1.42752617E+4,
839.00,1.41524814E+4,
840.00,1.40757168E+4,
841.00,1.43346133E+4,
842.00,1.39956592E+4,
843.00,1.42687705E+4,
844.00,1.42564189E+4,
845.00,1.41520049E+4,
846.00,1.41666533E+4,
847.00,1.41344014E+4,
848.00,1.43319287E+4,
849.00,1.44767383E+4,
850.00,1.41209531E+4,
851.00,1.42667070E+4,
852.00,1.40671299E+4,
853.00,1.41811650E+4,
854.00,1.40792295E+4,
855.00,1.41034209E+4,
856.00,1.41565879E+4,
857.00,1.39463936E+4,
858.00,1.41074639E+4,
859.00,1.40831631E+4,
860.00,1.38982598E+4,
861.00,1.40704707E+4,
862.00,1.38314609E+4,
863.00,1.36798037E+4,
864.00,1.36827734E+4,
865.00,1.36920977E+4,
866.00,1.36996836E+4,
867.00,1.36280078E+4,
868.00,1.35148213E+4,
869.00,1.35941279E+4,
870.00,1.36086992E+4,
871.00,1.32887754E+4,
872.00,1.35612217E+4,
873.00,1.34484961E+4,
874.00,1.35946377E+4,
875.00,1.30582617E+4,
876.00,1.27894658E+4,
877.00,1.31464980E+4,
878.00,1.30387275E+4,
879.00,1.28506514E+4,
880.00,1.29887646E+4,
881.00,1.27427334E+4,
882.00,1.28537295E+4,
883.00,1.27301426E+4,
884.00,1.26321709E+4,
885.00,1.26736494E+4,
886.00,1.26524141E+4,
887.00,1.22313154E+4,
888.00,1.21829609E+4,
889.00,1.23471953E+4,
890.00,1.22407441E+4,
891.00,1.21717988E+4,
892.00,1.20189297E+4,
893.00,1.19838877E+4,
894.00,1.17554121E+4,
895.00,1.18107617E+4,
896.00,1.17461826E+4,
897.00,1.14642402E+4,
898.00,1.14760508E+4,
899.00,1.13570420E+4,
900.00,1.12831514E+4,
901.00,1.12168525E+4,
902.00,1.10763906E+4,
903.00,1.12142725E+4,
904.00,1.09393457E+4,
905.00,1.10390840E+4,
906.00,1.09041045E+4,
907.00,1.07742979E+4,
908.00,1.07305098E+4,
909.00,1.05901719E+4,
910.00,1.03667666E+4,
911.00,1.04697549E+4,
912.00,1.04469160E+4,
913.00,1.03725371E+4,
914.00,1.02172158E+4,
915.00,1.00556191E+4,
916.00,1.01392646E+4,
917.00,9.80184863E+3,
918.00,9.74037500E+3,
919.00,9.79223438E+3,
920.00,9.67698730E+3,
921.00,9.50148145E+3,
922.00,9.43331543E+3,
923.00,9.53981055E+3,
924.00,9.27569824E+3,
925.00,9.15869727E+3,
926.00,8.95711133E+3,
927.00,8.97905957E+3,
928.00,8.94758496E+3,
929.00,8.80015332E+3,
930.00,8.81144922E+3,
931.00,8.67060645E+3,
932.00,8.62410645E+3,
933.00,8.44469141E+3,
934.00,8.28592383E+3,
935.00,8.27997266E+3,
936.00,8.15530713E+3,
937.00,7.98697559E+3,
938.00,8.07276270E+3,
939.00,7.86578418E+3,
940.00,7.77816797E+3,
941.00,7.69408008E+3,
942.00,7.50971484E+3,
943.00,7.38473682E+3,
944.00,7.38662354E+3,
945.00,7.35150977E+3,
946.00,7.16956982E+3,
947.00,7.11878467E+3,
948.00,7.09976807E+3,
949.00,6.96973584E+3,
950.00,6.91805469E+3,
951.00,6.87133691E+3,
952.00,6.66293701E+3,
953.00,6.57329492E+3,
954.00,6.60952686E+3,
955.00,6.59984961E+3,
956.00,6.42754688E+3,
957.00,6.24077441E+3,
958.00,6.27054443E+3,
959.00,6.11323633E+3,
960.00,6.03705273E+3,
961.00,6.06819043E+3,
962.00,5.93542725E+3,
963.00,5.79881885E+3,
964.00,5.72583691E+3,
965.00,5.60256836E+3,
966.00,5.55193604E+3,
967.00,5.46925830E+3,
968.00,5.39423486E+3,
969.00,5.37779590E+3,
970.00,5.16626221E+3,
971.00,5.13832568E+3,
972.00,5.18123828E+3,
973.00,4.95015723E+3,
974.00,4.98743994E+3,
975.00,4.96889941E+3,
976.00,4.84550488E+3,
977.00,4.75133203E+3,
978.00,4.66132031E+3,
979.00,4.63619580E+3,
980.00,4.46793164E+3,
981.00,4.44780566E+3,
982.00,4.43803711E+3,
983.00,4.38119434E+3,
984.00,4.29679785E+3,
985.00,4.17046436E+3,
986.00,4.20082275E+3,
987.00,4.14653906E+3,
988.00,4.14454834E+3,
989.00,3.97441675E+3,
990.00,3.96369556E+3,
991.00,3.91732300E+3,
992.00,3.86934253E+3,
993.00,3.75549341E+3,
994.00,3.71484131E+3,
995.00,3.65248242E+3,
996.00,3.65110425E+3,
997.00,3.53920337E+3,
998.00,3.44453467E+3,
999.00,3.38670801E+3,
1000.00,3.40241357E+3,
1001.000,3.26175391E+3,
1002.000,3.36608081E+3,
1003.000,3.19412036E+3,
1004.000,3.18444727E+3,
1005.000,3.15024390E+3,
1006.000,3.04377759E+3,
1007.000,3.01794312E+3,
1008.000,3.00099878E+3,
1009.000,2.99745288E+3,
1010.00,2.86169824E+3,
1011.000,2.87823364E+3,
1012.000,2.85736670E+3,
1013.000,2.79093140E+3,
1014.000,2.66935938E+3,
1015.000,2.70682544E+3,
1016.000,2.68263989E+3,
1017.000,2.59456494E+3,
1018.000,2.60097925E+3,
1019.000,2.51522534E+3,
1020.00,2.43398706E+3,
1021.000,2.44061914E+3,
1022.000,2.45998950E+3,
1023.000,2.33096509E+3,
1024.000,2.35936084E+3,
1025.000,2.26347949E+3,
1026.000,2.31640186E+3,
1027.000,2.23029272E+3,
1028.000,2.17945850E+3,
1029.000,2.16392480E+3,
1030.00,2.14724780E+3,
1031.000,2.09939917E+3,
1032.000,2.10604321E+3,
1033.000,2.04966821E+3,
1034.000,2.05357397E+3,
1035.000,1.92568396E+3,
1036.000,1.89546167E+3,
1037.000,1.91216211E+3,
1038.000,1.89755249E+3,
1039.000,1.84876184E+3,
1040.00,1.79890137E+3,
1041.000,1.85506018E+3,
1042.000,1.80461914E+3,
1043.000,1.69793701E+3,
1044.000,1.58654016E+3,
1045.000,1.63732874E+3,
1046.000,1.64624426E+3,
1047.000,1.60385925E+3,
1048.000,1.56123560E+3,
1049.000,1.55918396E+3,
1050.00,1.55832751E+3,
1051.000,1.48069043E+3,
1052.000,1.48898352E+3,
1053.000,1.47948499E+3,
1054.000,1.41328613E+3,
1055.000,1.42376147E+3,
1056.000,1.38592310E+3,
1057.000,1.39395190E+3,
1058.000,1.34381677E+3,
1059.000,1.31126074E+3,
1060.00,1.29289771E+3,
1061.000,1.26691223E+3,
1062.000,1.24347156E+3,
1063.000,1.24745862E+3,
1064.000,1.23386572E+3,
1065.000,1.22315979E+3,
1066.000,1.15962634E+3,
1067.000,1.16068176E+3,
1068.000,1.11897205E+3,
1069.000,1.13589941E+3,
1070.00,1.09909204E+3,
1071.000,1.16968445E+3,
1072.000,1.09127930E+3,
1073.000,1.02822437E+3,
1074.000,1.03183215E+3,
1075.000,1.04306250E+3,
1076.000,1.03526709E+3,
1077.000,1.00400043E+3,
1078.000,9.57363159E+2,
1079.000,9.38345764E+2,
1080.00,9.29169128E+2,
1081.000,8.86264343E+2,
1082.000,8.85912048E+2,
1083.000,9.18771729E+2,
1084.000,8.63116272E+2,
1085.000,8.88482605E+2,
1086.000,8.17386780E+2,
1087.000,8.52635315E+2,
1088.000,8.03123901E+2,
1089.000,8.26853271E+2,
1090.00,7.60447327E+2,
1091.000,7.82127014E+2,
1092.000,7.63370483E+2,
1093.000,7.90834656E+2,
1094.000,7.45176453E+2,
1095.000,7.50232605E+2,
1096.000,6.95848450E+2,
1097.000,7.14721191E+2,
1098.000,7.15174561E+2,
1099.000,6.61524109E+2,
1100.00,6.71073059E+2,
1101.000,6.18422424E+2,
1102.000,6.42720520E+2,
1103.000,6.23249878E+2,
1104.000,6.35068909E+2,
1105.000,6.13653259E+2,
1106.000,6.22287781E+2,
1107.000,5.76707153E+2,
1108.000,5.94539185E+2,
1109.000,6.03809753E+2,
1110.00,5.56529114E+2,
1111.000,5.72411255E+2,
1112.000,5.21277832E+2,
1113.000,5.48655029E+2,
1114.000,4.96304108E+2,
1115.000,5.05344818E+2,
1116.000,4.97379333E+2,
1117.000,4.94516724E+2,
1118.000,5.15200623E+2,
1119.000,4.55998047E+2,
1120.00,4.42372345E+2,
1121.000,4.36311401E+2,
1122.000,4.53375824E+2,
1123.000,4.54153412E+2,
1124.000,4.39322144E+2,
1125.000,4.69148682E+2,
1126.000,4.18866547E+2,
1127.000,4.22080048E+2,
1128.000,4.07784882E+2,
1129.000,4.10393768E+2,
1130.00,4.10752686E+2,
1131.000,3.94613434E+2,
1132.000,3.87704407E+2,
1133.000,3.64628632E+2,
1134.000,3.33269501E+2,
1135.000,3.56319855E+2,
1136.000,3.73161377E+2,
1137.000,3.56113159E+2,
1138.000,3.27720490E+2,
1139.000,3.45010223E+2,
1140.00,3.38709991E+2,
1141.000,3.35741333E+2,
1142.000,3.42304810E+2,
1143.000,3.12327759E+2,
1144.000,3.27689941E+2,
1145.000,3.01774353E+2,
1146.000,3.01115509E+2,
1147.000,2.95058929E+2,
1148.000,3.06359772E+2,
1149.000,2.78389221E+2,
1150.00,2.97524261E+2,
1151.000,3.09980743E+2,
1152.000,2.70785492E+2,
1153.000,2.96590393E+2,
1154.000,2.94333252E+2,
1155.000,2.62478699E+2,
1156.000,2.81828461E+2,
1157.000,2.21940094E+2,
1158.000,2.39875946E+2,
1159.000,2.27258942E+2,
1160.00,2.00968567E+2,
1161.000,2.68768341E+2,
1162.000,2.22791534E+2,
1163.000,2.22870239E+2,
1164.000,2.09544434E+2,
1165.000,2.14631775E+2,
1166.000,2.17746262E+2,
1167.000,2.06881271E+2,
1168.000,2.01238647E+2,
1169.000,1.93907639E+2,
1170.00,1.92976913E+2,
1171.000,2.29471039E+2,
1172.000,1.75566666E+2,
1173.000,2.07842773E+2,
1174.000,1.92071976E+2,
1175.000,1.91632797E+2,
1176.000,2.13136032E+2,
1177.000,2.09400635E+2,
1178.000,2.38619858E+2,
1179.000,2.07998291E+2,
1180.00,1.74752838E+2,
1181.000,1.97393768E+2,
1182.000,1.88077911E+2,
1183.000,1.94378403E+2,
1184.000,1.55154312E+2,
1185.000,2.00831345E+2,
1186.000,1.79357956E+2,
1187.000,1.52719681E+2,
1188.000,1.77128021E+2,
1189.000,1.59359344E+2,
1190.00,1.84533493E+2,
1191.000,1.74413177E+2,
1192.000,1.78459259E+2,
1193.000,1.45707947E+2,
1194.000,1.61920441E+2,
1195.000,1.45100693E+2,
1196.000,1.33905426E+2,
1197.000,1.77595963E+2,
1198.000,1.76468369E+2,
1199.000,1.51741669E+2,
1200.00,1.59511703E+2,
1201.000,1.81757050E+2,
1202.000,1.55839310E+2,
1203.000,1.81657928E+2,
1204.000,1.21566444E+2,
1205.000,1.49863998E+2,
1206.000,1.39657120E+2,
1207.000,1.59030762E+2,
1208.000,1.79046432E+2,
1209.000,1.39914673E+2,
1210.00,1.48352341E+2,
1211.000,1.52269196E+2,
1212.000,1.78886932E+2,
1213.000,1.53389160E+2,
1214.000,1.56658920E+2,
1215.000,1.27643753E+2,
1216.000,1.03872177E+2,
1217.000,1.31423615E+2,
1218.000,1.18234993E+2,
1219.000,1.20665314E+2,
1220.00,1.48190414E+2,
1221.000,1.48793991E+2,
1222.000,1.18868271E+2,
1223.000,1.52534470E+2,
1224.000,1.16817886E+2,
1225.000,1.62426102E+2,
1226.000,9.69489365E+1,
1227.000,1.39998993E+2,
1228.000,1.20302666E+2,
1229.000,1.47771667E+2,
1230.00,1.24645485E+2,
1231.000,1.22365433E+2,
1232.000,1.80386734E+2,
1233.000,1.41690750E+2,
1234.000,1.26224876E+2,
1235.000,1.26263939E+2,
1236.000,1.67067780E+2,
1237.000,1.19276184E+2,
1238.000,1.15309547E+2,
1239.000,1.00263916E+2,
1240.00,1.25296913E+2,
1241.000,1.26197136E+2,
1242.000,1.37024689E+2,
1243.000,1.70683075E+2,
1244.000,1.30511124E+2,
1245.000,1.57844223E+2,
1246.000,1.39776459E+2,
1247.000,1.58240173E+2,
1248.000,1.79043320E+2,
1249.000,1.42846542E+2,
1250.00,1.49321991E+2,
1251.000,1.70166321E+2,
1252.000,1.50296326E+2,
1253.000,1.65270752E+2,
1254.000,1.45412201E+2,
1255.000,1.31111008E+2,
1256.000,1.64624863E+2,
1257.000,1.50795746E+2,
1258.000,1.32278519E+2,
1259.000,1.94071030E+2,
1260.00,2.26291824E+2,
1261.000,1.85711563E+2,
1262.000,2.19141998E+2,
1263.000,1.43956131E+2,
1264.000,1.41195953E+2,
1265.000,1.94445282E+2,
1266.000,1.85047195E+2,
1267.000,1.74355438E+2,
1268.000,2.18172379E+2,
1269.000,1.70676346E+2,
1270.00,1.72555130E+2,
1271.000,2.22742462E+2,
1272.000,1.87716278E+2,
1273.000,2.21320801E+2,
1274.000,2.05621445E+2,
1275.000,1.79629745E+2,
1276.000,2.36504303E+2,
1277.000,2.14741028E+2,
1278.000,2.15684906E+2,
1279.000,2.17188736E+2,
1280.00,2.62948212E+2,
1281.000,2.33068695E+2,
1282.000,2.45695282E+2,
1283.000,2.55541351E+2,
1284.000,2.33663422E+2,
1285.000,2.61300598E+2,
1286.000,2.76622131E+2,
1287.000,2.37922882E+2,
1288.000,2.81601349E+2,
1289.000,2.43030380E+2,
1290.00,2.68544983E+2,
1291.000,2.61534393E+2,
1292.000,2.96482574E+2,
1293.000,2.64678284E+2,
1294.000,2.66490173E+2,
1295.000,2.88543274E+2,
1296.000,3.09994659E+2,
1297.000,2.91933167E+2,
1298.000,3.18835449E+2,
1299.000,3.12671600E+2,
1300.00,3.50570435E+2,
1301.000,3.42791504E+2,
1302.000,3.31216980E+2,
1303.000,3.58577942E+2,
1304.000,3.54908264E+2,
1305.000,3.33493469E+2,
1306.000,3.88077942E+2,
1307.000,3.85257233E+2,
1308.000,3.93525818E+2,
1309.000,4.08354279E+2,
1310.00,3.95505920E+2,
1311.000,3.96893921E+2,
1312.000,3.99523102E+2,
1313.000,4.57473389E+2,
1314.000,4.35565369E+2,
1315.000,4.24565430E+2,
1316.000,4.58292999E+2,
1317.000,4.82221741E+2,
1318.000,5.03815063E+2,
1319.000,4.67052521E+2,
1320.00,4.78905334E+2,
1321.000,5.06228943E+2,
1322.000,5.31520264E+2,
1323.000,4.67295349E+2,
1324.000,5.45798767E+2,
1325.000,5.40479980E+2,
1326.000,5.34596436E+2,
1327.000,6.15759766E+2,
1328.000,5.39958374E+2,
1329.000,5.43110596E+2,
1330.00,6.08858826E+2,
1331.000,5.77466736E+2,
1332.000,6.44774902E+2,
1333.000,6.30346252E+2,
1334.000,6.18181030E+2,
1335.000,6.79276550E+2,
1336.000,6.47395752E+2,
1337.000,6.56460876E+2,
1338.000,6.70963318E+2,
1339.000,6.87002502E+2,
1340.00,7.27578430E+2,
1341.000,7.55573547E+2,
1342.000,7.32209839E+2,
1343.000,7.74198914E+2,
1344.000,7.82732849E+2,
1345.000,8.01854065E+2,
1346.000,8.11254761E+2,
1347.000,8.12309692E+2,
1348.000,8.05907288E+2,
1349.000,9.01584045E+2,
1350.00,8.56445740E+2,
1351.000,8.62645508E+2,
1352.000,8.61048706E+2,
1353.000,9.20736206E+2,
1354.000,9.45958313E+2,
1355.000,9.75605225E+2,
1356.000,9.63916931E+2,
1357.000,9.84432251E+2,
1358.000,1.01863342E+3,
1359.000,1.01343359E+3,
1360.00,1.02428333E+3,
1361.000,1.08942480E+3,
1362.000,1.10567078E+3,
1363.000,1.09865320E+3,
1364.000,1.09495264E+3,
1365.000,1.14101917E+3,
1366.000,1.12150037E+3,
1367.000,1.15618188E+3,
1368.000,1.21697083E+3,
1369.000,1.16822290E+3,
1370.00,1.22810571E+3,
1371.000,1.16940894E+3,
1372.000,1.23850061E+3,
1373.000,1.25159778E+3,
1374.000,1.24149390E+3,
1375.000,1.30691455E+3,
1376.000,1.35411450E+3,
1377.000,1.35657007E+3,
1378.000,1.30189294E+3,
1379.000,1.44485046E+3,
1380.00,1.44665332E+3,
1381.000,1.37306274E+3,
1382.000,1.51282202E+3,
1383.000,1.50360718E+3,
1384.000,1.49727234E+3,
1385.000,1.39106201E+3,
1386.000,1.39896765E+3,
1387.000,1.44263428E+3,
1388.000,1.66370227E+3,
1389.000,1.54108704E+3,
1390.00,1.60418945E+3,
1391.000,1.59409692E+3,
1392.000,1.62003430E+3,
1393.000,1.64752856E+3,
1394.000,1.63195850E+3,
1395.000,1.79054431E+3,
1396.000,1.70094104E+3,
1397.000,1.74181836E+3,
1398.000,1.61516724E+3,
1399.000,1.77287463E+3,
1400.00,1.82116968E+3,
1401.000,1.86856604E+3,
1402.000,1.77679150E+3,
1403.000,1.82296741E+3,
1404.000,1.84852917E+3,
1405.000,2.05045654E+3,
1406.000,1.92875134E+3,
1407.000,1.93094824E+3,
1408.000,1.96216162E+3,
1409.000,2.01098474E+3,
1410.00,1.97027283E+3,
1411.000,2.03315417E+3,
1412.000,2.03458862E+3,
1413.000,2.03630444E+3,
1414.000,2.14038623E+3,
1415.000,2.08785718E+3,
1416.000,2.15598682E+3,
1417.000,2.16092700E+3,
1418.000,2.19989600E+3,
1419.000,2.29482397E+3,
1420.00,2.28237402E+3,
1421.000,2.26484058E+3,
1422.000,2.28580176E+3,
1423.000,2.36184326E+3,
1424.000,2.32546216E+3,
1425.000,2.41671094E+3,
1426.000,2.37402686E+3,
1427.000,2.46925879E+3,
1428.000,2.40948340E+3,
1429.000,2.53082202E+3,
1430.00,2.56931519E+3,
1431.000,2.61920117E+3,
1432.000,2.60674365E+3,
1433.000,2.55050317E+3,
1434.000,2.64371265E+3,
1435.000,2.57699512E+3,
1436.000,2.67694385E+3,
1437.000,2.72555103E+3,
1438.000,2.73471387E+3,
1439.000,2.78888110E+3,
1440.00,2.77870532E+3,
1441.000,2.85936255E+3,
1442.000,2.79886768E+3,
1443.000,2.84903857E+3,
1444.000,2.84203564E+3,
1445.000,2.90519775E+3,
1446.000,2.96033789E+3,
1447.000,2.98285767E+3,
1448.000,2.99399292E+3,
1449.000,2.95138599E+3,
1450.00,3.02875171E+3,
1451.000,3.11156250E+3,
1452.000,3.08405542E+3,
1453.000,3.19161353E+3,
1454.000,3.07563379E+3,
1455.000,3.12835327E+3,
1456.000,3.22616211E+3,
1457.000,3.25880859E+3,
1458.000,3.33592188E+3,
1459.000,3.26212402E+3,
1460.00,3.24588159E+3,
1461.000,3.38251660E+3,
1462.000,3.34850830E+3,
1463.000,3.42329785E+3,
1464.000,3.39780981E+3,
1465.000,3.43446265E+3,
1466.000,3.42819360E+3,
1467.000,3.49502075E+3,
1468.000,3.49682007E+3,
1469.000,3.53545117E+3,
1470.00,3.56045483E+3,
1471.000,3.48522827E+3,
1472.000,3.55398877E+3,
1473.000,3.58484961E+3,
1474.000,3.61353638E+3,
1475.000,3.70509668E+3,
1476.000,3.61442505E+3,
1477.000,3.74985254E+3,
1478.000,3.76802612E+3,
1479.000,3.76167871E+3,
1480.00,3.81437573E+3,
1481.000,3.81526904E+3,
1482.000,3.82018311E+3,
1483.000,3.84132397E+3,
1484.000,3.79264600E+3,
1485.000,3.89367847E+3,
1486.000,3.91698315E+3,
1487.000,3.95680713E+3,
1488.000,3.86124951E+3,
1489.000,3.95605566E+3,
1490.00,4.06353516E+3,
1491.000,4.05369312E+3,
1492.000,3.91743042E+3,
1493.000,4.09213135E+3,
1494.000,4.02582593E+3,
1495.000,4.07806372E+3,
1496.000,4.24371094E+3,
1497.000,4.18555566E+3,
1498.000,4.19072217E+3,
1499.000,4.19408057E+3,
1500.00,4.23214111E+3,
1501.000,4.17885742E+3,
1502.000,4.21533154E+3,
1503.000,4.21468994E+3,
1504.000,4.21422998E+3,
1505.000,4.40049414E+3,
1506.000,4.25719531E+3,
1507.000,4.31185156E+3,
1508.000,4.25345361E+3,
1509.000,4.33724219E+3,
1510.00,4.43115967E+3,
1511.000,4.37130664E+3,
1512.000,4.45833447E+3,
1513.000,4.45756836E+3,
1514.000,4.49014160E+3,
1515.000,4.38046875E+3,
1516.000,4.47248926E+3,
1517.000,4.48732227E+3,
1518.000,4.55130469E+3,
1519.000,4.48637207E+3,
1520.00,4.53381055E+3,
1521.000,4.49898242E+3,
1522.000,4.49153662E+3,
1523.000,4.58741650E+3,
1524.000,4.55423975E+3,
1525.000,4.53849072E+3,
1526.000,4.61025830E+3,
1527.000,4.52487695E+3,
1528.000,4.70792871E+3,
1529.000,4.54153955E+3,
1530.00,4.57264893E+3,
1531.000,4.68754492E+3,
1532.000,4.59757324E+3,
1533.000,4.70711084E+3,
1534.000,4.67595605E+3,
1535.000,4.73239014E+3,
1536.000,4.74840381E+3,
1537.000,4.68391309E+3,
1538.000,4.72614014E+3,
1539.000,4.62850635E+3,
1540.00,4.61131055E+3,
1541.000,4.73893164E+3,
1542.000,4.68251563E+3,
1543.000,4.70625488E+3,
1544.000,4.71235498E+3,
1545.000,4.67574951E+3,
1546.000,4.73922852E+3,
1547.000,4.78844922E+3,
1548.000,4.70499414E+3,
1549.000,4.76111230E+3,
1550.00,4.74728809E+3,
1551.000,4.84069043E+3,
1552.000,4.74375586E+3,
1553.000,4.67979590E+3,
1554.000,4.81059961E+3,
1555.000,4.70557080E+3,
1556.000,4.86065918E+3,
1557.000,4.70484277E+3,
1558.000,4.80295947E+3,
1559.000,4.76837012E+3,
1560.00,4.69241699E+3,
1561.000,4.78004834E+3,
1562.000,4.84204492E+3,
1563.000,4.71113916E+3,
1564.000,4.78584082E+3,
1565.000,4.84663623E+3,
1566.000,4.79924268E+3,
1567.000,4.64790625E+3,
1568.000,4.76472070E+3,
1569.000,4.69529297E+3,
1570.00,4.85517578E+3,
1571.000,4.68568945E+3,
1572.000,4.88909961E+3,
1573.000,4.74669971E+3,
1574.000,4.69912744E+3,
1575.000,4.73526855E+3,
1576.000,4.66569385E+3,
1577.000,4.64712744E+3,
1578.000,4.71807227E+3,
1579.000,4.63906836E+3,
1580.00,4.64059424E+3,
1581.000,4.66401904E+3,
1582.000,4.66560791E+3,
1583.000,4.71570508E+3,
1584.000,4.60030762E+3,
1585.000,4.66450195E+3,
1586.000,4.57796729E+3,
1587.000,4.64069141E+3,
1588.000,4.54269775E+3,
1589.000,4.57801123E+3,
1590.00,4.64814502E+3,
1591.000,4.66884131E+3,
1592.000,4.61420215E+3,
1593.000,4.68697949E+3,
1594.000,4.55904346E+3,
1595.000,4.59954883E+3,
1596.000,4.61686865E+3,
1597.000,4.67413232E+3,
1598.000,4.56125488E+3,
1599.000,4.65293066E+3,
1600.00,4.59524219E+3,
1601.000,4.56783789E+3,
1602.000,4.67008057E+3,
1603.000,4.39299902E+3,
1604.000,4.62025195E+3,
1605.000,4.56763330E+3,
1606.000,4.47925098E+3,
1607.000,4.54490918E+3,
1608.000,4.48869775E+3,
1609.000,4.51646582E+3,
1610.00,4.49733252E+3,
1611.000,4.40727002E+3,
1612.000,4.51000049E+3,
1613.000,4.42193115E+3,
1614.000,4.48887305E+3,
1615.000,4.45381543E+3,
1616.000,4.40081689E+3,
1617.000,4.41878760E+3,
1618.000,4.53642236E+3,
1619.000,4.43128320E+3,
1620.00,4.41837061E+3,
1621.000,4.30256543E+3,
1622.000,4.41159375E+3,
1623.000,4.49118652E+3,
1624.000,4.53264941E+3,
1625.000,4.39648926E+3,
1626.000,4.48954883E+3,
1627.000,4.38845850E+3,
1628.000,4.49855469E+3,
1629.000,4.48977832E+3,
1630.00,4.40866064E+3,
1631.000,4.40452637E+3,
1632.000,4.38000586E+3,
1633.000,4.41190625E+3,
1634.000,4.29298242E+3,
1635.000,4.38551270E+3,
1636.000,4.42951807E+3,
1637.000,4.49426660E+3,
1638.000,4.38662256E+3,
1639.000,4.51343750E+3,
1640.00,4.56344141E+3,
1641.000,4.69593359E+3,
1642.000,4.44370947E+3,
1643.000,4.31998438E+3,
1644.000,4.51517090E+3,
1645.000,4.56554102E+3,
1646.000,4.52624951E+3,
1647.000,4.59484814E+3,
1648.000,4.66991162E+3,
1649.000,4.10976318E+3,
1650.00,4.24166650E+3,
