0.002cr-35.79%
  QY = 35.79%
Labels,EmScan5,KONGBAI,
Type,Emission Scan,Emission Scan,
Comment,,,
Start,435.00,435.00,
Stop,850.00,850.00,
Step,1.00,1.00,
Fixed/Offset,455.00,455.00,
Xaxis,Wavelength,Wavelength,
Yaxis,Counts,Counts,
Scan Corr. by File,True,True,
Corr. by Ref. Det.,True,True,
Fixed/Offset Corr. by File,False,False,
Repeats,1,1,
Dwell Time,0.10,0.10,
Lamp,Xenon,Xenon,
Temp,28.450,28.450,
Scan Polariser,None,None,
Scan Slit,0.22002183,0.22002183,
Fixed/Offset Polariser,None,None,
Fixed/Offset Slit,2.2000229,2.2000229,
Detector,Det 1,Det 1,

435.00,0.00000000E+0,0.00000000E+0,
436.00,9.48589623E-1,9.41022098E-1,
437.00,0.00000000E+0,0.00000000E+0,
438.00,9.52373385E-1,0.00000000E+0,
439.00,9.62306857E-1,9.59439337E-1,
440.00,9.77799296E-1,0.00000000E+0,
441.00,9.96710777E-1,1.98384142E+0,
442.00,0.00000000E+0,1.00729167E+0,
443.00,0.00000000E+0,2.06046057E+0,
444.00,1.05084109E+0,0.00000000E+0,
445.00,1.07299304E+0,3.19156456E+0,
446.00,0.00000000E+0,3.23964739E+0,
447.00,3.29219365E+0,4.36423302E+0,
448.00,1.67181015E+1,2.77482548E+1,
449.00,5.17989349E+1,4.92659836E+1,
450.00,1.10786186E+2,1.46233688E+2,
451.00,2.21811020E+2,2.40933807E+2,
452.00,3.36986877E+2,4.15878571E+2,
453.00,2.18524536E+3,2.75862183E+3,
454.00,4.59220000E+4,5.64125156E+4,
455.00,1.01722953E+5,1.24056164E+5,
456.00,8.44704141E+4,1.03737188E+5,
457.00,2.69465195E+4,3.31954844E+4,
458.00,5.29746155E+2,6.80957397E+2,
459.00,2.57428436E+2,3.08350250E+2,
460.00,1.49004959E+2,2.06836411E+2,
461.00,1.04900291E+2,1.48232697E+2,
462.00,6.04852791E+1,8.91701050E+1,
463.00,3.28767548E+1,6.57927628E+1,
464.00,2.14387817E+1,1.43632994E+1,
465.00,9.12719727E+0,2.53151741E+1,
466.00,1.11285706E+1,1.00703964E+1,
467.00,6.01160908E+0,1.90483570E+1,
468.00,1.79646969E+1,1.59965925E+1,
469.00,1.29797421E+1,1.19267330E+1,
470.00,1.29165297E+1,2.27580490E+1,
471.00,1.68704128E+1,2.08053551E+1,
472.00,3.95487809E+0,1.58151484E+1,
473.00,1.19195595E+1,1.98610935E+1,
474.00,1.29425678E+1,9.96830845E+0,
475.00,4.97331953E+0,1.39428549E+1,
476.00,1.29886055E+1,1.99599438E+1,
477.00,1.30573177E+1,1.59905958E+1,
478.00,9.08899689E+0,7.04682779E+0,
479.00,2.01533680E+1,1.40995722E+1,
480.00,9.12110996E+0,2.11388302E+1,
481.00,1.63094807E+1,2.25079918E+1,
482.00,1.02622433E+1,1.43607702E+1,
483.00,1.03077765E+1,2.36601505E+1,
484.00,1.45765944E+1,2.06377754E+1,
485.00,1.56359615E+1,2.39863052E+1,
486.00,1.78238850E+1,1.05180492E+1,
487.00,1.80435734E+1,2.62722225E+1,
488.00,1.82072163E+1,2.65225563E+1,
489.00,2.58539944E+1,2.47224026E+1,
490.00,1.94663506E+1,2.48700962E+1,
491.00,1.96972809E+1,2.61252842E+1,
492.00,2.31910858E+1,2.30200787E+1,
493.00,1.32979908E+1,2.09343414E+1,
494.00,2.78216877E+1,1.78614941E+1,
495.00,2.02817078E+1,1.90945473E+1,
496.00,2.05109158E+1,3.18140297E+1,
497.00,2.73873177E+1,2.73830662E+1,
498.00,1.37763186E+1,2.17568836E+1,
499.00,2.08745785E+1,2.67181301E+1,
500.00,7.02173185E+0,3.03610592E+1,
501.00,1.77385883E+1,1.99824123E+1,
502.00,2.25006428E+1,2.85033035E+1,
503.00,2.02361164E+1,2.99489727E+1,
504.00,1.20069456E+1,2.87077122E+1,
505.00,2.17966366E+1,2.29463100E+1,
506.00,2.32768440E+1,2.42902412E+1,
507.00,2.21998291E+1,2.71057434E+1,
508.00,1.74439220E+1,2.61040154E+1,
509.00,1.99935856E+1,2.49698677E+1,
510.00,2.39305305E+1,2.64264164E+1,
511.00,1.27653065E+1,2.79904976E+1,
512.00,2.56883163E+1,2.29891701E+1,
513.00,1.80872726E+1,1.94322529E+1,
514.00,2.46653996E+1,3.12267532E+1,
515.00,3.67856865E+1,2.73785496E+1,
516.00,2.64830952E+1,1.97184620E+1,
517.00,1.33769016E+1,1.98900948E+1,
518.00,1.61596222E+1,1.73932571E+1,
519.00,1.08735371E+1,2.03338642E+1,
520.00,1.64105320E+1,3.54151192E+1,
521.00,2.88652439E+1,2.05296993E+1,
522.00,1.11607761E+1,1.80560284E+1,
523.00,2.93278179E+1,3.62765350E+1,
524.00,2.54095974E+1,2.80611649E+1,
525.00,2.69906750E+1,2.70562210E+1,
526.00,1.86777496E+1,3.29863319E+1,
527.00,2.17682610E+1,2.60276184E+1,
528.00,2.03982220E+1,2.19226875E+1,
529.00,2.78757896E+1,2.19739342E+1,
530.00,2.37811890E+1,2.82938652E+1,
531.00,1.94808960E+1,1.65225201E+1,
532.00,3.32027512E+1,2.25313606E+1,
533.00,2.13489933E+1,2.42178669E+1,
534.00,1.08064289E+1,2.14576931E+1,
535.00,1.24221039E+1,2.63440075E+1,
536.00,1.55949087E+1,3.44386826E+1,
537.00,1.10701618E+1,1.57671728E+1,
538.00,2.07576351E+1,3.01768188E+1,
539.00,1.61006889E+1,4.16550446E+1,
540.00,9.69735432E+0,1.77578373E+1,
541.00,1.79658337E+1,2.27844944E+1,
542.00,1.65685196E+1,2.29778538E+1,
543.00,1.83709908E+1,1.81953964E+1,
544.00,1.50932617E+1,1.67450333E+1,
545.00,2.19751377E+1,2.04300613E+1,
546.00,1.54047203E+1,1.70243626E+1,
547.00,1.72847309E+1,1.54652014E+1,
548.00,1.56692934E+1,1.21204252E+1,
549.00,1.92793617E+1,5.24434233E+0,
550.00,1.76277351E+1,1.23465109E+1,
551.00,3.76370583E+1,1.24445467E+1,
552.00,1.61229668E+1,2.33750534E+1,
553.00,1.27360220E+1,1.08859148E+1,
554.00,2.75526161E+1,2.75092583E+1,
555.00,2.22085400E+1,1.48129139E+1,
556.00,1.50384798E+1,2.23974762E+1,
557.00,2.07704525E+1,2.82197990E+1,
558.00,5.71854544E+0,1.72445068E+1,
559.00,1.34791908E+1,1.91730614E+1,
560.00,2.32694054E+1,1.73994961E+1,
561.00,1.37297373E+1,1.36737938E+1,
562.00,1.78419113E+1,2.17734261E+1,
563.00,9.98842239E+0,2.40342426E+1,
564.00,1.61656971E+1,3.02241821E+1,
565.00,1.42955360E+1,2.44244919E+1,
566.00,1.64609661E+1,1.43971262E+1,
567.00,1.25181103E+1,8.31748009E+0,
568.00,8.43082619E+0,2.73063488E+1,
569.00,1.91305580E+1,2.12788582E+1,
570.00,1.49645395E+1,1.49473572E+1,
571.00,1.09199848E+1,1.95064240E+1,
572.00,1.31673040E+1,1.53155460E+1,
573.00,1.98708744E+1,1.54221725E+1,
574.00,1.11988840E+1,1.56131763E+1,
575.00,1.58599758E+1,1.12320423E+1,
576.00,1.59693165E+1,1.14079189E+1,
577.00,1.61708107E+1,1.38190670E+1,
578.00,6.98530626E+0,2.32856445E+1,
579.00,4.73175669E+0,1.40493736E+1,
580.00,1.18687115E+1,1.42486076E+1,
581.00,9.63094044E+0,1.20393438E+1,
582.00,9.76457214E+0,1.45352535E+1,
583.00,1.47121420E+1,1.21894941E+1,
584.00,1.23922920E+1,1.24045315E+1,
585.00,1.75107079E+1,9.96142197E+0,
586.00,2.52578640E+0,1.26772251E+1,
587.00,1.27743063E+1,1.28029881E+1,
588.00,2.06040668E+1,1.80577316E+1,
589.00,7.81866026E+0,1.03987284E+1,
590.00,1.06019516E+1,2.89488392E+1,
591.00,1.87312088E+1,1.86605492E+1,
592.00,1.89165611E+1,1.33706207E+1,
593.00,5.43890858E+0,1.89246120E+1,
594.00,2.75455475E+0,5.49275637E+0,
595.00,1.10539198E+1,1.11148586E+1,
596.00,2.80824590E+0,5.60120058E+0,
597.00,1.13286915E+1,8.50339413E+0,
598.00,1.14578953E+1,1.14311609E+1,
599.00,1.15700874E+1,1.15639458E+1,
600.00,2.92382693E+0,1.76007614E+1,
601.00,8.86252880E+0,5.89052105E+0,
602.00,9.02833271E+0,8.94816017E+0,
603.00,1.21614342E+1,1.51154213E+1,
604.00,1.22409029E+1,9.17469025E+0,
605.00,1.86378956E+1,1.24309206E+1,
606.00,1.56972542E+1,2.19076996E+1,
607.00,6.36517906E+0,3.17670250E+0,
608.00,3.22642112E+0,1.92645321E+1,
609.00,3.25515604E+0,6.52861166E+0,
610.00,9.84635639E+0,1.32019033E+1,
611.00,1.00082760E+1,3.34517288E+0,
612.00,1.01756458E+1,1.69009438E+1,
613.00,1.70772591E+1,6.83869362E+0,
614.00,3.47064924E+0,1.04468346E+1,
615.00,7.03530979E+0,7.00754690E+0,
616.00,7.13610315E+0,0.00000000E+0,
617.00,7.22765398E+0,1.08345089E+1,
618.00,3.64993024E+0,7.32942581E+0,
619.00,1.84911766E+1,7.39843178E+0,
620.00,7.57550383E+0,7.51636648E+0,
621.00,2.29226627E+1,3.80552840E+0,
622.00,1.15779696E+1,1.15393047E+1,
623.00,1.17492085E+1,7.83688021E+0,
624.00,1.59581308E+1,7.95273542E+0,
625.00,4.07420588E+0,8.06455421E+0,
626.00,4.09288645E+0,8.21231556E+0,
627.00,4.16000223E+0,1.66177120E+1,
628.00,1.27018089E+1,1.68592377E+1,
629.00,4.27987623E+0,2.15361214E+1,
630.00,8.73339272E+0,4.31456518E+0,
631.00,8.84784222E+0,8.81816387E+0,
632.00,4.47439718E+0,4.47123289E+0,
633.00,0.00000000E+0,1.36851673E+1,
634.00,1.38950596E+1,9.25608253E+0,
635.00,9.40530109E+0,9.39092922E+0,
636.00,1.42986069E+1,4.76646566E+0,
637.00,4.88508034E+0,1.45660105E+1,
638.00,4.93474054E+0,4.92982006E+0,
639.00,5.01289606E+0,5.00856686E+0,
640.00,0.00000000E+0,0.00000000E+0,
641.00,0.00000000E+0,5.19280243E+0,
642.00,1.57962141E+1,0.00000000E+0,
643.00,1.07265501E+1,0.00000000E+0,
644.00,1.09046326E+1,0.00000000E+0,
645.00,5.56874561E+0,1.65514126E+1,
646.00,0.00000000E+0,0.00000000E+0,
647.00,1.14991388E+1,5.75990677E+0,
648.00,0.00000000E+0,0.00000000E+0,
649.00,5.96911049E+0,1.19436522E+1,
650.00,6.08840609E+0,0.00000000E+0,
651.00,0.00000000E+0,1.23342409E+1,
652.00,1.89061699E+1,1.25759716E+1,
653.00,6.39023352E+0,6.42649555E+0,
654.00,0.00000000E+0,6.54289341E+0,
655.00,0.00000000E+0,0.00000000E+0,
656.00,6.81771564E+0,1.36138525E+1,
657.00,6.93696547E+0,6.95186234E+0,
658.00,2.85634193E+1,7.09739733E+0,
659.00,7.30371284E+0,0.00000000E+0,
660.00,0.00000000E+0,0.00000000E+0,
661.00,0.00000000E+0,0.00000000E+0,
662.00,7.85891962E+0,0.00000000E+0,
663.00,0.00000000E+0,8.05141449E+0,
664.00,1.66941395E+1,1.66201115E+1,
665.00,0.00000000E+0,8.62323093E+0,
666.00,0.00000000E+0,0.00000000E+0,
667.00,0.00000000E+0,9.08184624E+0,
668.00,0.00000000E+0,9.23050404E+0,
669.00,9.31450653E+0,1.86660690E+1,
670.00,0.00000000E+0,9.33199215E+0,
671.00,9.37343407E+0,0.00000000E+0,
672.00,0.00000000E+0,0.00000000E+0,
673.00,0.00000000E+0,2.83543625E+1,
674.00,9.43603420E+0,9.46189213E+0,
675.00,1.90450230E+1,0.00000000E+0,
676.00,0.00000000E+0,0.00000000E+0,
677.00,0.00000000E+0,0.00000000E+0,
678.00,9.59874821E+0,0.00000000E+0,
679.00,9.60944271E+0,0.00000000E+0,
680.00,0.00000000E+0,0.00000000E+0,
681.00,0.00000000E+0,0.00000000E+0,
682.00,0.00000000E+0,0.00000000E+0,
683.00,1.00180397E+1,0.00000000E+0,
684.00,0.00000000E+0,0.00000000E+0,
685.00,1.01443081E+1,0.00000000E+0,
686.00,1.02032499E+1,1.02326651E+1,
687.00,0.00000000E+0,1.03295069E+1,
688.00,2.07667217E+1,0.00000000E+0,
689.00,1.04543638E+1,0.00000000E+0,
690.00,2.11480980E+1,0.00000000E+0,
691.00,2.14469109E+1,0.00000000E+0,
692.00,1.07836466E+1,0.00000000E+0,
693.00,1.08980532E+1,0.00000000E+0,
694.00,0.00000000E+0,0.00000000E+0,
695.00,3.36409378E+1,0.00000000E+0,
696.00,1.13111277E+1,0.00000000E+0,
697.00,0.00000000E+0,0.00000000E+0,
698.00,4.67139626E+1,1.16103926E+1,
699.00,0.00000000E+0,1.17803984E+1,
700.00,2.40221157E+1,0.00000000E+0,
701.00,3.61977043E+1,0.00000000E+0,
702.00,6.12541466E+1,0.00000000E+0,
703.00,2.49450188E+1,1.24822006E+1,
704.00,0.00000000E+0,0.00000000E+0,
705.00,2.56794205E+1,0.00000000E+0,
706.00,3.90694008E+1,0.00000000E+0,
707.00,1.33057098E+1,1.33146124E+1,
708.00,2.70570183E+1,0.00000000E+0,
709.00,1.36956053E+1,0.00000000E+0,
710.00,8.30333633E+1,0.00000000E+0,
711.00,1.41636620E+1,1.41050415E+1,
712.00,4.28673172E+1,0.00000000E+0,
713.00,0.00000000E+0,0.00000000E+0,
714.00,2.97100792E+1,0.00000000E+0,
715.00,6.06501160E+1,1.51075573E+1,
716.00,1.53655691E+1,1.53314295E+1,
717.00,1.56656199E+1,1.56421986E+1,
718.00,3.18030796E+1,1.58878393E+1,
719.00,4.86703453E+1,0.00000000E+0,
720.00,1.65938606E+1,0.00000000E+0,
721.00,6.71827316E+1,0.00000000E+0,
722.00,3.42158966E+1,0.00000000E+0,
723.00,1.74895134E+1,0.00000000E+0,
724.00,7.10056381E+1,0.00000000E+0,
725.00,9.05309372E+1,0.00000000E+0,
726.00,5.54325066E+1,1.84539871E+1,
727.00,1.88919239E+1,0.00000000E+0,
728.00,3.83306389E+1,0.00000000E+0,
729.00,1.95880508E+1,0.00000000E+0,
730.00,1.99397888E+1,0.00000000E+0,
731.00,1.21904945E+2,0.00000000E+0,
732.00,8.28711090E+1,0.00000000E+0,
733.00,1.05902893E+2,0.00000000E+0,
734.00,8.65432968E+1,0.00000000E+0,
735.00,4.41109810E+1,0.00000000E+0,
736.00,8.97985916E+1,0.00000000E+0,
737.00,1.14701180E+2,0.00000000E+0,
738.00,2.33797073E+1,0.00000000E+0,
739.00,0.00000000E+0,0.00000000E+0,
740.00,1.21421715E+2,0.00000000E+0,
741.00,2.48718662E+1,0.00000000E+0,
742.00,7.61873703E+1,0.00000000E+0,
743.00,1.82108566E+2,0.00000000E+0,
744.00,2.11849731E+2,0.00000000E+0,
745.00,5.42997208E+1,2.69900932E+1,
746.00,8.27741776E+1,0.00000000E+0,
747.00,8.46153336E+1,0.00000000E+0,
748.00,5.76476440E+1,0.00000000E+0,
749.00,5.88850212E+1,0.00000000E+0,
750.00,1.20504944E+2,0.00000000E+0,
751.00,1.23012260E+2,0.00000000E+0,
752.00,9.44214249E+1,0.00000000E+0,
753.00,9.68132858E+1,0.00000000E+0,
754.00,9.85663834E+1,0.00000000E+0,
755.00,1.34743591E+2,0.00000000E+0,
756.00,2.75884094E+2,0.00000000E+0,
757.00,3.51698341E+1,0.00000000E+0,
758.00,1.07526505E+2,0.00000000E+0,
759.00,3.67060509E+1,0.00000000E+0,
760.00,0.00000000E+0,0.00000000E+0,
761.00,1.14775078E+2,0.00000000E+0,
762.00,3.91640663E+1,0.00000000E+0,
763.00,8.04635468E+1,0.00000000E+0,
764.00,4.10570488E+1,0.00000000E+0,
765.00,1.25403290E+2,0.00000000E+0,
766.00,8.50903931E+1,0.00000000E+0,
767.00,1.30743774E+2,0.00000000E+0,
768.00,8.94071350E+1,0.00000000E+0,
769.00,1.37164978E+2,0.00000000E+0,
770.00,1.85811401E+2,9.23984222E+1,
771.00,4.74731827E+1,0.00000000E+0,
772.00,9.73989716E+1,0.00000000E+0,
773.00,1.97855347E+2,4.94491158E+1,
774.00,5.06599731E+1,5.06930084E+1,
775.00,1.55106766E+2,0.00000000E+0,
776.00,1.05994858E+2,0.00000000E+0,
777.00,1.62446915E+2,0.00000000E+0,
778.00,2.21148209E+2,0.00000000E+0,
779.00,1.69789307E+2,0.00000000E+0,
780.00,0.00000000E+0,5.81166077E+1,
781.00,1.77350037E+2,1.18423424E+2,
782.00,1.81236984E+2,0.00000000E+0,
783.00,2.46717285E+2,0.00000000E+0,
784.00,1.26756157E+2,0.00000000E+0,
785.00,3.22415924E+2,0.00000000E+0,
786.00,3.95050812E+2,0.00000000E+0,
787.00,0.00000000E+0,1.33868683E+2,
788.00,0.00000000E+0,0.00000000E+0,
789.00,2.80480072E+2,0.00000000E+0,
790.00,7.19822083E+1,7.19295273E+1,
791.00,1.47173172E+2,0.00000000E+0,
792.00,7.48371277E+1,0.00000000E+0,
793.00,1.52375763E+2,0.00000000E+0,
794.00,7.82472916E+1,0.00000000E+0,
795.00,0.00000000E+0,0.00000000E+0,
796.00,0.00000000E+0,0.00000000E+0,
797.00,1.66102951E+2,0.00000000E+0,
798.00,1.69030960E+2,0.00000000E+0,
799.00,2.59181183E+2,0.00000000E+0,
800.00,1.76628784E+2,0.00000000E+0,
801.00,0.00000000E+0,0.00000000E+0,
802.00,3.67056610E+2,9.16384811E+1,
803.00,1.88186096E+2,0.00000000E+0,
804.00,2.87281342E+2,9.54012680E+1,
805.00,9.74915695E+1,0.00000000E+0,
806.00,1.99014236E+2,1.99195023E+2,
807.00,1.02110527E+2,0.00000000E+0,
808.00,1.03913330E+2,0.00000000E+0,
809.00,1.06165962E+2,0.00000000E+0,
810.00,4.33272552E+2,0.00000000E+0,
811.00,2.23230209E+2,1.10984024E+2,
812.00,5.67406189E+2,1.13760002E+2,
813.00,2.32323486E+2,0.00000000E+0,
814.00,9.56718201E+2,0.00000000E+0,
815.00,2.45263931E+2,0.00000000E+0,
816.00,0.00000000E+0,0.00000000E+0,
817.00,2.60403412E+2,0.00000000E+0,
818.00,5.40250305E+2,1.34129272E+2,
819.00,1.38922562E+2,0.00000000E+0,
820.00,2.88244629E+2,0.00000000E+0,
821.00,1.49155624E+2,0.00000000E+0,
822.00,1.55971893E+2,0.00000000E+0,
823.00,1.62085983E+2,0.00000000E+0,
824.00,0.00000000E+0,0.00000000E+0,
825.00,0.00000000E+0,0.00000000E+0,
826.00,3.73305206E+2,0.00000000E+0,
827.00,3.95783539E+2,1.97861084E+2,
828.00,2.10474762E+2,0.00000000E+0,
829.00,0.00000000E+0,0.00000000E+0,
830.00,2.38087128E+2,0.00000000E+0,
831.00,0.00000000E+0,2.55005768E+2,
832.00,2.74030853E+2,0.00000000E+0,
833.00,0.00000000E+0,0.00000000E+0,
834.00,3.18872467E+2,0.00000000E+0,
835.00,6.87123657E+2,0.00000000E+0,
836.00,0.00000000E+0,0.00000000E+0,
837.00,0.00000000E+0,0.00000000E+0,
838.00,4.39404205E+2,0.00000000E+0,
839.00,4.76934998E+2,0.00000000E+0,
840.00,0.00000000E+0,0.00000000E+0,
841.00,1.13923535E+3,1.13973877E+3,
842.00,0.00000000E+0,0.00000000E+0,
843.00,6.87492432E+2,0.00000000E+0,
844.00,0.00000000E+0,7.58837830E+2,
845.00,0.00000000E+0,8.27978760E+2,
846.00,9.16509521E+2,0.00000000E+0,
847.00,0.00000000E+0,0.00000000E+0,
848.00,1.11494458E+3,0.00000000E+0,
849.00,0.00000000E+0,0.00000000E+0,
850.00,4.07441724E+3,0.00000000E+0,
