Labels,0,
Type,Emission Scan,
Comment,,
Start,600.00,
Stop,1200.00,
Step,1.00,
Fixed/Offset,445.00,
Xaxis,Wavelength,
Yaxis,Counts,
Scan Corr. by File,True,
Corr. by Ref. Det.,True,
Fixed/Offset Corr. by File,False,
Repeats,1,
Dwell Time,0.10,
Lamp,Xenon,
Temp,0.00,
Scan Polariser,None,
Scan Slit,2.4999220,
Fixed/Offset Polariser,None,
Fixed/Offset Slit,2.4999950,
Detector,Det2,

600.00,-1.62083374E+2,
601.00,2.16701401E+2,
602.00,3.42119019E+2,
603.00,7.38135132E+2,
604.00,-3.17899109E+2,
605.00,1.51382132E+1,
606.00,2.23842560E+2,
607.00,6.13348694E+2,
608.00,7.33015823E+0,
609.00,-2.67504944E+2,
610.00,-6.64623779E+2,
611.00,4.23269768E+1,
612.00,-2.08090515E+2,
613.00,-8.51422302E+2,
614.00,-4.13130249E+2,
615.00,1.46451431E+2,
616.00,-1.57718689E+2,
617.00,-3.90071487E+1,
618.00,-1.46982742E+2,
619.00,-3.39597382E+2,
620.00,-1.55996414E+2,
621.00,-1.97689209E+2,
622.00,-6.37040894E+2,
623.00,-2.44956329E+2,
624.00,-1.06243584E+2,
625.00,5.78857498E+1,
626.00,0.00000000E+0,
627.00,1.57551407E+2,
628.00,3.51527863E+2,
629.00,-4.28698196E+1,
630.00,1.72045547E+2,
631.00,1.05857246E+2,
632.00,-1.69270309E+2,
633.00,3.51189392E+2,
634.00,8.31169495E+2,
635.00,1.23044788E+3,
636.00,7.67134155E+2,
637.00,8.68542664E+2,
638.00,5.79621338E+2,
639.00,7.54384827E+2,
640.00,1.31603345E+3,
641.00,1.39264844E+3,
642.00,1.20202075E+3,
643.00,1.69992737E+3,
644.00,1.96130249E+3,
645.00,1.52819373E+3,
646.00,2.07113818E+3,
647.00,2.12106519E+3,
648.00,2.17746924E+3,
649.00,2.89457007E+3,
650.00,3.79846777E+3,
651.00,3.70160352E+3,
652.00,4.25485303E+3,
653.00,4.22860010E+3,
654.00,4.19540137E+3,
655.00,5.40489551E+3,
656.00,5.63383447E+3,
657.00,5.83685059E+3,
658.00,5.92999609E+3,
659.00,7.30299609E+3,
660.00,8.25301270E+3,
661.00,7.86825732E+3,
662.00,8.87598145E+3,
663.00,9.61991895E+3,
664.00,1.09751211E+4,
665.00,1.16161504E+4,
666.00,1.28963350E+4,
667.00,1.24733154E+4,
668.00,1.45378213E+4,
669.00,1.53967109E+4,
670.00,1.75189707E+4,
671.00,1.89135469E+4,
672.00,1.97791367E+4,
673.00,2.20731660E+4,
674.00,2.31659512E+4,
675.00,2.56405801E+4,
676.00,2.73328203E+4,
677.00,3.10166172E+4,
678.00,3.08922109E+4,
679.00,3.50178672E+4,
680.00,3.53603477E+4,
681.00,3.82205781E+4,
682.00,4.20374414E+4,
683.00,4.36801016E+4,
684.00,4.76232773E+4,
685.00,5.15880117E+4,
686.00,5.41068125E+4,
687.00,5.57397266E+4,
688.00,6.10162813E+4,
689.00,6.35309883E+4,
690.00,6.81646016E+4,
691.00,7.36345156E+4,
692.00,8.32051094E+4,
693.00,9.13734766E+4,
694.00,9.74515938E+4,
695.00,1.03335695E+5,
696.00,1.06497563E+5,
697.00,1.13969094E+5,
698.00,1.17963750E+5,
699.00,1.21406594E+5,
700.00,1.25062172E+5,
701.00,1.33444406E+5,
702.00,1.36336750E+5,
703.00,1.41894328E+5,
704.00,1.49057125E+5,
705.00,1.56347781E+5,
706.00,1.63172016E+5,
707.00,1.72213469E+5,
708.00,1.80131391E+5,
709.00,1.89336578E+5,
710.00,1.97086766E+5,
711.00,2.04429641E+5,
712.00,2.11184313E+5,
713.00,2.21379250E+5,
714.00,2.29914453E+5,
715.00,2.33753547E+5,
716.00,2.38748281E+5,
717.00,2.46544031E+5,
718.00,2.49976203E+5,
719.00,2.58635438E+5,
720.00,2.64576156E+5,
721.00,2.68549813E+5,
722.00,2.72909688E+5,
723.00,2.79672094E+5,
724.00,2.88014375E+5,
725.00,2.96399625E+5,
726.00,3.02222938E+5,
727.00,3.08956656E+5,
728.00,3.18199313E+5,
729.00,3.24295188E+5,
730.00,3.31103531E+5,
731.00,3.35807250E+5,
732.00,3.39601563E+5,
733.00,3.43107250E+5,
734.00,3.50805531E+5,
735.00,3.55274719E+5,
736.00,3.61563156E+5,
737.00,3.65805938E+5,
738.00,3.70069063E+5,
739.00,3.75871094E+5,
740.00,3.83617344E+5,
741.00,3.90866656E+5,
742.00,3.96994656E+5,
743.00,4.03326063E+5,
744.00,4.03356063E+5,
745.00,4.06111656E+5,
746.00,4.13858781E+5,
747.00,4.14856125E+5,
748.00,4.21607813E+5,
749.00,4.29604063E+5,
750.00,4.31206656E+5,
751.00,4.35280031E+5,
752.00,4.39621188E+5,
753.00,4.42913875E+5,
754.00,4.46234563E+5,
755.00,4.52035656E+5,
756.00,4.56262688E+5,
757.00,4.61070625E+5,
758.00,4.61230781E+5,
759.00,4.62776281E+5,
760.00,4.65245031E+5,
761.00,4.65051844E+5,
762.00,4.68431000E+5,
763.00,4.70507344E+5,
764.00,4.74417875E+5,
765.00,4.81345063E+5,
766.00,4.83959969E+5,
767.00,4.81151250E+5,
768.00,4.86103438E+5,
769.00,4.84785844E+5,
770.00,4.88139313E+5,
771.00,4.84952875E+5,
772.00,4.90416094E+5,
773.00,4.93476125E+5,
774.00,4.89094219E+5,
775.00,4.91012594E+5,
776.00,4.90342938E+5,
777.00,4.93702563E+5,
778.00,4.95059563E+5,
779.00,4.94689406E+5,
780.00,4.97523094E+5,
781.00,4.94930875E+5,
782.00,4.97418500E+5,
783.00,4.96586094E+5,
784.00,4.93872719E+5,
785.00,4.96023219E+5,
786.00,4.88068656E+5,
787.00,4.92524844E+5,
788.00,4.90014063E+5,
789.00,4.90923531E+5,
790.00,4.93978188E+5,
791.00,4.90150094E+5,
792.00,4.84506938E+5,
793.00,4.84758125E+5,
794.00,4.83539313E+5,
795.00,4.82102500E+5,
796.00,4.80197781E+5,
797.00,4.80957969E+5,
798.00,4.82337750E+5,
799.00,4.78169563E+5,
800.00,4.74656094E+5,
801.00,4.76196906E+5,
802.00,4.71304844E+5,
803.00,4.67989438E+5,
804.00,4.66540656E+5,
805.00,4.64668094E+5,
806.00,4.64425188E+5,
807.00,4.61429969E+5,
808.00,4.57335906E+5,
809.00,4.59660656E+5,
810.00,4.55285750E+5,
811.00,4.51500688E+5,
812.00,4.47537313E+5,
813.00,4.45804844E+5,
814.00,4.40630094E+5,
815.00,4.43293813E+5,
816.00,4.41642344E+5,
817.00,4.36966250E+5,
818.00,4.31653781E+5,
819.00,4.30442750E+5,
820.00,4.25639688E+5,
821.00,4.23941406E+5,
822.00,4.22437438E+5,
823.00,4.20597906E+5,
824.00,4.16413094E+5,
825.00,4.13559844E+5,
826.00,4.08929156E+5,
827.00,4.06943938E+5,
828.00,4.02963781E+5,
829.00,3.97048813E+5,
830.00,3.96392531E+5,
831.00,3.91228500E+5,
832.00,3.93956094E+5,
833.00,3.88281344E+5,
834.00,3.85426875E+5,
835.00,3.81968344E+5,
836.00,3.79503188E+5,
837.00,3.76449031E+5,
838.00,3.72174094E+5,
839.00,3.68913500E+5,
840.00,3.68010094E+5,
841.00,3.63208750E+5,
842.00,3.60204813E+5,
843.00,3.57731938E+5,
844.00,3.52686531E+5,
845.00,3.52097969E+5,
846.00,3.43759688E+5,
847.00,3.40111281E+5,
848.00,3.40355219E+5,
849.00,3.35140094E+5,
850.00,3.32493563E+5,
851.00,3.27666469E+5,
852.00,3.26643219E+5,
853.00,3.22140688E+5,
854.00,3.20551938E+5,
855.00,3.16492969E+5,
856.00,3.15745844E+5,
857.00,3.12871250E+5,
858.00,3.07873406E+5,
859.00,3.04179094E+5,
860.00,3.01433938E+5,
861.00,3.00261094E+5,
862.00,2.95885750E+5,
863.00,2.94269219E+5,
864.00,2.88731344E+5,
865.00,2.86023031E+5,
866.00,2.80119563E+5,
867.00,2.78542469E+5,
868.00,2.73921438E+5,
869.00,2.71493750E+5,
870.00,2.68224781E+5,
871.00,2.66681063E+5,
872.00,2.61455469E+5,
873.00,2.60570938E+5,
874.00,2.58839453E+5,
875.00,2.52755703E+5,
876.00,2.50955375E+5,
877.00,2.46773625E+5,
878.00,2.43594281E+5,
879.00,2.43322000E+5,
880.00,2.40071547E+5,
881.00,2.37038625E+5,
882.00,2.33229859E+5,
883.00,2.29894359E+5,
884.00,2.27601703E+5,
885.00,2.23388063E+5,
886.00,2.21409328E+5,
887.00,2.20259688E+5,
888.00,2.16062047E+5,
889.00,2.12413922E+5,
890.00,2.10923172E+5,
891.00,2.09181188E+5,
892.00,2.06486531E+5,
893.00,2.03278422E+5,
894.00,2.00522266E+5,
895.00,1.98188219E+5,
896.00,1.94800125E+5,
897.00,1.93227313E+5,
898.00,1.89623391E+5,
899.00,1.88025281E+5,
900.00,1.86137578E+5,
901.00,1.85133203E+5,
902.00,1.81836047E+5,
903.00,1.79140547E+5,
904.00,1.76875984E+5,
905.00,1.74031828E+5,
906.00,1.71332531E+5,
907.00,1.69441594E+5,
908.00,1.66868734E+5,
909.00,1.65985609E+5,
910.00,1.63142141E+5,
911.00,1.61478516E+5,
912.00,1.59196234E+5,
913.00,1.58235828E+5,
914.00,1.55489063E+5,
915.00,1.53721406E+5,
916.00,1.52156703E+5,
917.00,1.50314125E+5,
918.00,1.48680266E+5,
919.00,1.46364281E+5,
920.00,1.43636984E+5,
921.00,1.41756125E+5,
922.00,1.38481078E+5,
923.00,1.38236156E+5,
924.00,1.36689484E+5,
925.00,1.34061297E+5,
926.00,1.32362531E+5,
927.00,1.29866805E+5,
928.00,1.28016109E+5,
929.00,1.27008875E+5,
930.00,1.24586961E+5,
931.00,1.24213219E+5,
932.00,1.21947805E+5,
933.00,1.20292156E+5,
934.00,1.18883109E+5,
935.00,1.17028336E+5,
936.00,1.15606625E+5,
937.00,1.12994914E+5,
938.00,1.11041352E+5,
939.00,1.10140633E+5,
940.00,1.07975594E+5,
941.00,1.07101703E+5,
942.00,1.05480055E+5,
943.00,1.03993078E+5,
944.00,1.02808430E+5,
945.00,1.01044180E+5,
946.00,1.00440555E+5,
947.00,9.88431250E+4,
948.00,9.76595938E+4,
949.00,9.53771641E+4,
950.00,9.39835781E+4,
951.00,9.21530703E+4,
952.00,9.25389844E+4,
953.00,9.04690313E+4,
954.00,8.89925703E+4,
955.00,8.68916875E+4,
956.00,8.58032109E+4,
957.00,8.48454219E+4,
958.00,8.35702656E+4,
959.00,8.16463125E+4,
960.00,8.17701484E+4,
961.00,7.98309063E+4,
962.00,7.84639453E+4,
963.00,7.80227969E+4,
964.00,7.65816250E+4,
965.00,7.47449688E+4,
966.00,7.37195156E+4,
967.00,7.28135000E+4,
968.00,7.21408203E+4,
969.00,7.07638047E+4,
970.00,6.90657500E+4,
971.00,6.87462266E+4,
972.00,6.77461172E+4,
973.00,6.64053984E+4,
974.00,6.56377734E+4,
975.00,6.40711289E+4,
976.00,6.34396055E+4,
977.00,6.28354023E+4,
978.00,6.17574375E+4,
979.00,6.11443594E+4,
980.00,6.03254258E+4,
981.00,5.94646133E+4,
982.00,5.84595781E+4,
983.00,5.75146094E+4,
984.00,5.68402891E+4,
985.00,5.56284180E+4,
986.00,5.44767266E+4,
987.00,5.41911484E+4,
988.00,5.30065078E+4,
989.00,5.23591211E+4,
990.00,5.11611719E+4,
991.00,5.04396992E+4,
992.00,4.95083164E+4,
993.00,4.91113711E+4,
994.00,4.82687500E+4,
995.00,4.78413320E+4,
996.00,4.66368242E+4,
997.00,4.59623047E+4,
998.00,4.53457695E+4,
999.00,4.44050234E+4,
1000.00,4.37867422E+4,
1001.000,4.28519453E+4,
1002.000,4.21981914E+4,
1003.000,4.17726016E+4,
1004.000,4.14661133E+4,
1005.000,4.07395195E+4,
1006.000,3.99346289E+4,
1007.000,3.92638086E+4,
1008.000,3.86910820E+4,
1009.000,3.77190977E+4,
1010.00,3.77068398E+4,
1011.000,3.71801094E+4,
1012.000,3.59913984E+4,
1013.000,3.56425234E+4,
1014.000,3.55821680E+4,
1015.000,3.48762031E+4,
1016.000,3.40894023E+4,
1017.000,3.39610547E+4,
1018.000,3.31340625E+4,
1019.000,3.29965234E+4,
1020.00,3.21258594E+4,
1021.000,3.19546172E+4,
1022.000,3.13124043E+4,
1023.000,3.02350215E+4,
1024.000,3.05389688E+4,
1025.000,2.96385078E+4,
1026.000,2.88052949E+4,
1027.000,2.90801367E+4,
1028.000,2.84464980E+4,
1029.000,2.77358262E+4,
1030.00,2.72603125E+4,
1031.000,2.69951660E+4,
1032.000,2.66724766E+4,
1033.000,2.63722695E+4,
1034.000,2.60843125E+4,
1035.000,2.51259512E+4,
1036.000,2.45856816E+4,
1037.000,2.45977383E+4,
1038.000,2.41160859E+4,
1039.000,2.34766328E+4,
1040.00,2.35265586E+4,
1041.000,2.31483301E+4,
1042.000,2.27769063E+4,
1043.000,2.24025195E+4,
1044.000,2.19205195E+4,
1045.000,2.16744277E+4,
1046.000,2.13344609E+4,
1047.000,2.12622285E+4,
1048.000,2.06785625E+4,
1049.000,2.04371836E+4,
1050.00,2.00692832E+4,
1051.000,1.97369844E+4,
1052.000,1.91680059E+4,
1053.000,1.88879727E+4,
1054.000,1.88407813E+4,
1055.000,1.85987207E+4,
1056.000,1.81342344E+4,
1057.000,1.76024492E+4,
1058.000,1.78383828E+4,
1059.000,1.72975879E+4,
1060.00,1.72592207E+4,
1061.000,1.70888574E+4,
1062.000,1.64527871E+4,
1063.000,1.62576865E+4,
1064.000,1.62222754E+4,
1065.000,1.58676621E+4,
1066.000,1.54478115E+4,
1067.000,1.51293320E+4,
1068.000,1.48517012E+4,
1069.000,1.45577549E+4,
1070.00,1.46881084E+4,
1071.000,1.41565156E+4,
1072.000,1.42007734E+4,
1073.000,1.39190557E+4,
1074.000,1.35003789E+4,
1075.000,1.32238252E+4,
1076.000,1.30624326E+4,
1077.000,1.29857246E+4,
1078.000,1.27553301E+4,
1079.000,1.25358418E+4,
1080.00,1.24731104E+4,
1081.000,1.20358877E+4,
1082.000,1.18654941E+4,
1083.000,1.17449043E+4,
1084.000,1.15997939E+4,
1085.000,1.14219307E+4,
1086.000,1.10791436E+4,
1087.000,1.09427637E+4,
1088.000,1.09613564E+4,
1089.000,1.06659189E+4,
1090.00,1.06618750E+4,
1091.000,1.02555889E+4,
1092.000,1.03233242E+4,
1093.000,9.83672363E+3,
1094.000,9.76183496E+3,
1095.000,9.56825879E+3,
1096.000,9.45780566E+3,
1097.000,9.36945898E+3,
1098.000,8.96684180E+3,
1099.000,9.05755273E+3,
1100.00,9.01181348E+3,
1101.000,8.75704102E+3,
1102.000,8.72589551E+3,
1103.000,8.36575684E+3,
1104.000,8.30636230E+3,
1105.000,8.16767041E+3,
1106.000,8.11077344E+3,
1107.000,8.12445020E+3,
1108.000,7.74387109E+3,
1109.000,7.98663379E+3,
1110.00,7.49340283E+3,
1111.000,7.31530615E+3,
1112.000,7.11430811E+3,
1113.000,7.30436084E+3,
1114.000,7.18144580E+3,
1115.000,7.01675146E+3,
1116.000,6.80755518E+3,
1117.000,6.68399121E+3,
1118.000,6.74680420E+3,
1119.000,6.68505811E+3,
1120.00,6.37136182E+3,
1121.000,6.47477588E+3,
1122.000,6.25115967E+3,
1123.000,6.04448242E+3,
1124.000,5.90002246E+3,
1125.000,6.04064697E+3,
1126.000,5.90482715E+3,
1127.000,5.89983398E+3,
1128.000,5.63641406E+3,
1129.000,5.59215234E+3,
1130.00,5.47839063E+3,
1131.000,5.31205566E+3,
1132.000,5.26583936E+3,
1133.000,5.22778760E+3,
1134.000,5.09967871E+3,
1135.000,5.13683398E+3,
1136.000,5.03600830E+3,
1137.000,4.87316992E+3,
1138.000,4.79414941E+3,
1139.000,4.67838330E+3,
1140.00,4.64842041E+3,
1141.000,4.47499854E+3,
1142.000,4.53581055E+3,
1143.000,4.38335889E+3,
1144.000,4.54546143E+3,
1145.000,4.35555713E+3,
1146.000,4.25139746E+3,
1147.000,4.06082080E+3,
1148.000,4.17991211E+3,
1149.000,4.07347510E+3,
1150.00,3.90076782E+3,
1151.000,3.92809521E+3,
1152.000,3.75997388E+3,
1153.000,3.73454468E+3,
1154.000,3.61090405E+3,
1155.000,3.61007397E+3,
1156.000,3.53225415E+3,
1157.000,3.45821777E+3,
1158.000,3.55250903E+3,
1159.000,3.47873145E+3,
1160.00,3.27965039E+3,
1161.000,3.39405127E+3,
1162.000,3.29400244E+3,
1163.000,3.21736548E+3,
1164.000,3.12941455E+3,
1165.000,3.06768042E+3,
1166.000,3.18233081E+3,
1167.000,3.00071436E+3,
1168.000,2.91595703E+3,
1169.000,2.81418726E+3,
1170.00,2.82269849E+3,
1171.000,2.69238062E+3,
1172.000,2.61501050E+3,
1173.000,2.73690308E+3,
1174.000,2.69350708E+3,
1175.000,2.70178711E+3,
1176.000,2.69320728E+3,
1177.000,2.62406787E+3,
1178.000,2.42155664E+3,
1179.000,2.42773730E+3,
1180.00,2.44029175E+3,
1181.000,2.35788574E+3,
1182.000,2.29867212E+3,
1183.000,2.29547388E+3,
1184.000,2.31074316E+3,
1185.000,2.18865723E+3,
1186.000,2.27527686E+3,
1187.000,2.19714868E+3,
1188.000,2.10442334E+3,
1189.000,2.15743604E+3,
1190.00,2.00393567E+3,
1191.000,2.02712280E+3,
1192.000,2.00872156E+3,
1193.000,1.87154639E+3,
1194.000,1.95436475E+3,
1195.000,1.93814307E+3,
1196.000,1.81964087E+3,
1197.000,1.85341968E+3,
1198.000,1.71532214E+3,
1199.000,1.81977844E+3,
1200.00,1.59895935E+3,
