Labels,0,
Type,Emission Scan,
Comment,,
Start,600.00,
Stop,1200.00,
Step,1.00,
Fixed/Offset,445.00,
Xaxis,Wavelength,
Yaxis,Counts,
Scan Corr. by File,True,
Corr. by Ref. Det.,True,
Fixed/Offset Corr. by File,False,
Repeats,1,
Dwell Time,0.10,
Lamp,Xenon,
Temp,0.00,
Scan Polariser,None,
Scan Slit,2.4999220,
Fixed/Offset Polariser,None,
Fixed/Offset Slit,2.4999950,
Detector,Det2,

600.00,-2.92464935E+2,
601.00,-5.59706421E+2,
602.00,1.50464661E+2,
603.00,-7.01648712E+1,
604.00,-9.72088318E+2,
605.00,-3.75931854E+1,
606.00,0.00000000E+0,
607.00,-2.34489365E+2,
608.00,-1.13739539E+3,
609.00,-4.14328644E+2,
610.00,-3.64621643E+2,
611.00,-5.37387207E+2,
612.00,-9.66939240E+1,
613.00,8.15644455E+1,
614.00,1.34456253E+1,
615.00,-4.62596893E+1,
616.00,-2.61207031E+2,
617.00,-9.80342957E+2,
618.00,2.85429993E+2,
619.00,1.37339706E+2,
620.00,-3.35627075E+2,
621.00,1.10668442E+2,
622.00,3.88561218E+2,
623.00,1.95910217E+2,
624.00,-3.10666321E+2,
625.00,-1.68416946E+2,
626.00,-6.81527863E+1,
627.00,-5.57403992E+2,
628.00,6.02430878E+1,
629.00,4.43480164E+2,
630.00,6.74888229E+1,
631.00,-2.04941223E+2,
632.00,6.73919312E+2,
633.00,3.49309296E+2,
634.00,9.15611877E+1,
635.00,4.69305458E+1,
636.00,1.73253021E+2,
637.00,5.83985901E+2,
638.00,2.94384705E+2,
639.00,7.83544983E+2,
640.00,8.07391907E+2,
641.00,7.52199341E+2,
642.00,1.18282104E+3,
643.00,1.14999500E+3,
644.00,1.19432349E+3,
645.00,1.34666052E+3,
646.00,1.56213599E+3,
647.00,1.20185632E+3,
648.00,1.59913513E+3,
649.00,2.35858301E+3,
650.00,2.32908130E+3,
651.00,2.25139697E+3,
652.00,2.98517065E+3,
653.00,2.61436987E+3,
654.00,3.49421484E+3,
655.00,3.65514087E+3,
656.00,3.96115527E+3,
657.00,4.23808350E+3,
658.00,4.51715576E+3,
659.00,5.26882715E+3,
660.00,5.72164746E+3,
661.00,5.93181836E+3,
662.00,6.60290576E+3,
663.00,7.19475293E+3,
664.00,7.93078662E+3,
665.00,9.19175684E+3,
666.00,9.78911621E+3,
667.00,1.01399492E+4,
668.00,1.11761631E+4,
669.00,1.18301807E+4,
670.00,1.28692646E+4,
671.00,1.41481836E+4,
672.00,1.49095166E+4,
673.00,1.61242842E+4,
674.00,1.80282598E+4,
675.00,1.92712715E+4,
676.00,2.17355273E+4,
677.00,2.39161484E+4,
678.00,2.56807891E+4,
679.00,2.69736250E+4,
680.00,2.87504902E+4,
681.00,3.07317930E+4,
682.00,3.12338379E+4,
683.00,3.44867500E+4,
684.00,3.64697266E+4,
685.00,3.91638359E+4,
686.00,4.18971289E+4,
687.00,4.56472734E+4,
688.00,4.70549805E+4,
689.00,4.81262656E+4,
690.00,5.35318203E+4,
691.00,5.87618750E+4,
692.00,6.57600703E+4,
693.00,7.40112500E+4,
694.00,7.75053750E+4,
695.00,8.12735078E+4,
696.00,8.39185547E+4,
697.00,8.91865313E+4,
698.00,9.26969375E+4,
699.00,9.55283438E+4,
700.00,9.88278750E+4,
701.00,1.05239734E+5,
702.00,1.07505227E+5,
703.00,1.11486570E+5,
704.00,1.19177234E+5,
705.00,1.24492180E+5,
706.00,1.27277938E+5,
707.00,1.35889844E+5,
708.00,1.42078719E+5,
709.00,1.48353891E+5,
710.00,1.52617469E+5,
711.00,1.62444953E+5,
712.00,1.70599453E+5,
713.00,1.75739500E+5,
714.00,1.80640563E+5,
715.00,1.88555422E+5,
716.00,1.95150516E+5,
717.00,1.98810656E+5,
718.00,2.02816953E+5,
719.00,2.06195000E+5,
720.00,2.13141766E+5,
721.00,2.18290781E+5,
722.00,2.23371250E+5,
723.00,2.29243922E+5,
724.00,2.32586750E+5,
725.00,2.39781859E+5,
726.00,2.43390500E+5,
727.00,2.51685781E+5,
728.00,2.59240109E+5,
729.00,2.65605375E+5,
730.00,2.70606813E+5,
731.00,2.72632406E+5,
732.00,2.77359219E+5,
733.00,2.84662500E+5,
734.00,2.88139094E+5,
735.00,2.90964063E+5,
736.00,2.99628813E+5,
737.00,3.06981906E+5,
738.00,3.09041188E+5,
739.00,3.13937969E+5,
740.00,3.17314531E+5,
741.00,3.24622156E+5,
742.00,3.29251594E+5,
743.00,3.31454750E+5,
744.00,3.35911938E+5,
745.00,3.40606563E+5,
746.00,3.48473469E+5,
747.00,3.50784469E+5,
748.00,3.54327313E+5,
749.00,3.58716906E+5,
750.00,3.60502750E+5,
751.00,3.67399406E+5,
752.00,3.72949406E+5,
753.00,3.72961250E+5,
754.00,3.75350031E+5,
755.00,3.78668063E+5,
756.00,3.82809094E+5,
757.00,3.88922094E+5,
758.00,3.87600125E+5,
759.00,3.90711875E+5,
760.00,3.96365625E+5,
761.00,3.97843906E+5,
762.00,3.96096938E+5,
763.00,3.99219250E+5,
764.00,4.02969969E+5,
765.00,4.09817125E+5,
766.00,4.10125094E+5,
767.00,4.14582063E+5,
768.00,4.12279625E+5,
769.00,4.15101875E+5,
770.00,4.18404719E+5,
771.00,4.19338594E+5,
772.00,4.20306406E+5,
773.00,4.23382250E+5,
774.00,4.22285469E+5,
775.00,4.24289938E+5,
776.00,4.24366969E+5,
777.00,4.25151563E+5,
778.00,4.29233969E+5,
779.00,4.30260000E+5,
780.00,4.31519781E+5,
781.00,4.31685000E+5,
782.00,4.29272063E+5,
783.00,4.30257719E+5,
784.00,4.29976969E+5,
785.00,4.34034375E+5,
786.00,4.29355969E+5,
787.00,4.28954781E+5,
788.00,4.23780719E+5,
789.00,4.25743563E+5,
790.00,4.24003406E+5,
791.00,4.25355594E+5,
792.00,4.26342188E+5,
793.00,4.24408781E+5,
794.00,4.21596875E+5,
795.00,4.24414813E+5,
796.00,4.20112719E+5,
797.00,4.21158750E+5,
798.00,4.19109813E+5,
799.00,4.19231031E+5,
800.00,4.20309000E+5,
801.00,4.17509125E+5,
802.00,4.15256375E+5,
803.00,4.15599344E+5,
804.00,4.08219781E+5,
805.00,4.09848875E+5,
806.00,4.06939406E+5,
807.00,4.03990875E+5,
808.00,4.02995281E+5,
809.00,4.04396000E+5,
810.00,4.00845688E+5,
811.00,4.01271625E+5,
812.00,3.99227750E+5,
813.00,3.97602000E+5,
814.00,3.90462563E+5,
815.00,3.88396063E+5,
816.00,3.88614719E+5,
817.00,3.80993406E+5,
818.00,3.81082594E+5,
819.00,3.82928500E+5,
820.00,3.82757000E+5,
821.00,3.74024000E+5,
822.00,3.75646250E+5,
823.00,3.70404563E+5,
824.00,3.71162438E+5,
825.00,3.68550938E+5,
826.00,3.61992875E+5,
827.00,3.66081031E+5,
828.00,3.57881813E+5,
829.00,3.55340656E+5,
830.00,3.51541156E+5,
831.00,3.52631281E+5,
832.00,3.51601969E+5,
833.00,3.46117750E+5,
834.00,3.41396750E+5,
835.00,3.40358219E+5,
836.00,3.37015281E+5,
837.00,3.34569438E+5,
838.00,3.32821875E+5,
839.00,3.31791156E+5,
840.00,3.25305313E+5,
841.00,3.23552313E+5,
842.00,3.22847281E+5,
843.00,3.18715625E+5,
844.00,3.14888156E+5,
845.00,3.13471250E+5,
846.00,3.08756438E+5,
847.00,3.09484125E+5,
848.00,3.04830281E+5,
849.00,3.02763281E+5,
850.00,2.97360125E+5,
851.00,2.95119688E+5,
852.00,2.95832000E+5,
853.00,2.89209656E+5,
854.00,2.85114313E+5,
855.00,2.83856625E+5,
856.00,2.81114250E+5,
857.00,2.80866594E+5,
858.00,2.77241094E+5,
859.00,2.73620469E+5,
860.00,2.70029438E+5,
861.00,2.70071750E+5,
862.00,2.65982656E+5,
863.00,2.63901844E+5,
864.00,2.60636641E+5,
865.00,2.57622422E+5,
866.00,2.54488578E+5,
867.00,2.52918547E+5,
868.00,2.48397016E+5,
869.00,2.46535375E+5,
870.00,2.42506953E+5,
871.00,2.39613891E+5,
872.00,2.38519828E+5,
873.00,2.35728641E+5,
874.00,2.33872266E+5,
875.00,2.32054141E+5,
876.00,2.27860547E+5,
877.00,2.25308656E+5,
878.00,2.21703328E+5,
879.00,2.20164266E+5,
880.00,2.17169813E+5,
881.00,2.15934516E+5,
882.00,2.13176266E+5,
883.00,2.10082203E+5,
884.00,2.08125000E+5,
885.00,2.06541000E+5,
886.00,2.01926313E+5,
887.00,2.00439203E+5,
888.00,1.97906578E+5,
889.00,1.95181984E+5,
890.00,1.94386438E+5,
891.00,1.90312625E+5,
892.00,1.89212094E+5,
893.00,1.84936969E+5,
894.00,1.84040031E+5,
895.00,1.83308422E+5,
896.00,1.81407438E+5,
897.00,1.79224844E+5,
898.00,1.76635609E+5,
899.00,1.73469016E+5,
900.00,1.72049125E+5,
901.00,1.68846078E+5,
902.00,1.67152688E+5,
903.00,1.66199781E+5,
904.00,1.63752469E+5,
905.00,1.60438469E+5,
906.00,1.59057109E+5,
907.00,1.57123391E+5,
908.00,1.55915453E+5,
909.00,1.53064719E+5,
910.00,1.50911531E+5,
911.00,1.48449156E+5,
912.00,1.48135516E+5,
913.00,1.45303813E+5,
914.00,1.44057203E+5,
915.00,1.41449953E+5,
916.00,1.40301734E+5,
917.00,1.38247125E+5,
918.00,1.37118203E+5,
919.00,1.35441078E+5,
920.00,1.33025344E+5,
921.00,1.31556438E+5,
922.00,1.30993805E+5,
923.00,1.28341578E+5,
924.00,1.25912141E+5,
925.00,1.24664992E+5,
926.00,1.24233047E+5,
927.00,1.21729867E+5,
928.00,1.19980617E+5,
929.00,1.17174227E+5,
930.00,1.16213625E+5,
931.00,1.14421891E+5,
932.00,1.13578594E+5,
933.00,1.12751563E+5,
934.00,1.10674828E+5,
935.00,1.09154852E+5,
936.00,1.07918727E+5,
937.00,1.05317563E+5,
938.00,1.04800086E+5,
939.00,1.03158867E+5,
940.00,1.01674656E+5,
941.00,9.97826953E+4,
942.00,9.90324219E+4,
943.00,9.80891250E+4,
944.00,9.62722266E+4,
945.00,9.45109063E+4,
946.00,9.32592969E+4,
947.00,9.17491484E+4,
948.00,9.14140781E+4,
949.00,8.89011406E+4,
950.00,8.81869453E+4,
951.00,8.62787969E+4,
952.00,8.52741016E+4,
953.00,8.47522109E+4,
954.00,8.34962734E+4,
955.00,8.22268594E+4,
956.00,8.05651641E+4,
957.00,7.95597813E+4,
958.00,7.85071953E+4,
959.00,7.69048047E+4,
960.00,7.59472578E+4,
961.00,7.56006094E+4,
962.00,7.42137188E+4,
963.00,7.29106953E+4,
964.00,7.20458828E+4,
965.00,7.08918828E+4,
966.00,6.95041406E+4,
967.00,6.81508281E+4,
968.00,6.72688594E+4,
969.00,6.59737969E+4,
970.00,6.52602930E+4,
971.00,6.42660742E+4,
972.00,6.28285977E+4,
973.00,6.21030156E+4,
974.00,6.15422227E+4,
975.00,6.05749063E+4,
976.00,5.96209727E+4,
977.00,5.85958945E+4,
978.00,5.77709727E+4,
979.00,5.69672500E+4,
980.00,5.59923516E+4,
981.00,5.53694727E+4,
982.00,5.40239375E+4,
983.00,5.34930938E+4,
984.00,5.23639492E+4,
985.00,5.18196016E+4,
986.00,5.14308750E+4,
987.00,5.02151406E+4,
988.00,4.96064492E+4,
989.00,4.85065313E+4,
990.00,4.79497773E+4,
991.00,4.73828867E+4,
992.00,4.66783242E+4,
993.00,4.55323398E+4,
994.00,4.49178203E+4,
995.00,4.45476211E+4,
996.00,4.43221836E+4,
997.00,4.27663320E+4,
998.00,4.19736367E+4,
999.00,4.18015234E+4,
1000.00,4.12843203E+4,
1001.000,4.05024648E+4,
1002.000,3.97224180E+4,
1003.000,3.92161992E+4,
1004.000,3.89781055E+4,
1005.000,3.80141445E+4,
1006.000,3.76483242E+4,
1007.000,3.70414375E+4,
1008.000,3.64317969E+4,
1009.000,3.57881016E+4,
1010.00,3.51012656E+4,
1011.000,3.48329492E+4,
1012.000,3.42480898E+4,
1013.000,3.36992461E+4,
1014.000,3.31433086E+4,
1015.000,3.25851074E+4,
1016.000,3.22089414E+4,
1017.000,3.15799023E+4,
1018.000,3.16306523E+4,
1019.000,3.05243086E+4,
1020.00,3.02468574E+4,
1021.000,2.96553770E+4,
1022.000,2.89684180E+4,
1023.000,2.92088027E+4,
1024.000,2.85889082E+4,
1025.000,2.80465410E+4,
1026.000,2.75286309E+4,
1027.000,2.71651484E+4,
1028.000,2.68374570E+4,
1029.000,2.63689551E+4,
1030.00,2.59565293E+4,
1031.000,2.56768887E+4,
1032.000,2.51391816E+4,
1033.000,2.49014297E+4,
1034.000,2.43728516E+4,
1035.000,2.42315527E+4,
1036.000,2.34376484E+4,
1037.000,2.34937383E+4,
1038.000,2.30876680E+4,
1039.000,2.24608320E+4,
1040.00,2.20330781E+4,
1041.000,2.16897910E+4,
1042.000,2.14332402E+4,
1043.000,2.09026230E+4,
1044.000,2.06559180E+4,
1045.000,2.06765742E+4,
1046.000,2.04605098E+4,
1047.000,2.00624512E+4,
1048.000,1.95880762E+4,
1049.000,1.92876328E+4,
1050.00,1.88011855E+4,
1051.000,1.87211758E+4,
1052.000,1.82349941E+4,
1053.000,1.81430527E+4,
1054.000,1.81020020E+4,
1055.000,1.77401523E+4,
1056.000,1.72628418E+4,
1057.000,1.69038691E+4,
1058.000,1.68986094E+4,
1059.000,1.64210352E+4,
1060.00,1.62548662E+4,
1061.000,1.59631689E+4,
1062.000,1.55929033E+4,
1063.000,1.54354355E+4,
1064.000,1.51005898E+4,
1065.000,1.49992207E+4,
1066.000,1.45569482E+4,
1067.000,1.47189434E+4,
1068.000,1.43080244E+4,
1069.000,1.40228447E+4,
1070.00,1.36828428E+4,
1071.000,1.36892617E+4,
1072.000,1.33022002E+4,
1073.000,1.33010752E+4,
1074.000,1.29646494E+4,
1075.000,1.27298633E+4,
1076.000,1.25179092E+4,
1077.000,1.23231025E+4,
1078.000,1.21205449E+4,
1079.000,1.18127354E+4,
1080.00,1.17329375E+4,
1081.000,1.16141582E+4,
1082.000,1.14778564E+4,
1083.000,1.12738438E+4,
1084.000,1.11373818E+4,
1085.000,1.08028926E+4,
1086.000,1.05665732E+4,
1087.000,1.05373350E+4,
1088.000,1.01521162E+4,
1089.000,1.01841875E+4,
1090.00,1.01322773E+4,
1091.000,9.80371387E+3,
1092.000,9.68035938E+3,
1093.000,9.60973047E+3,
1094.000,9.31378809E+3,
1095.000,9.38903125E+3,
1096.000,9.10367383E+3,
1097.000,9.00337793E+3,
1098.000,8.69610547E+3,
1099.000,8.62432227E+3,
1100.00,8.59276855E+3,
1101.000,8.34965723E+3,
1102.000,8.15237988E+3,
1103.000,8.11218896E+3,
1104.000,8.03694238E+3,
1105.000,7.76496240E+3,
1106.000,7.71729297E+3,
1107.000,7.66741455E+3,
1108.000,7.36604785E+3,
1109.000,7.48372510E+3,
1110.00,7.31321582E+3,
1111.000,7.15633887E+3,
1112.000,7.00298193E+3,
1113.000,6.95142041E+3,
1114.000,6.75616895E+3,
1115.000,6.50235254E+3,
1116.000,6.37951221E+3,
1117.000,6.60672510E+3,
1118.000,6.55801270E+3,
1119.000,6.32372656E+3,
1120.00,5.97703906E+3,
1121.000,6.01797412E+3,
1122.000,5.96560010E+3,
1123.000,5.83318066E+3,
1124.000,5.71779053E+3,
1125.000,5.70191309E+3,
1126.000,5.65277686E+3,
1127.000,5.38750977E+3,
1128.000,5.56291797E+3,
1129.000,5.31514404E+3,
1130.00,5.01130029E+3,
1131.000,5.09943359E+3,
1132.000,5.04582813E+3,
1133.000,4.94889893E+3,
1134.000,4.85649365E+3,
1135.000,4.86642334E+3,
1136.000,4.57361279E+3,
1137.000,4.61708789E+3,
1138.000,4.46819189E+3,
1139.000,4.49255664E+3,
1140.00,4.33996533E+3,
1141.000,4.33212744E+3,
1142.000,4.34067920E+3,
1143.000,4.27258154E+3,
1144.000,4.16925146E+3,
1145.000,4.21202441E+3,
1146.000,4.01797021E+3,
1147.000,4.03356714E+3,
1148.000,3.90999878E+3,
1149.000,3.84364014E+3,
1150.00,3.70726709E+3,
1151.000,3.72753394E+3,
1152.000,3.52776367E+3,
1153.000,3.55240283E+3,
1154.000,3.55042432E+3,
1155.000,3.44757910E+3,
1156.000,3.42918506E+3,
1157.000,3.44259912E+3,
1158.000,3.31576245E+3,
1159.000,3.25631030E+3,
1160.00,3.08492896E+3,
1161.000,3.13098315E+3,
1162.000,2.93054565E+3,
1163.000,3.00747729E+3,
1164.000,2.93674756E+3,
1165.000,2.99978564E+3,
1166.000,2.80972314E+3,
1167.000,2.87517871E+3,
1168.000,2.84161621E+3,
1169.000,2.77584717E+3,
1170.00,2.68390405E+3,
1171.000,2.62709375E+3,
1172.000,2.63198926E+3,
1173.000,2.59091821E+3,
1174.000,2.59359302E+3,
1175.000,2.48928540E+3,
1176.000,2.39537207E+3,
1177.000,2.41227148E+3,
1178.000,2.38120825E+3,
1179.000,2.34256714E+3,
1180.00,2.39807397E+3,
1181.000,2.22068823E+3,
1182.000,2.24028955E+3,
1183.000,2.22118945E+3,
1184.000,2.03127576E+3,
1185.000,2.02394617E+3,
1186.000,2.06434253E+3,
1187.000,2.02857910E+3,
1188.000,1.96778748E+3,
1189.000,1.87134570E+3,
1190.00,1.89785889E+3,
1191.000,1.89798389E+3,
1192.000,1.87465381E+3,
1193.000,1.65454089E+3,
1194.000,1.78310852E+3,
1195.000,1.71524011E+3,
1196.000,1.73342407E+3,
1197.000,1.70596533E+3,
1198.000,1.72881799E+3,
1199.000,1.64903455E+3,
1200.00,1.62375281E+3,
