Labels,0,
Type,Emission Scan,
Comment,,
Start,600.00,
Stop,1200.00,
Step,1.00,
Fixed/Offset,445.00,
Xaxis,Wavelength,
Yaxis,Counts,
Scan Corr. by File,True,
Corr. by Ref. Det.,True,
Fixed/Offset Corr. by File,False,
Repeats,1,
Dwell Time,0.10,
Lamp,Xenon,
Temp,0.00,
Scan Polariser,None,
Scan Slit,2.4999220,
Fixed/Offset Polariser,None,
Fixed/Offset Slit,2.4999950,
Detector,Det2,

600.00,4.28684937E+2,
601.00,4.40834656E+2,
602.00,6.65391357E+2,
603.00,1.56218369E+2,
604.00,1.15821216E+3,
605.00,-2.40813248E+2,
606.00,6.44844849E+2,
607.00,8.35361084E+2,
608.00,1.10366760E+3,
609.00,1.58985364E+3,
610.00,8.36955017E+2,
611.00,8.77804016E+2,
612.00,8.03525330E+2,
613.00,1.32253650E+3,
614.00,8.91157776E+2,
615.00,3.43310486E+2,
616.00,3.96087769E+2,
617.00,7.88357544E+2,
618.00,1.03298901E+3,
619.00,6.89211182E+2,
620.00,8.50858154E+2,
621.00,4.77210815E+2,
622.00,2.96293457E+2,
623.00,8.16415283E+2,
624.00,7.73909607E+2,
625.00,9.69587524E+2,
626.00,5.39776245E+2,
627.00,7.49748230E+2,
628.00,6.68063599E+2,
629.00,1.10039893E+3,
630.00,7.69967590E+2,
631.00,1.25895264E+3,
632.00,1.14486218E+3,
633.00,8.67108093E+2,
634.00,1.37604407E+3,
635.00,1.33710229E+3,
636.00,8.27756714E+2,
637.00,1.38259070E+3,
638.00,1.08116272E+3,
639.00,1.24537000E+3,
640.00,1.12537097E+3,
641.00,1.41830371E+3,
642.00,1.76757117E+3,
643.00,1.73854492E+3,
644.00,1.63419714E+3,
645.00,2.67042749E+3,
646.00,2.49252563E+3,
647.00,1.98421130E+3,
648.00,2.76536816E+3,
649.00,2.46475366E+3,
650.00,3.43712866E+3,
651.00,2.96527637E+3,
652.00,3.75784644E+3,
653.00,3.88350732E+3,
654.00,3.71110547E+3,
655.00,4.54246240E+3,
656.00,4.52317383E+3,
657.00,5.32995605E+3,
658.00,5.32740918E+3,
659.00,6.08914502E+3,
660.00,6.31063916E+3,
661.00,7.09931152E+3,
662.00,7.99894385E+3,
663.00,8.43320410E+3,
664.00,8.92269531E+3,
665.00,9.37726172E+3,
666.00,1.08231465E+4,
667.00,1.10921768E+4,
668.00,1.21750352E+4,
669.00,1.30186426E+4,
670.00,1.34814219E+4,
671.00,1.56034688E+4,
672.00,1.62826162E+4,
673.00,1.76813379E+4,
674.00,1.84360020E+4,
675.00,2.07878945E+4,
676.00,2.25836465E+4,
677.00,2.40375352E+4,
678.00,2.62148574E+4,
679.00,2.76969609E+4,
680.00,2.76461035E+4,
681.00,3.02405703E+4,
682.00,3.25509844E+4,
683.00,3.44969609E+4,
684.00,3.67385430E+4,
685.00,3.86122422E+4,
686.00,4.21900273E+4,
687.00,4.42254805E+4,
688.00,4.70235039E+4,
689.00,4.82878047E+4,
690.00,5.26846797E+4,
691.00,5.66092734E+4,
692.00,6.45605508E+4,
693.00,7.08626875E+4,
694.00,7.59064766E+4,
695.00,7.91298984E+4,
696.00,8.27622969E+4,
697.00,8.64344219E+4,
698.00,9.12241641E+4,
699.00,9.49421875E+4,
700.00,9.66886875E+4,
701.00,1.01246633E+5,
702.00,1.04244578E+5,
703.00,1.09949695E+5,
704.00,1.12439680E+5,
705.00,1.18125617E+5,
706.00,1.24715500E+5,
707.00,1.30106969E+5,
708.00,1.34317391E+5,
709.00,1.41834750E+5,
710.00,1.45497875E+5,
711.00,1.51883750E+5,
712.00,1.59133188E+5,
713.00,1.65332063E+5,
714.00,1.71364781E+5,
715.00,1.76766375E+5,
716.00,1.80539922E+5,
717.00,1.85866906E+5,
718.00,1.89992578E+5,
719.00,1.95454094E+5,
720.00,1.99379063E+5,
721.00,2.02271578E+5,
722.00,2.07909484E+5,
723.00,2.13069844E+5,
724.00,2.15623625E+5,
725.00,2.21702500E+5,
726.00,2.30130563E+5,
727.00,2.31427516E+5,
728.00,2.37103734E+5,
729.00,2.42421609E+5,
730.00,2.46479031E+5,
731.00,2.49996016E+5,
732.00,2.54978859E+5,
733.00,2.59031266E+5,
734.00,2.62780313E+5,
735.00,2.71100875E+5,
736.00,2.73607875E+5,
737.00,2.77706313E+5,
738.00,2.83685563E+5,
739.00,2.85067938E+5,
740.00,2.92001969E+5,
741.00,2.93874406E+5,
742.00,2.97275813E+5,
743.00,3.03764531E+5,
744.00,3.00177813E+5,
745.00,3.05401156E+5,
746.00,3.13900219E+5,
747.00,3.18633406E+5,
748.00,3.17369375E+5,
749.00,3.22552938E+5,
750.00,3.29330344E+5,
751.00,3.32045906E+5,
752.00,3.33069031E+5,
753.00,3.39089813E+5,
754.00,3.41105156E+5,
755.00,3.40929594E+5,
756.00,3.46785344E+5,
757.00,3.51167688E+5,
758.00,3.53146563E+5,
759.00,3.54329813E+5,
760.00,3.52027156E+5,
761.00,3.56521156E+5,
762.00,3.58940844E+5,
763.00,3.65350594E+5,
764.00,3.63289625E+5,
765.00,3.63473156E+5,
766.00,3.66086500E+5,
767.00,3.67391344E+5,
768.00,3.68470750E+5,
769.00,3.72488875E+5,
770.00,3.73163719E+5,
771.00,3.74647469E+5,
772.00,3.74435375E+5,
773.00,3.74962438E+5,
774.00,3.74774563E+5,
775.00,3.75588750E+5,
776.00,3.78663500E+5,
777.00,3.75966500E+5,
778.00,3.78804031E+5,
779.00,3.75892188E+5,
780.00,3.77704375E+5,
781.00,3.77292031E+5,
782.00,3.76805469E+5,
783.00,3.78392156E+5,
784.00,3.77120969E+5,
785.00,3.76757344E+5,
786.00,3.75552719E+5,
787.00,3.77126281E+5,
788.00,3.73020656E+5,
789.00,3.75863125E+5,
790.00,3.75590813E+5,
791.00,3.73549094E+5,
792.00,3.75081188E+5,
793.00,3.71162375E+5,
794.00,3.70553313E+5,
795.00,3.74083625E+5,
796.00,3.68543563E+5,
797.00,3.67622813E+5,
798.00,3.69142500E+5,
799.00,3.69864000E+5,
800.00,3.64032969E+5,
801.00,3.64614406E+5,
802.00,3.63247125E+5,
803.00,3.61819063E+5,
804.00,3.58950000E+5,
805.00,3.56526875E+5,
806.00,3.56952156E+5,
807.00,3.53595563E+5,
808.00,3.54940594E+5,
809.00,3.48674969E+5,
810.00,3.46527438E+5,
811.00,3.46852094E+5,
812.00,3.45323188E+5,
813.00,3.46424063E+5,
814.00,3.39274594E+5,
815.00,3.38834563E+5,
816.00,3.36591313E+5,
817.00,3.35918094E+5,
818.00,3.33941875E+5,
819.00,3.33017438E+5,
820.00,3.28484281E+5,
821.00,3.28202250E+5,
822.00,3.25593000E+5,
823.00,3.26740031E+5,
824.00,3.20361031E+5,
825.00,3.16499906E+5,
826.00,3.16074344E+5,
827.00,3.13049438E+5,
828.00,3.11895906E+5,
829.00,3.07999719E+5,
830.00,3.03586906E+5,
831.00,3.00047344E+5,
832.00,2.98006750E+5,
833.00,2.97834938E+5,
834.00,2.94896906E+5,
835.00,2.91551469E+5,
836.00,2.88131594E+5,
837.00,2.89704469E+5,
838.00,2.83320875E+5,
839.00,2.84638250E+5,
840.00,2.82102469E+5,
841.00,2.79764969E+5,
842.00,2.77154281E+5,
843.00,2.74952313E+5,
844.00,2.71058125E+5,
845.00,2.68555063E+5,
846.00,2.65564156E+5,
847.00,2.61827016E+5,
848.00,2.59602109E+5,
849.00,2.61658641E+5,
850.00,2.54204219E+5,
851.00,2.55171516E+5,
852.00,2.49715234E+5,
853.00,2.47698484E+5,
854.00,2.44520797E+5,
855.00,2.44602953E+5,
856.00,2.39710641E+5,
857.00,2.37425953E+5,
858.00,2.36884813E+5,
859.00,2.33866609E+5,
860.00,2.29751297E+5,
861.00,2.27854813E+5,
862.00,2.25865469E+5,
863.00,2.23947156E+5,
864.00,2.21467391E+5,
865.00,2.19423734E+5,
866.00,2.14653922E+5,
867.00,2.13216391E+5,
868.00,2.12811766E+5,
869.00,2.08812281E+5,
870.00,2.05928875E+5,
871.00,2.01664047E+5,
872.00,2.02079188E+5,
873.00,2.00269109E+5,
874.00,1.96738781E+5,
875.00,1.95691266E+5,
876.00,1.90376578E+5,
877.00,1.89544813E+5,
878.00,1.87273734E+5,
879.00,1.86696563E+5,
880.00,1.84748703E+5,
881.00,1.80504500E+5,
882.00,1.78942188E+5,
883.00,1.77836828E+5,
884.00,1.73832297E+5,
885.00,1.73044547E+5,
886.00,1.70577406E+5,
887.00,1.68724266E+5,
888.00,1.67390156E+5,
889.00,1.63962125E+5,
890.00,1.62693500E+5,
891.00,1.59264984E+5,
892.00,1.58209016E+5,
893.00,1.54820781E+5,
894.00,1.54751203E+5,
895.00,1.52312078E+5,
896.00,1.49709078E+5,
897.00,1.49441875E+5,
898.00,1.46280281E+5,
899.00,1.45600125E+5,
900.00,1.43225547E+5,
901.00,1.41627750E+5,
902.00,1.38369047E+5,
903.00,1.36506172E+5,
904.00,1.35750359E+5,
905.00,1.34503438E+5,
906.00,1.32514891E+5,
907.00,1.30478570E+5,
908.00,1.29299188E+5,
909.00,1.26847602E+5,
910.00,1.25555508E+5,
911.00,1.24439516E+5,
912.00,1.23099930E+5,
913.00,1.21417156E+5,
914.00,1.19017508E+5,
915.00,1.18400164E+5,
916.00,1.16116203E+5,
917.00,1.15091305E+5,
918.00,1.12971508E+5,
919.00,1.11721805E+5,
920.00,1.10791383E+5,
921.00,1.08848875E+5,
922.00,1.07265844E+5,
923.00,1.05592289E+5,
924.00,1.04833188E+5,
925.00,1.02546008E+5,
926.00,1.01562828E+5,
927.00,1.01265688E+5,
928.00,9.90404609E+4,
929.00,9.67186875E+4,
930.00,9.58426953E+4,
931.00,9.48663438E+4,
932.00,9.30360391E+4,
933.00,9.21486172E+4,
934.00,9.09416484E+4,
935.00,8.99233359E+4,
936.00,8.88296953E+4,
937.00,8.65435625E+4,
938.00,8.54698672E+4,
939.00,8.44069063E+4,
940.00,8.33462734E+4,
941.00,8.13516094E+4,
942.00,8.08596641E+4,
943.00,7.93865000E+4,
944.00,7.80334219E+4,
945.00,7.79843672E+4,
946.00,7.57407969E+4,
947.00,7.50581563E+4,
948.00,7.45355078E+4,
949.00,7.32657969E+4,
950.00,7.18075547E+4,
951.00,7.09799531E+4,
952.00,6.95954141E+4,
953.00,6.92806406E+4,
954.00,6.78421016E+4,
955.00,6.67915469E+4,
956.00,6.63823594E+4,
957.00,6.51229492E+4,
958.00,6.35503633E+4,
959.00,6.27656094E+4,
960.00,6.22215234E+4,
961.00,6.13287070E+4,
962.00,6.00039297E+4,
963.00,5.81602734E+4,
964.00,5.78632344E+4,
965.00,5.72536797E+4,
966.00,5.66375195E+4,
967.00,5.59158125E+4,
968.00,5.49667734E+4,
969.00,5.40951367E+4,
970.00,5.32347852E+4,
971.00,5.27480078E+4,
972.00,5.19556719E+4,
973.00,5.10355117E+4,
974.00,4.98620234E+4,
975.00,4.90951797E+4,
976.00,4.82106055E+4,
977.00,4.73255117E+4,
978.00,4.69653945E+4,
979.00,4.61572500E+4,
980.00,4.58911641E+4,
981.00,4.52271563E+4,
982.00,4.46691367E+4,
983.00,4.38266406E+4,
984.00,4.30565313E+4,
985.00,4.20077109E+4,
986.00,4.15206367E+4,
987.00,4.09498008E+4,
988.00,4.05161680E+4,
989.00,4.00069766E+4,
990.00,3.94435078E+4,
991.00,3.88132266E+4,
992.00,3.84169531E+4,
993.00,3.71289180E+4,
994.00,3.68217500E+4,
995.00,3.64921758E+4,
996.00,3.57767070E+4,
997.00,3.50614453E+4,
998.00,3.46522734E+4,
999.00,3.38524414E+4,
1000.00,3.35286992E+4,
1001.000,3.31653711E+4,
1002.000,3.22157051E+4,
1003.000,3.18994238E+4,
1004.000,3.14336504E+4,
1005.000,3.10432422E+4,
1006.000,3.06610703E+4,
1007.000,2.99632891E+4,
1008.000,2.93704590E+4,
1009.000,2.92765781E+4,
1010.00,2.85995703E+4,
1011.000,2.82822168E+4,
1012.000,2.79869043E+4,
1013.000,2.74165898E+4,
1014.000,2.70578398E+4,
1015.000,2.64850625E+4,
1016.000,2.61731895E+4,
1017.000,2.56338926E+4,
1018.000,2.55295547E+4,
1019.000,2.50313047E+4,
1020.00,2.46486719E+4,
1021.000,2.40893379E+4,
1022.000,2.40294297E+4,
1023.000,2.37085449E+4,
1024.000,2.30424082E+4,
1025.000,2.28974980E+4,
1026.000,2.24339590E+4,
1027.000,2.20398066E+4,
1028.000,2.16487227E+4,
1029.000,2.16822480E+4,
1030.00,2.10039297E+4,
1031.000,2.04977695E+4,
1032.000,2.04974336E+4,
1033.000,2.00929297E+4,
1034.000,1.97059297E+4,
1035.000,1.94968887E+4,
1036.000,1.90513281E+4,
1037.000,1.89725449E+4,
1038.000,1.87325098E+4,
1039.000,1.82659336E+4,
1040.00,1.80488340E+4,
1041.000,1.76685488E+4,
1042.000,1.73540898E+4,
1043.000,1.70426641E+4,
1044.000,1.68846504E+4,
1045.000,1.63622988E+4,
1046.000,1.65439180E+4,
1047.000,1.60142314E+4,
1048.000,1.61177891E+4,
1049.000,1.54182070E+4,
1050.00,1.52002803E+4,
1051.000,1.51004727E+4,
1052.000,1.48850176E+4,
1053.000,1.47008135E+4,
1054.000,1.43508408E+4,
1055.000,1.44609863E+4,
1056.000,1.37797246E+4,
1057.000,1.34716719E+4,
1058.000,1.34896270E+4,
1059.000,1.33318682E+4,
1060.00,1.30835820E+4,
1061.000,1.29290586E+4,
1062.000,1.26615010E+4,
1063.000,1.24304854E+4,
1064.000,1.21483555E+4,
1065.000,1.22288115E+4,
1066.000,1.20334336E+4,
1067.000,1.18132803E+4,
1068.000,1.16492393E+4,
1069.000,1.15414961E+4,
1070.00,1.11259014E+4,
1071.000,1.07965605E+4,
1072.000,1.06450352E+4,
1073.000,1.05284785E+4,
1074.000,1.05714834E+4,
1075.000,1.01322871E+4,
1076.000,1.00697607E+4,
1077.000,1.00989033E+4,
1078.000,9.91898926E+3,
1079.000,9.72903906E+3,
1080.00,9.56394434E+3,
1081.000,9.37077246E+3,
1082.000,9.39970605E+3,
1083.000,9.27005176E+3,
1084.000,9.05476855E+3,
1085.000,8.77622070E+3,
1086.000,8.73124414E+3,
1087.000,8.38164453E+3,
1088.000,8.44427148E+3,
1089.000,8.16866992E+3,
1090.00,8.24498047E+3,
1091.000,7.88913330E+3,
1092.000,7.93397559E+3,
1093.000,7.63552197E+3,
1094.000,7.58442920E+3,
1095.000,7.53563330E+3,
1096.000,7.23768799E+3,
1097.000,7.22214063E+3,
1098.000,7.28498438E+3,
1099.000,7.25607666E+3,
1100.00,6.85512793E+3,
1101.000,6.80326367E+3,
1102.000,6.73288232E+3,
1103.000,6.69739404E+3,
1104.000,6.46002148E+3,
1105.000,6.52075049E+3,
1106.000,6.40580615E+3,
1107.000,6.40403564E+3,
1108.000,6.13826367E+3,
1109.000,5.92371826E+3,
1110.00,5.79520508E+3,
1111.000,5.91253516E+3,
1112.000,5.73047656E+3,
1113.000,5.52137549E+3,
1114.000,5.48540771E+3,
1115.000,5.51572900E+3,
1116.000,5.47312012E+3,
1117.000,5.37270459E+3,
1118.000,5.19306543E+3,
1119.000,5.06118750E+3,
1120.00,4.96568799E+3,
1121.000,4.87879590E+3,
1122.000,4.88894678E+3,
1123.000,4.79291748E+3,
1124.000,4.73092627E+3,
1125.000,4.75048779E+3,
1126.000,4.58847412E+3,
1127.000,4.60362695E+3,
1128.000,4.39542383E+3,
1129.000,4.33659375E+3,
1130.00,4.21686621E+3,
1131.000,4.20274219E+3,
1132.000,4.12910352E+3,
1133.000,4.00766138E+3,
1134.000,3.99709497E+3,
1135.000,3.85137378E+3,
1136.000,4.00375586E+3,
1137.000,3.92743115E+3,
1138.000,3.70747583E+3,
1139.000,3.74989429E+3,
1140.00,3.63142163E+3,
1141.000,3.54338403E+3,
1142.000,3.50939209E+3,
1143.000,3.46293994E+3,
1144.000,3.54646948E+3,
1145.000,3.31303589E+3,
1146.000,3.26372070E+3,
1147.000,3.28736011E+3,
1148.000,3.20607202E+3,
1149.000,3.19627490E+3,
1150.00,3.13507544E+3,
1151.000,3.07299316E+3,
1152.000,3.09750708E+3,
1153.000,2.95528687E+3,
1154.000,2.81496753E+3,
1155.000,2.96728906E+3,
1156.000,2.93878101E+3,
1157.000,2.81929614E+3,
1158.000,2.75945996E+3,
1159.000,2.65285498E+3,
1160.00,2.70428857E+3,
1161.000,2.66033447E+3,
1162.000,2.48933569E+3,
1163.000,2.61225732E+3,
1164.000,2.49804004E+3,
1165.000,2.51391113E+3,
1166.000,2.46981396E+3,
1167.000,2.44333447E+3,
1168.000,2.33556543E+3,
1169.000,2.43619727E+3,
1170.00,2.28672070E+3,
1171.000,2.26879272E+3,
1172.000,2.23772119E+3,
1173.000,2.30550342E+3,
1174.000,2.24160791E+3,
1175.000,2.18625537E+3,
1176.000,2.11141211E+3,
1177.000,2.05718384E+3,
1178.000,2.09541748E+3,
1179.000,1.97363965E+3,
1180.00,1.83623315E+3,
1181.000,1.97744519E+3,
1182.000,1.99343762E+3,
1183.000,1.87665344E+3,
1184.000,1.83322620E+3,
1185.000,1.83216443E+3,
1186.000,1.76246399E+3,
1187.000,1.74087500E+3,
1188.000,1.84995996E+3,
1189.000,1.58212122E+3,
1190.00,1.64287769E+3,
1191.000,1.65491956E+3,
1192.000,1.64648901E+3,
1193.000,1.61182263E+3,
1194.000,1.60885901E+3,
1195.000,1.62307690E+3,
1196.000,1.47775427E+3,
1197.000,1.50600671E+3,
1198.000,1.50115649E+3,
1199.000,1.40424561E+3,
1200.00,1.36262036E+3,
