Labels,0,
Type,Emission Scan,
Comment,,
Start,600.00,
Stop,1200.00,
Step,1.00,
Fixed/Offset,445.00,
Xaxis,Wavelength,
Yaxis,Counts,
Scan Corr. by File,True,
Corr. by Ref. Det.,True,
Fixed/Offset Corr. by File,False,
Repeats,1,
Dwell Time,0.10,
Lamp,Xenon,
Temp,0.00,
Scan Polariser,None,
Scan Slit,2.4999220,
Fixed/Offset Polariser,None,
Fixed/Offset Slit,2.4999950,
Detector,Det2,

600.00,-5.83282837E+2,
601.00,6.50273804E+2,
602.00,7.10036774E+1,
603.00,2.03085648E+2,
604.00,5.76717468E+2,
605.00,-1.80430115E+2,
606.00,-5.51407104E+2,
607.00,-2.63919373E+2,
608.00,1.01792740E+2,
609.00,-2.89772217E+2,
610.00,2.43715042E+2,
611.00,-2.25212128E+2,
612.00,3.18130524E+2,
613.00,6.14100418E+1,
614.00,2.63579956E+2,
615.00,-1.02520923E+3,
616.00,-6.63826233E+2,
617.00,-1.73329132E+2,
618.00,-2.61060242E+2,
619.00,7.77645325E+2,
620.00,-5.81109924E+2,
621.00,-1.11494849E+3,
622.00,-3.09098022E+2,
623.00,-3.68849915E+2,
624.00,-1.14585889E+3,
625.00,-2.14542328E+2,
626.00,5.69491158E+1,
627.00,-5.13366577E+2,
628.00,1.03564308E+2,
629.00,-3.52349976E+2,
630.00,-4.98305359E+2,
631.00,4.30405457E+2,
632.00,4.44188721E+2,
633.00,3.31920807E+2,
634.00,3.05628853E+1,
635.00,9.76708832E+1,
636.00,6.91756104E+2,
637.00,4.06274170E+2,
638.00,3.36474365E+2,
639.00,5.93968384E+2,
640.00,1.14571570E+3,
641.00,1.30562585E+3,
642.00,1.13107983E+3,
643.00,1.26907935E+3,
644.00,1.68071301E+3,
645.00,2.00940100E+3,
646.00,1.83985657E+3,
647.00,1.94846423E+3,
648.00,2.65851782E+3,
649.00,3.23161987E+3,
650.00,2.67163013E+3,
651.00,3.87273730E+3,
652.00,3.25712866E+3,
653.00,4.49035596E+3,
654.00,4.19335986E+3,
655.00,5.56741553E+3,
656.00,5.85433643E+3,
657.00,6.23825684E+3,
658.00,6.24132275E+3,
659.00,7.21875293E+3,
660.00,8.78333496E+3,
661.00,8.50990137E+3,
662.00,9.36060156E+3,
663.00,1.03933154E+4,
664.00,1.23351738E+4,
665.00,1.22948516E+4,
666.00,1.38363936E+4,
667.00,1.44041543E+4,
668.00,1.56419463E+4,
669.00,1.71275098E+4,
670.00,1.74862500E+4,
671.00,1.96703418E+4,
672.00,2.10127031E+4,
673.00,2.26769395E+4,
674.00,2.45744531E+4,
675.00,2.62099414E+4,
676.00,2.92689023E+4,
677.00,3.04616270E+4,
678.00,3.48950039E+4,
679.00,3.70222891E+4,
680.00,3.81976523E+4,
681.00,3.99740703E+4,
682.00,4.40136367E+4,
683.00,4.64201406E+4,
684.00,5.02966836E+4,
685.00,5.34865625E+4,
686.00,5.82749219E+4,
687.00,5.96528984E+4,
688.00,6.42307227E+4,
689.00,6.56441641E+4,
690.00,6.97656875E+4,
691.00,7.82227578E+4,
692.00,8.80463281E+4,
693.00,9.79289375E+4,
694.00,1.03192633E+5,
695.00,1.07566117E+5,
696.00,1.10851547E+5,
697.00,1.15516867E+5,
698.00,1.20456547E+5,
699.00,1.22572992E+5,
700.00,1.27950844E+5,
701.00,1.32466781E+5,
702.00,1.38870547E+5,
703.00,1.45151359E+5,
704.00,1.50056578E+5,
705.00,1.56845297E+5,
706.00,1.65793203E+5,
707.00,1.74590391E+5,
708.00,1.84745328E+5,
709.00,1.92920453E+5,
710.00,1.98517016E+5,
711.00,2.07116250E+5,
712.00,2.17877125E+5,
713.00,2.27042000E+5,
714.00,2.32030078E+5,
715.00,2.38372547E+5,
716.00,2.42075609E+5,
717.00,2.47736563E+5,
718.00,2.56467344E+5,
719.00,2.61740281E+5,
720.00,2.61974328E+5,
721.00,2.67759563E+5,
722.00,2.74955406E+5,
723.00,2.78244094E+5,
724.00,2.86133813E+5,
725.00,2.88687063E+5,
726.00,2.96395938E+5,
727.00,3.04461438E+5,
728.00,3.12223844E+5,
729.00,3.18495188E+5,
730.00,3.18662031E+5,
731.00,3.25015969E+5,
732.00,3.30642781E+5,
733.00,3.33752313E+5,
734.00,3.41802688E+5,
735.00,3.47751781E+5,
736.00,3.48172406E+5,
737.00,3.53916750E+5,
738.00,3.60348688E+5,
739.00,3.63256344E+5,
740.00,3.66459000E+5,
741.00,3.74959438E+5,
742.00,3.79320875E+5,
743.00,3.80105688E+5,
744.00,3.83802313E+5,
745.00,3.89169438E+5,
746.00,3.92375125E+5,
747.00,3.96343406E+5,
748.00,3.97335875E+5,
749.00,4.06620406E+5,
750.00,4.03367156E+5,
751.00,4.11059750E+5,
752.00,4.10527188E+5,
753.00,4.14124344E+5,
754.00,4.15115031E+5,
755.00,4.20189531E+5,
756.00,4.20772406E+5,
757.00,4.30481094E+5,
758.00,4.27920344E+5,
759.00,4.27517219E+5,
760.00,4.26648375E+5,
761.00,4.30450594E+5,
762.00,4.29797281E+5,
763.00,4.28372344E+5,
764.00,4.32843688E+5,
765.00,4.32644531E+5,
766.00,4.34632188E+5,
767.00,4.32804781E+5,
768.00,4.35374906E+5,
769.00,4.35777688E+5,
770.00,4.35411000E+5,
771.00,4.33630531E+5,
772.00,4.36195656E+5,
773.00,4.33351656E+5,
774.00,4.32470688E+5,
775.00,4.33455656E+5,
776.00,4.34790656E+5,
777.00,4.31647313E+5,
778.00,4.29273063E+5,
779.00,4.25401094E+5,
780.00,4.27489594E+5,
781.00,4.31746094E+5,
782.00,4.26090813E+5,
783.00,4.22740813E+5,
784.00,4.25976875E+5,
785.00,4.22676469E+5,
786.00,4.21645500E+5,
787.00,4.15714875E+5,
788.00,4.15448969E+5,
789.00,4.15880906E+5,
790.00,4.12803063E+5,
791.00,4.07062719E+5,
792.00,4.09372656E+5,
793.00,4.06132500E+5,
794.00,4.03376063E+5,
795.00,4.00118000E+5,
796.00,4.01070688E+5,
797.00,3.95120594E+5,
798.00,3.94461656E+5,
799.00,3.92877094E+5,
800.00,3.87985094E+5,
801.00,3.89811688E+5,
802.00,3.82730938E+5,
803.00,3.79124000E+5,
804.00,3.75476375E+5,
805.00,3.73420250E+5,
806.00,3.73111375E+5,
807.00,3.68294250E+5,
808.00,3.64050406E+5,
809.00,3.62963500E+5,
810.00,3.62270563E+5,
811.00,3.59227000E+5,
812.00,3.56236938E+5,
813.00,3.45220531E+5,
814.00,3.45090813E+5,
815.00,3.44528531E+5,
816.00,3.42434406E+5,
817.00,3.39081000E+5,
818.00,3.35673688E+5,
819.00,3.32612844E+5,
820.00,3.29293406E+5,
821.00,3.26120469E+5,
822.00,3.21893063E+5,
823.00,3.20880188E+5,
824.00,3.17006188E+5,
825.00,3.13365625E+5,
826.00,3.08585031E+5,
827.00,3.06622250E+5,
828.00,3.01258438E+5,
829.00,2.98619781E+5,
830.00,2.96027625E+5,
831.00,2.90649188E+5,
832.00,2.88975938E+5,
833.00,2.86472375E+5,
834.00,2.80507906E+5,
835.00,2.79074531E+5,
836.00,2.77000469E+5,
837.00,2.74221813E+5,
838.00,2.70520375E+5,
839.00,2.67589000E+5,
840.00,2.63879094E+5,
841.00,2.62922625E+5,
842.00,2.60432219E+5,
843.00,2.54216000E+5,
844.00,2.51345219E+5,
845.00,2.48535531E+5,
846.00,2.43993750E+5,
847.00,2.43177516E+5,
848.00,2.37844953E+5,
849.00,2.34273141E+5,
850.00,2.34234234E+5,
851.00,2.28984641E+5,
852.00,2.27555609E+5,
853.00,2.25187172E+5,
854.00,2.22505641E+5,
855.00,2.19234219E+5,
856.00,2.16310500E+5,
857.00,2.13402516E+5,
858.00,2.08246609E+5,
859.00,2.09102906E+5,
860.00,2.03941906E+5,
861.00,2.03260656E+5,
862.00,1.98377406E+5,
863.00,1.97108906E+5,
864.00,1.92870828E+5,
865.00,1.91245813E+5,
866.00,1.87780422E+5,
867.00,1.83653016E+5,
868.00,1.81142609E+5,
869.00,1.79200609E+5,
870.00,1.75789422E+5,
871.00,1.74577688E+5,
872.00,1.71598281E+5,
873.00,1.69367906E+5,
874.00,1.65836781E+5,
875.00,1.65217266E+5,
876.00,1.61988375E+5,
877.00,1.59507469E+5,
878.00,1.57101531E+5,
879.00,1.54334906E+5,
880.00,1.53496203E+5,
881.00,1.50783328E+5,
882.00,1.48471203E+5,
883.00,1.44140047E+5,
884.00,1.43285141E+5,
885.00,1.39996688E+5,
886.00,1.38197047E+5,
887.00,1.35767328E+5,
888.00,1.34905844E+5,
889.00,1.32429063E+5,
890.00,1.29765352E+5,
891.00,1.29331195E+5,
892.00,1.25976867E+5,
893.00,1.23814852E+5,
894.00,1.23195203E+5,
895.00,1.21644180E+5,
896.00,1.18017922E+5,
897.00,1.16955961E+5,
898.00,1.14950695E+5,
899.00,1.12551453E+5,
900.00,1.10551477E+5,
901.00,1.10320016E+5,
902.00,1.08714672E+5,
903.00,1.05822969E+5,
904.00,1.04300695E+5,
905.00,1.02147570E+5,
906.00,1.01558594E+5,
907.00,9.89494297E+4,
908.00,9.78769063E+4,
909.00,9.61508047E+4,
910.00,9.52535156E+4,
911.00,9.39753594E+4,
912.00,9.16163516E+4,
913.00,9.08823516E+4,
914.00,8.94234297E+4,
915.00,8.75203672E+4,
916.00,8.76626641E+4,
917.00,8.52042500E+4,
918.00,8.45307266E+4,
919.00,8.21929297E+4,
920.00,8.12973125E+4,
921.00,8.04361953E+4,
922.00,7.82875859E+4,
923.00,7.77578047E+4,
924.00,7.59959766E+4,
925.00,7.47957266E+4,
926.00,7.34493203E+4,
927.00,7.29179922E+4,
928.00,7.14487734E+4,
929.00,7.05909844E+4,
930.00,6.85884844E+4,
931.00,6.76901484E+4,
932.00,6.67892656E+4,
933.00,6.62008984E+4,
934.00,6.44098867E+4,
935.00,6.30970430E+4,
936.00,6.27217070E+4,
937.00,6.17149531E+4,
938.00,6.03836641E+4,
939.00,5.89844844E+4,
940.00,5.86692344E+4,
941.00,5.73791992E+4,
942.00,5.63992461E+4,
943.00,5.54647461E+4,
944.00,5.48285703E+4,
945.00,5.38873359E+4,
946.00,5.26287930E+4,
947.00,5.20301484E+4,
948.00,5.03910273E+4,
949.00,5.01839141E+4,
950.00,4.89071211E+4,
951.00,4.81100820E+4,
952.00,4.80034727E+4,
953.00,4.70960039E+4,
954.00,4.63299453E+4,
955.00,4.52527617E+4,
956.00,4.44116602E+4,
957.00,4.37480469E+4,
958.00,4.28543828E+4,
959.00,4.20525273E+4,
960.00,4.18501680E+4,
961.00,4.11361797E+4,
962.00,4.03647930E+4,
963.00,3.96755547E+4,
964.00,3.87679453E+4,
965.00,3.79179883E+4,
966.00,3.68573867E+4,
967.00,3.65434961E+4,
968.00,3.56001563E+4,
969.00,3.54715859E+4,
970.00,3.47337656E+4,
971.00,3.42128867E+4,
972.00,3.35810898E+4,
973.00,3.27900938E+4,
974.00,3.21248691E+4,
975.00,3.15316895E+4,
976.00,3.12664180E+4,
977.00,3.04495801E+4,
978.00,3.02819355E+4,
979.00,2.96520215E+4,
980.00,2.90144395E+4,
981.00,2.84577891E+4,
982.00,2.77333965E+4,
983.00,2.71265684E+4,
984.00,2.72038477E+4,
985.00,2.66633203E+4,
986.00,2.59200918E+4,
987.00,2.56241445E+4,
988.00,2.51362695E+4,
989.00,2.44515313E+4,
990.00,2.41825391E+4,
991.00,2.39028809E+4,
992.00,2.34513086E+4,
993.00,2.31804180E+4,
994.00,2.26324551E+4,
995.00,2.22486641E+4,
996.00,2.14977285E+4,
997.00,2.13517266E+4,
998.00,2.11355586E+4,
999.00,2.07850352E+4,
1000.00,2.04023867E+4,
1001.000,1.96850078E+4,
1002.000,1.96482285E+4,
1003.000,1.94029941E+4,
1004.000,1.85175273E+4,
1005.000,1.84440840E+4,
1006.000,1.83621641E+4,
1007.000,1.79802617E+4,
1008.000,1.79449180E+4,
1009.000,1.72943516E+4,
1010.00,1.67715742E+4,
1011.000,1.69063027E+4,
1012.000,1.63005068E+4,
1013.000,1.64324102E+4,
1014.000,1.59302549E+4,
1015.000,1.54265732E+4,
1016.000,1.53623643E+4,
1017.000,1.51564355E+4,
1018.000,1.47302734E+4,
1019.000,1.46720283E+4,
1020.00,1.42491914E+4,
1021.000,1.38970469E+4,
1022.000,1.37143057E+4,
1023.000,1.35383008E+4,
1024.000,1.32358018E+4,
1025.000,1.30679307E+4,
1026.000,1.28243818E+4,
1027.000,1.26764844E+4,
1028.000,1.24571641E+4,
1029.000,1.20931211E+4,
1030.00,1.20362588E+4,
1031.000,1.18909189E+4,
1032.000,1.16942227E+4,
1033.000,1.12571084E+4,
1034.000,1.09334072E+4,
1035.000,1.08676221E+4,
1036.000,1.08922637E+4,
1037.000,1.06572656E+4,
1038.000,1.04793506E+4,
1039.000,1.02216172E+4,
1040.00,1.01926934E+4,
1041.000,9.64305566E+3,
1042.000,9.54093750E+3,
1043.000,9.43002734E+3,
1044.000,9.29325391E+3,
1045.000,9.20669336E+3,
1046.000,8.98519043E+3,
1047.000,8.84739941E+3,
1048.000,8.64121094E+3,
1049.000,8.58906836E+3,
1050.00,8.33303809E+3,
1051.000,8.22383398E+3,
1052.000,8.05135840E+3,
1053.000,8.15259766E+3,
1054.000,7.96083594E+3,
1055.000,7.67990039E+3,
1056.000,7.45108154E+3,
1057.000,7.22828271E+3,
1058.000,7.24346387E+3,
1059.000,7.05126074E+3,
1060.00,7.11240186E+3,
1061.000,7.04257910E+3,
1062.000,6.73142969E+3,
1063.000,6.66644629E+3,
1064.000,6.55471631E+3,
1065.000,6.41216406E+3,
1066.000,6.65166553E+3,
1067.000,6.25316455E+3,
1068.000,6.10141943E+3,
1069.000,6.01105811E+3,
1070.00,5.78647607E+3,
1071.000,5.69463672E+3,
1072.000,5.71649316E+3,
1073.000,5.46900195E+3,
1074.000,5.41577246E+3,
1075.000,5.41755127E+3,
1076.000,5.25014111E+3,
1077.000,5.11985400E+3,
1078.000,4.92879346E+3,
1079.000,4.86924902E+3,
1080.00,4.92105908E+3,
1081.000,4.91298975E+3,
1082.000,4.68965234E+3,
1083.000,4.65414844E+3,
1084.000,4.58438428E+3,
1085.000,4.50276709E+3,
1086.000,4.54996631E+3,
1087.000,4.38260889E+3,
1088.000,4.22247607E+3,
1089.000,4.14919141E+3,
1090.00,4.03959814E+3,
1091.000,4.02659912E+3,
1092.000,4.08863379E+3,
1093.000,3.83284448E+3,
1094.000,3.91067334E+3,
1095.000,3.69667212E+3,
1096.000,3.72229492E+3,
1097.000,3.57493506E+3,
1098.000,3.64278711E+3,
1099.000,3.56511279E+3,
1100.00,3.49342407E+3,
1101.000,3.19736377E+3,
1102.000,3.36697192E+3,
1103.000,3.21788330E+3,
1104.000,3.06607837E+3,
1105.000,3.03016357E+3,
1106.000,3.14261182E+3,
1107.000,3.17491699E+3,
1108.000,2.96347314E+3,
1109.000,2.84115015E+3,
1110.00,2.85095654E+3,
1111.000,2.75793945E+3,
1112.000,2.79912354E+3,
1113.000,2.56980713E+3,
1114.000,2.70498193E+3,
1115.000,2.53277441E+3,
1116.000,2.59627661E+3,
1117.000,2.61068164E+3,
1118.000,2.41993823E+3,
1119.000,2.46068042E+3,
1120.00,2.28844897E+3,
1121.000,2.30453418E+3,
1122.000,2.26028735E+3,
1123.000,2.24611548E+3,
1124.000,2.21507300E+3,
1125.000,2.16869482E+3,
1126.000,2.14528711E+3,
1127.000,2.05436743E+3,
1128.000,2.02167078E+3,
1129.000,1.93858740E+3,
1130.00,1.93966577E+3,
1131.000,1.97264636E+3,
1132.000,1.91715234E+3,
1133.000,1.76705786E+3,
1134.000,1.79358215E+3,
1135.000,1.78841125E+3,
1136.000,1.67361963E+3,
1137.000,1.70595288E+3,
1138.000,1.63329089E+3,
1139.000,1.67008875E+3,
1140.00,1.48364673E+3,
1141.000,1.57655847E+3,
1142.000,1.56539343E+3,
1143.000,1.47333594E+3,
1144.000,1.51248560E+3,
1145.000,1.52291711E+3,
1146.000,1.43224707E+3,
1147.000,1.56728540E+3,
1148.000,1.31790344E+3,
1149.000,1.44258972E+3,
1150.00,1.26710217E+3,
1151.000,1.31880835E+3,
1152.000,1.29393909E+3,
1153.000,1.23005481E+3,
1154.000,1.26244482E+3,
1155.000,1.19654150E+3,
1156.000,1.21542590E+3,
1157.000,1.28967957E+3,
1158.000,1.06270984E+3,
1159.000,1.12604260E+3,
1160.00,1.07924792E+3,
1161.000,9.75654907E+2,
1162.000,1.07637366E+3,
1163.000,1.09338403E+3,
1164.000,1.00331122E+3,
1165.000,1.17180188E+3,
1166.000,9.86745667E+2,
1167.000,9.07949219E+2,
1168.000,9.79091248E+2,
1169.000,9.90091431E+2,
1170.00,8.41857544E+2,
1171.000,9.69073181E+2,
1172.000,9.04739807E+2,
1173.000,8.39397400E+2,
1174.000,9.31309631E+2,
1175.000,8.08834534E+2,
1176.000,7.95879272E+2,
1177.000,8.41034607E+2,
1178.000,8.01298645E+2,
1179.000,7.22545227E+2,
1180.00,7.56828857E+2,
1181.000,8.05042542E+2,
1182.000,8.17817200E+2,
1183.000,7.16909912E+2,
1184.000,8.22564758E+2,
1185.000,6.45989624E+2,
1186.000,6.83912109E+2,
1187.000,7.25483948E+2,
1188.000,6.77262695E+2,
1189.000,6.47301636E+2,
1190.00,6.27582336E+2,
1191.000,6.86441650E+2,
1192.000,6.77000000E+2,
1193.000,5.80155640E+2,
1194.000,6.13168579E+2,
1195.000,5.96561646E+2,
1196.000,4.20588593E+2,
1197.000,5.34907410E+2,
1198.000,5.51335632E+2,
1199.000,5.36733948E+2,
1200.00,4.31408966E+2,
