Labels,200,
Type,Emission Scan,
Comment,,
Start,600.00,
Stop,1200.00,
Step,1.00,
Fixed/Offset,445.00,
Xaxis,Wavelength,
Yaxis,Counts,
Scan Corr. by File,True,
Corr. by Ref. Det.,True,
Fixed/Offset Corr. by File,False,
Repeats,1,
Dwell Time,0.10,
Lamp,Xenon,
Temp,0.00,
Scan Polariser,None,
Scan Slit,3.00,
Fixed/Offset Polariser,None,
Fixed/Offset Slit,3.00,
Detector,Det2,

600.00,4.95375885E+2,
601.00,-2.26316166E+1,
602.00,2.90869202E+2,
603.00,6.10456657E+1,
604.00,3.27013092E+2,
605.00,1.82246017E+2,
606.00,-2.10945511E+1,
607.00,-5.59743958E+2,
608.00,7.95405518E+2,
609.00,3.01889343E+2,
610.00,-1.53170795E+1,
611.00,2.45213364E+2,
612.00,-7.34639130E+1,
613.00,6.51629944E+2,
614.00,2.77577484E+2,
615.00,1.31733551E+2,
616.00,1.84428207E+2,
617.00,6.86212769E+1,
618.00,7.78398438E+2,
619.00,9.74136810E+1,
620.00,1.20938818E+3,
621.00,4.87164490E+2,
622.00,2.31609985E+2,
623.00,4.13501862E+2,
624.00,4.39389801E+2,
625.00,8.79904785E+2,
626.00,5.14748657E+2,
627.00,1.12401672E+3,
628.00,7.31665527E+2,
629.00,5.30556152E+2,
630.00,1.22998328E+3,
631.00,9.75780457E+2,
632.00,1.13444006E+3,
633.00,1.12588892E+3,
634.00,1.12060071E+3,
635.00,1.37464050E+3,
636.00,1.87833533E+3,
637.00,1.25959448E+3,
638.00,1.64516711E+3,
639.00,1.68669324E+3,
640.00,2.04617322E+3,
641.00,1.90504004E+3,
642.00,2.51650659E+3,
643.00,2.13890820E+3,
644.00,2.65958765E+3,
645.00,2.63652222E+3,
646.00,2.92260474E+3,
647.00,3.24512183E+3,
648.00,3.58546362E+3,
649.00,3.56242969E+3,
650.00,3.99714355E+3,
651.00,3.77242993E+3,
652.00,4.23701074E+3,
653.00,3.94260376E+3,
654.00,4.37394287E+3,
655.00,4.53866260E+3,
656.00,5.68657031E+3,
657.00,5.35422803E+3,
658.00,5.78764160E+3,
659.00,6.20681201E+3,
660.00,6.71884131E+3,
661.00,7.05072119E+3,
662.00,7.26511230E+3,
663.00,7.54864746E+3,
664.00,8.75769141E+3,
665.00,8.36556738E+3,
666.00,9.18160840E+3,
667.00,9.50689648E+3,
668.00,9.57902637E+3,
669.00,1.05097324E+4,
670.00,1.06271094E+4,
671.00,1.15532100E+4,
672.00,1.20590811E+4,
673.00,1.24522305E+4,
674.00,1.31279170E+4,
675.00,1.41854004E+4,
676.00,1.48987129E+4,
677.00,1.46028633E+4,
678.00,1.62054131E+4,
679.00,1.73036426E+4,
680.00,1.76816328E+4,
681.00,1.90911680E+4,
682.00,1.95605098E+4,
683.00,2.10798984E+4,
684.00,2.18972852E+4,
685.00,2.28936602E+4,
686.00,2.39700684E+4,
687.00,2.63015371E+4,
688.00,2.59107402E+4,
689.00,2.69411680E+4,
690.00,2.86318691E+4,
691.00,3.01839316E+4,
692.00,3.17427480E+4,
693.00,3.26967676E+4,
694.00,3.52214492E+4,
695.00,3.57660977E+4,
696.00,3.74708086E+4,
697.00,3.81217031E+4,
698.00,4.01721055E+4,
699.00,4.15837617E+4,
700.00,4.24389727E+4,
701.00,4.44587227E+4,
702.00,4.70771719E+4,
703.00,4.81246875E+4,
704.00,4.97871992E+4,
705.00,5.05235625E+4,
706.00,5.20334648E+4,
707.00,5.36928008E+4,
708.00,5.57952344E+4,
709.00,5.68719688E+4,
710.00,5.80580820E+4,
711.00,6.03366523E+4,
712.00,6.29869336E+4,
713.00,6.42063711E+4,
714.00,6.63541094E+4,
715.00,6.87377813E+4,
716.00,7.08441719E+4,
717.00,7.22146094E+4,
718.00,7.38953438E+4,
719.00,7.50923672E+4,
720.00,7.71998281E+4,
721.00,7.78630781E+4,
722.00,7.97482734E+4,
723.00,8.18851250E+4,
724.00,8.15260156E+4,
725.00,8.43988906E+4,
726.00,8.52287656E+4,
727.00,8.68857344E+4,
728.00,8.81841172E+4,
729.00,9.01250938E+4,
730.00,9.14743828E+4,
731.00,9.21702813E+4,
732.00,9.30831484E+4,
733.00,9.33602500E+4,
734.00,9.51013594E+4,
735.00,9.76246328E+4,
736.00,9.82961563E+4,
737.00,9.81290469E+4,
738.00,1.00515844E+5,
739.00,1.02775109E+5,
740.00,1.05505734E+5,
741.00,1.06943734E+5,
742.00,1.07391773E+5,
743.00,1.07525766E+5,
744.00,1.09752094E+5,
745.00,1.08841188E+5,
746.00,1.11110641E+5,
747.00,1.11997227E+5,
748.00,1.14403336E+5,
749.00,1.14347375E+5,
750.00,1.17041891E+5,
751.00,1.17451898E+5,
752.00,1.17816055E+5,
753.00,1.20094344E+5,
754.00,1.20732844E+5,
755.00,1.21131445E+5,
756.00,1.23853914E+5,
757.00,1.22872422E+5,
758.00,1.25084758E+5,
759.00,1.23155258E+5,
760.00,1.25823031E+5,
761.00,1.25082281E+5,
762.00,1.26486297E+5,
763.00,1.27614352E+5,
764.00,1.29202055E+5,
765.00,1.29726672E+5,
766.00,1.29566188E+5,
767.00,1.30710820E+5,
768.00,1.32697219E+5,
769.00,1.34088672E+5,
770.00,1.33123813E+5,
771.00,1.34309313E+5,
772.00,1.34559078E+5,
773.00,1.36763484E+5,
774.00,1.34678438E+5,
775.00,1.36283813E+5,
776.00,1.36827281E+5,
777.00,1.35521953E+5,
778.00,1.38697656E+5,
779.00,1.37607969E+5,
780.00,1.38049969E+5,
781.00,1.37983047E+5,
782.00,1.39408828E+5,
783.00,1.38173625E+5,
784.00,1.40007156E+5,
785.00,1.38027484E+5,
786.00,1.38730406E+5,
787.00,1.38297484E+5,
788.00,1.39418438E+5,
789.00,1.37506953E+5,
790.00,1.37576188E+5,
791.00,1.38307891E+5,
792.00,1.38044219E+5,
793.00,1.38391922E+5,
794.00,1.38206344E+5,
795.00,1.37576453E+5,
796.00,1.36054344E+5,
797.00,1.35371859E+5,
798.00,1.37487984E+5,
799.00,1.36831422E+5,
800.00,1.39272359E+5,
801.00,1.36980547E+5,
802.00,1.36555281E+5,
803.00,1.37157406E+5,
804.00,1.36331688E+5,
805.00,1.34102938E+5,
806.00,1.35085484E+5,
807.00,1.34813594E+5,
808.00,1.33529969E+5,
809.00,1.33193281E+5,
810.00,1.32928422E+5,
811.00,1.32863891E+5,
812.00,1.31073625E+5,
813.00,1.30443508E+5,
814.00,1.29409281E+5,
815.00,1.29849609E+5,
816.00,1.29493625E+5,
817.00,1.28186164E+5,
818.00,1.27617164E+5,
819.00,1.27141766E+5,
820.00,1.27434328E+5,
821.00,1.25321117E+5,
822.00,1.25524578E+5,
823.00,1.26030188E+5,
824.00,1.23794445E+5,
825.00,1.21809031E+5,
826.00,1.21970570E+5,
827.00,1.22071289E+5,
828.00,1.19927148E+5,
829.00,1.20292672E+5,
830.00,1.19732953E+5,
831.00,1.18580242E+5,
832.00,1.18941164E+5,
833.00,1.15743891E+5,
834.00,1.15847336E+5,
835.00,1.15109031E+5,
836.00,1.14808656E+5,
837.00,1.13955797E+5,
838.00,1.12718352E+5,
839.00,1.11267875E+5,
840.00,1.11106570E+5,
841.00,1.10180594E+5,
842.00,1.09974734E+5,
843.00,1.08832047E+5,
844.00,1.07028016E+5,
845.00,1.07397047E+5,
846.00,1.05883555E+5,
847.00,1.03981461E+5,
848.00,1.04004367E+5,
849.00,1.02799867E+5,
850.00,1.01597844E+5,
851.00,1.01273711E+5,
852.00,1.00673719E+5,
853.00,9.95195000E+4,
854.00,9.86576328E+4,
855.00,9.81401797E+4,
856.00,9.75023125E+4,
857.00,9.63336875E+4,
858.00,9.53261797E+4,
859.00,9.46776797E+4,
860.00,9.29635547E+4,
861.00,9.27211094E+4,
862.00,9.16978125E+4,
863.00,9.13495391E+4,
864.00,9.04883438E+4,
865.00,8.91104531E+4,
866.00,8.80803672E+4,
867.00,8.77887891E+4,
868.00,8.66524531E+4,
869.00,8.58881953E+4,
870.00,8.48195469E+4,
871.00,8.30641016E+4,
872.00,8.34444922E+4,
873.00,8.25949219E+4,
874.00,8.12852578E+4,
875.00,8.04284375E+4,
876.00,7.94450781E+4,
877.00,7.80719063E+4,
878.00,7.83716094E+4,
879.00,7.56892500E+4,
880.00,7.58118047E+4,
881.00,7.55027734E+4,
882.00,7.44056641E+4,
883.00,7.36075234E+4,
884.00,7.26531719E+4,
885.00,7.14357344E+4,
886.00,7.01160234E+4,
887.00,7.03834688E+4,
888.00,6.94063281E+4,
889.00,6.83332109E+4,
890.00,6.79667734E+4,
891.00,6.70157266E+4,
892.00,6.65259141E+4,
893.00,6.51025391E+4,
894.00,6.41989063E+4,
895.00,6.43677266E+4,
896.00,6.33541172E+4,
897.00,6.33452383E+4,
898.00,6.21838555E+4,
899.00,6.20218633E+4,
900.00,6.02550430E+4,
901.00,6.03875664E+4,
902.00,5.95132813E+4,
903.00,5.86634883E+4,
904.00,5.80392461E+4,
905.00,5.76751641E+4,
906.00,5.66122461E+4,
907.00,5.60757148E+4,
908.00,5.55191563E+4,
909.00,5.44744805E+4,
910.00,5.40192617E+4,
911.00,5.34952734E+4,
912.00,5.30767266E+4,
913.00,5.27668555E+4,
914.00,5.15744922E+4,
915.00,5.16663555E+4,
916.00,5.03440938E+4,
917.00,4.96220430E+4,
918.00,4.93295156E+4,
919.00,4.82673750E+4,
920.00,4.82481445E+4,
921.00,4.70877969E+4,
922.00,4.71918086E+4,
923.00,4.68467539E+4,
924.00,4.59279023E+4,
925.00,4.53355859E+4,
926.00,4.44285898E+4,
927.00,4.43253633E+4,
928.00,4.35597461E+4,
929.00,4.28131758E+4,
930.00,4.28398789E+4,
931.00,4.15333867E+4,
932.00,4.16835703E+4,
933.00,4.10949063E+4,
934.00,4.07214766E+4,
935.00,4.00471797E+4,
936.00,3.95170430E+4,
937.00,3.93234648E+4,
938.00,3.86253125E+4,
939.00,3.83597656E+4,
940.00,3.73459258E+4,
941.00,3.67349688E+4,
942.00,3.66117930E+4,
943.00,3.60332813E+4,
944.00,3.56408203E+4,
945.00,3.50980508E+4,
946.00,3.48280820E+4,
947.00,3.40638203E+4,
948.00,3.33763359E+4,
949.00,3.32391875E+4,
950.00,3.30157305E+4,
951.00,3.27939531E+4,
952.00,3.16823984E+4,
953.00,3.15670938E+4,
954.00,3.13252754E+4,
955.00,3.10492422E+4,
956.00,3.04185586E+4,
957.00,2.99783242E+4,
958.00,2.96930898E+4,
959.00,2.93236719E+4,
960.00,2.88844922E+4,
961.00,2.81944941E+4,
962.00,2.79184219E+4,
963.00,2.75428906E+4,
964.00,2.73149922E+4,
965.00,2.68211230E+4,
966.00,2.66397070E+4,
967.00,2.63810000E+4,
968.00,2.57669277E+4,
969.00,2.57199238E+4,
970.00,2.55120000E+4,
971.00,2.52009258E+4,
972.00,2.49485078E+4,
973.00,2.47281777E+4,
974.00,2.43416035E+4,
975.00,2.36116211E+4,
976.00,2.39164395E+4,
977.00,2.34808379E+4,
978.00,2.32091504E+4,
979.00,2.26396660E+4,
980.00,2.24767832E+4,
981.00,2.24377070E+4,
982.00,2.18492441E+4,
983.00,2.16123965E+4,
984.00,2.15151719E+4,
985.00,2.11448359E+4,
986.00,2.09193926E+4,
987.00,2.03925313E+4,
988.00,2.00549941E+4,
989.00,1.97969707E+4,
990.00,1.94928477E+4,
991.00,1.95742207E+4,
992.00,1.90888301E+4,
993.00,1.90857813E+4,
994.00,1.87194746E+4,
995.00,1.84990723E+4,
996.00,1.82627695E+4,
997.00,1.77681191E+4,
998.00,1.75431406E+4,
999.00,1.72058105E+4,
1000.00,1.70691035E+4,
1001.000,1.70511504E+4,
1002.000,1.66170215E+4,
1003.000,1.63917988E+4,
1004.000,1.64000586E+4,
1005.000,1.59580273E+4,
1006.000,1.56935371E+4,
1007.000,1.55728242E+4,
1008.000,1.54374648E+4,
1009.000,1.50715381E+4,
1010.00,1.46069189E+4,
1011.000,1.45141641E+4,
1012.000,1.44191758E+4,
1013.000,1.42855342E+4,
1014.000,1.40355781E+4,
1015.000,1.37903008E+4,
1016.000,1.37524834E+4,
1017.000,1.34718633E+4,
1018.000,1.34540625E+4,
1019.000,1.31175693E+4,
1020.00,1.29963408E+4,
1021.000,1.28054805E+4,
1022.000,1.25806465E+4,
1023.000,1.23358525E+4,
1024.000,1.22711436E+4,
1025.000,1.20496025E+4,
1026.000,1.21076533E+4,
1027.000,1.17069072E+4,
1028.000,1.16850879E+4,
1029.000,1.15659053E+4,
1030.00,1.12544063E+4,
1031.000,1.11101504E+4,
1032.000,1.10765342E+4,
1033.000,1.09009414E+4,
1034.000,1.08257598E+4,
1035.000,1.05201709E+4,
1036.000,1.01883584E+4,
1037.000,1.03497471E+4,
1038.000,1.01427764E+4,
1039.000,9.95817188E+3,
1040.00,9.63580469E+3,
1041.000,9.71731641E+3,
1042.000,9.51420313E+3,
1043.000,9.36036719E+3,
1044.000,9.34734961E+3,
1045.000,9.22742383E+3,
1046.000,9.13863379E+3,
1047.000,8.81208691E+3,
1048.000,8.84028223E+3,
1049.000,8.55135840E+3,
1050.00,8.66500879E+3,
1051.000,8.54207129E+3,
1052.000,8.38541309E+3,
1053.000,8.10893115E+3,
1054.000,8.20048633E+3,
1055.000,7.88447656E+3,
1056.000,7.87559912E+3,
1057.000,7.96776367E+3,
1058.000,7.64504443E+3,
1059.000,7.56335791E+3,
1060.00,7.28046582E+3,
1061.000,7.41048389E+3,
1062.000,7.32069385E+3,
1063.000,7.05797705E+3,
1064.000,7.09898975E+3,
1065.000,7.00983545E+3,
1066.000,6.79598633E+3,
1067.000,6.76047461E+3,
1068.000,6.63656250E+3,
1069.000,6.57234766E+3,
1070.00,6.48199316E+3,
1071.000,6.54470020E+3,
1072.000,6.36671680E+3,
1073.000,6.26593750E+3,
1074.000,6.24077979E+3,
1075.000,5.99038818E+3,
1076.000,5.93658594E+3,
1077.000,5.82803223E+3,
1078.000,5.78535596E+3,
1079.000,5.62332275E+3,
1080.00,5.62190381E+3,
1081.000,5.36631006E+3,
1082.000,5.33258984E+3,
1083.000,5.35241748E+3,
1084.000,5.27976660E+3,
1085.000,5.27380811E+3,
1086.000,5.27404004E+3,
1087.000,4.99330273E+3,
1088.000,5.04869482E+3,
1089.000,4.83614355E+3,
1090.00,4.89925146E+3,
1091.000,4.75338330E+3,
1092.000,4.85153662E+3,
1093.000,4.73327490E+3,
1094.000,4.56792627E+3,
1095.000,4.58063965E+3,
1096.000,4.46482568E+3,
1097.000,4.38255859E+3,
1098.000,4.29168555E+3,
1099.000,4.37377002E+3,
1100.00,4.23786377E+3,
1101.000,4.11145996E+3,
1102.000,4.18035645E+3,
1103.000,4.00808594E+3,
1104.000,3.98934155E+3,
1105.000,3.93720630E+3,
1106.000,3.92892554E+3,
1107.000,3.82177393E+3,
1108.000,3.83607373E+3,
1109.000,3.76751245E+3,
1110.00,3.71550269E+3,
1111.000,3.69980859E+3,
1112.000,3.47729834E+3,
1113.000,3.54178320E+3,
1114.000,3.61586743E+3,
1115.000,3.48475195E+3,
1116.000,3.41765625E+3,
1117.000,3.37564185E+3,
1118.000,3.34745776E+3,
1119.000,3.38835107E+3,
1120.00,3.20571484E+3,
1121.000,3.18578247E+3,
1122.000,3.02986230E+3,
1123.000,3.14668506E+3,
1124.000,3.09891821E+3,
1125.000,2.97884912E+3,
1126.000,2.88697192E+3,
1127.000,3.00452075E+3,
1128.000,2.91296387E+3,
1129.000,2.84842847E+3,
1130.00,2.76874976E+3,
1131.000,2.74564600E+3,
1132.000,2.69007935E+3,
1133.000,2.67795410E+3,
1134.000,2.70907886E+3,
1135.000,2.70035449E+3,
1136.000,2.56384497E+3,
1137.000,2.63353931E+3,
1138.000,2.48408423E+3,
1139.000,2.58219141E+3,
1140.00,2.45159473E+3,
1141.000,2.41173657E+3,
1142.000,2.36762207E+3,
1143.000,2.35705225E+3,
1144.000,2.23020093E+3,
1145.000,2.29922876E+3,
1146.000,2.25396484E+3,
1147.000,2.19826318E+3,
1148.000,2.16111499E+3,
1149.000,2.19604956E+3,
1150.00,2.11167358E+3,
1151.000,2.09064355E+3,
1152.000,2.05279761E+3,
1153.000,2.01726001E+3,
1154.000,2.03907739E+3,
1155.000,2.08829199E+3,
1156.000,1.90539343E+3,
1157.000,2.00654395E+3,
1158.000,1.89174109E+3,
1159.000,1.84607190E+3,
1160.00,1.90624854E+3,
1161.000,1.85320752E+3,
1162.000,1.80771912E+3,
1163.000,1.79613391E+3,
1164.000,1.76747339E+3,
1165.000,1.77344299E+3,
1166.000,1.72313623E+3,
1167.000,1.66307690E+3,
1168.000,1.68248499E+3,
1169.000,1.70394641E+3,
1170.00,1.63125122E+3,
1171.000,1.63175159E+3,
1172.000,1.62499219E+3,
1173.000,1.65861499E+3,
1174.000,1.60733838E+3,
1175.000,1.48224146E+3,
1176.000,1.53817126E+3,
1177.000,1.47891089E+3,
1178.000,1.50988867E+3,
1179.000,1.44388318E+3,
1180.00,1.44252295E+3,
1181.000,1.45869666E+3,
1182.000,1.43692126E+3,
1183.000,1.41752063E+3,
1184.000,1.37869812E+3,
1185.000,1.33734375E+3,
1186.000,1.33837402E+3,
1187.000,1.34451563E+3,
1188.000,1.32614697E+3,
1189.000,1.32669946E+3,
1190.00,1.30670129E+3,
1191.000,1.34550903E+3,
1192.000,1.25138464E+3,
1193.000,1.24806360E+3,
1194.000,1.17798950E+3,
1195.000,1.20823914E+3,
1196.000,1.26244055E+3,
1197.000,1.13381531E+3,
1198.000,1.06875427E+3,
1199.000,1.17957349E+3,
1200.00,1.12055750E+3,
