Labels,200,
Type,Emission Scan,
Comment,,
Start,600.00,
Stop,1650.00,
Step,1.00,
Fixed/Offset,455.00,
Xaxis,Wavelength,
Yaxis,Counts,
Scan Corr. by File,True,
Corr. by Ref. Det.,True,
Fixed/Offset Corr. by File,False,
Repeats,1,
Dwell Time,0.10,
Lamp,Xenon,
Temp,0.00,
Scan Polariser,None,
Scan Slit,5.00,
Fixed/Offset Polariser,None,
Fixed/Offset Slit,5.00,
Detector,Det2,

600.00,1.51274185E+1,
601.00,-2.22646988E+2,
602.00,6.78295135E+1,
603.00,1.45804367E+2,
604.00,1.70725082E+2,
605.00,-1.41180410E+1,
606.00,5.56114082E+1,
607.00,1.46707016E+2,
608.00,7.58065491E+1,
609.00,-6.38420410E+1,
610.00,2.49669189E+2,
611.00,-3.01689301E+1,
612.00,1.40177719E+2,
613.00,2.66281891E+2,
614.00,1.35011200E+2,
615.00,1.67570343E+2,
616.00,1.09158142E+2,
617.00,2.04256775E+2,
618.00,2.27802307E+2,
619.00,5.18332214E+1,
620.00,6.14310417E+1,
621.00,1.62607071E+2,
622.00,-1.12095695E+2,
623.00,-3.02734737E+1,
624.00,1.84947067E+2,
625.00,1.61934708E+2,
626.00,1.84593613E+2,
627.00,1.00251015E+2,
628.00,3.80634499E+1,
629.00,1.62556137E+2,
630.00,1.00883560E+2,
631.00,-4.94077835E+1,
632.00,1.58619247E+2,
633.00,1.64572037E+2,
634.00,1.61341965E+2,
635.00,-4.32749977E+1,
636.00,1.03396339E+2,
637.00,4.23763466E+1,
638.00,1.51790253E+2,
639.00,1.67912598E+2,
640.00,9.52687759E+1,
641.00,1.57649261E+2,
642.00,1.21921669E+2,
643.00,2.59955444E+2,
644.00,1.32984497E+2,
645.00,1.82407883E+2,
646.00,5.83794937E+1,
647.00,1.63595352E+2,
648.00,1.84591415E+2,
649.00,2.20091446E+2,
650.00,1.98277115E+2,
651.00,2.15589127E+2,
652.00,3.06396790E+2,
653.00,1.07616600E+2,
654.00,2.44489578E+2,
655.00,2.65965790E+2,
656.00,3.14539063E+2,
657.00,1.93621078E+2,
658.00,3.05317169E+2,
659.00,3.38543823E+2,
660.00,3.18460754E+2,
661.00,3.98767029E+2,
662.00,4.71988037E+2,
663.00,3.42147705E+2,
664.00,4.53585327E+2,
665.00,4.20850189E+2,
666.00,4.44849670E+2,
667.00,6.02967163E+2,
668.00,6.22086609E+2,
669.00,5.78379089E+2,
670.00,7.01815613E+2,
671.00,6.77455811E+2,
672.00,5.60983154E+2,
673.00,6.92073486E+2,
674.00,6.84158813E+2,
675.00,7.86379150E+2,
676.00,8.07831482E+2,
677.00,8.98589111E+2,
678.00,8.59933716E+2,
679.00,8.75703552E+2,
680.00,1.09730542E+3,
681.00,1.23619507E+3,
682.00,1.13176941E+3,
683.00,1.13947363E+3,
684.00,1.13848413E+3,
685.00,1.37203687E+3,
686.00,1.42108618E+3,
687.00,1.44311670E+3,
688.00,1.41751318E+3,
689.00,1.64033545E+3,
690.00,1.72730164E+3,
691.00,1.70574561E+3,
692.00,1.94303406E+3,
693.00,1.67641492E+3,
694.00,1.75781836E+3,
695.00,2.22593652E+3,
696.00,2.13907007E+3,
697.00,2.50602344E+3,
698.00,2.47099463E+3,
699.00,2.68373511E+3,
700.00,2.65782349E+3,
701.00,2.90336035E+3,
702.00,2.98358472E+3,
703.00,3.24139453E+3,
704.00,3.18654297E+3,
705.00,3.66226758E+3,
706.00,3.32406738E+3,
707.00,3.81353467E+3,
708.00,3.83667822E+3,
709.00,3.93896216E+3,
710.00,4.08169360E+3,
711.00,4.06158838E+3,
712.00,4.43272803E+3,
713.00,4.54374365E+3,
714.00,4.68073877E+3,
715.00,4.59523193E+3,
716.00,5.03195117E+3,
717.00,5.35363477E+3,
718.00,5.49107959E+3,
719.00,5.41343359E+3,
720.00,5.82618604E+3,
721.00,5.86492725E+3,
722.00,6.16405469E+3,
723.00,6.30144385E+3,
724.00,6.54815674E+3,
725.00,6.80183789E+3,
726.00,6.86713379E+3,
727.00,7.21400195E+3,
728.00,7.41156055E+3,
729.00,7.33438672E+3,
730.00,7.89586475E+3,
731.00,7.92779150E+3,
732.00,8.12343896E+3,
733.00,8.65470898E+3,
734.00,8.63432910E+3,
735.00,9.04655273E+3,
736.00,9.22142676E+3,
737.00,9.39905371E+3,
738.00,9.53073242E+3,
739.00,9.76195801E+3,
740.00,1.01017588E+4,
741.00,1.01216768E+4,
742.00,1.05764609E+4,
743.00,1.13017217E+4,
744.00,1.14525537E+4,
745.00,1.14381738E+4,
746.00,1.16546123E+4,
747.00,1.21974238E+4,
748.00,1.21180889E+4,
749.00,1.24790371E+4,
750.00,1.31532070E+4,
751.00,1.30738828E+4,
752.00,1.32493438E+4,
753.00,1.37800928E+4,
754.00,1.41866299E+4,
755.00,1.40138613E+4,
756.00,1.47117617E+4,
757.00,1.50328389E+4,
758.00,1.51905000E+4,
759.00,1.50743691E+4,
760.00,1.57622285E+4,
761.00,1.60652461E+4,
762.00,1.61006143E+4,
763.00,1.62099600E+4,
764.00,1.68319824E+4,
765.00,1.72854590E+4,
766.00,1.75652832E+4,
767.00,1.77375801E+4,
768.00,1.81529766E+4,
769.00,1.86019902E+4,
770.00,1.89799023E+4,
771.00,1.89552383E+4,
772.00,1.91073359E+4,
773.00,1.96620703E+4,
774.00,1.97241289E+4,
775.00,1.99193340E+4,
776.00,2.02985430E+4,
777.00,2.06730488E+4,
778.00,2.09238516E+4,
779.00,2.14405684E+4,
780.00,2.15388594E+4,
781.00,2.18120820E+4,
782.00,2.19258691E+4,
783.00,2.22006426E+4,
784.00,2.26663418E+4,
785.00,2.28493398E+4,
786.00,2.30080254E+4,
787.00,2.33858789E+4,
788.00,2.35599004E+4,
789.00,2.43518770E+4,
790.00,2.41790547E+4,
791.00,2.42482617E+4,
792.00,2.43840645E+4,
793.00,2.53598848E+4,
794.00,2.55519961E+4,
795.00,2.56132129E+4,
796.00,2.57019375E+4,
797.00,2.60178203E+4,
798.00,2.64308340E+4,
799.00,2.65073125E+4,
800.00,2.69526211E+4,
801.00,2.66323418E+4,
802.00,2.73851855E+4,
803.00,2.72203496E+4,
804.00,2.75054102E+4,
805.00,2.79019609E+4,
806.00,2.81019141E+4,
807.00,2.77818125E+4,
808.00,2.82671973E+4,
809.00,2.85083340E+4,
810.00,2.87255859E+4,
811.00,2.92300605E+4,
812.00,2.93476387E+4,
813.00,2.95401953E+4,
814.00,2.91908301E+4,
815.00,2.97587227E+4,
816.00,2.96380059E+4,
817.00,2.97853359E+4,
818.00,2.97027715E+4,
819.00,2.99376230E+4,
820.00,3.02677871E+4,
821.00,3.03761934E+4,
822.00,3.03623477E+4,
823.00,3.05939453E+4,
824.00,3.09089746E+4,
825.00,3.08625625E+4,
826.00,3.02230000E+4,
827.00,3.13352773E+4,
828.00,3.09741543E+4,
829.00,3.12810488E+4,
830.00,3.11093086E+4,
831.00,3.09253984E+4,
832.00,3.10169180E+4,
833.00,3.13279512E+4,
834.00,3.13928887E+4,
835.00,3.15761348E+4,
836.00,3.15921230E+4,
837.00,3.12942715E+4,
838.00,3.14137559E+4,
839.00,3.16029297E+4,
840.00,3.15492754E+4,
841.00,3.14586328E+4,
842.00,3.16643574E+4,
843.00,3.18265566E+4,
844.00,3.13699414E+4,
845.00,3.14424941E+4,
846.00,3.15439375E+4,
847.00,3.13348301E+4,
848.00,3.16373242E+4,
849.00,3.14390879E+4,
850.00,3.11274902E+4,
851.00,3.17339082E+4,
852.00,3.13367070E+4,
853.00,3.14559141E+4,
854.00,3.13023535E+4,
855.00,3.18390605E+4,
856.00,3.12472988E+4,
857.00,3.08698848E+4,
858.00,3.14316914E+4,
859.00,3.12251641E+4,
860.00,3.10368223E+4,
861.00,3.12106055E+4,
862.00,3.11937695E+4,
863.00,3.05700078E+4,
864.00,3.09833789E+4,
865.00,3.04892402E+4,
866.00,3.04148789E+4,
867.00,3.05427598E+4,
868.00,3.03382109E+4,
869.00,3.00796465E+4,
870.00,3.05369512E+4,
871.00,3.02184395E+4,
872.00,3.00684902E+4,
873.00,2.96587598E+4,
874.00,2.96474648E+4,
875.00,2.95697969E+4,
876.00,2.94144824E+4,
877.00,2.92424609E+4,
878.00,2.90665684E+4,
879.00,2.91134434E+4,
880.00,2.90678125E+4,
881.00,2.88607617E+4,
882.00,2.84019473E+4,
883.00,2.84317578E+4,
884.00,2.86703789E+4,
885.00,2.80698027E+4,
886.00,2.79584941E+4,
887.00,2.79196309E+4,
888.00,2.74835020E+4,
889.00,2.75716133E+4,
890.00,2.75134961E+4,
891.00,2.74806348E+4,
892.00,2.70546465E+4,
893.00,2.69455000E+4,
894.00,2.68150293E+4,
895.00,2.69381523E+4,
896.00,2.63677520E+4,
897.00,2.61259473E+4,
898.00,2.61353145E+4,
899.00,2.59283945E+4,
900.00,2.57238984E+4,
901.00,2.57559629E+4,
902.00,2.54128281E+4,
903.00,2.53679023E+4,
904.00,2.54164473E+4,
905.00,2.50794824E+4,
906.00,2.49414609E+4,
907.00,2.47758496E+4,
908.00,2.46681699E+4,
909.00,2.45517461E+4,
910.00,2.44551113E+4,
911.00,2.42203711E+4,
912.00,2.39347754E+4,
913.00,2.38833027E+4,
914.00,2.36866465E+4,
915.00,2.37181934E+4,
916.00,2.34607402E+4,
917.00,2.32484102E+4,
918.00,2.32690078E+4,
919.00,2.28855410E+4,
920.00,2.28679180E+4,
921.00,2.26494922E+4,
922.00,2.25038750E+4,
923.00,2.22107891E+4,
924.00,2.20622285E+4,
925.00,2.17858672E+4,
926.00,2.17343496E+4,
927.00,2.14832188E+4,
928.00,2.13060684E+4,
929.00,2.12462930E+4,
930.00,2.08197734E+4,
931.00,2.08342285E+4,
932.00,2.05305645E+4,
933.00,2.04418145E+4,
934.00,2.04500332E+4,
935.00,2.02644473E+4,
936.00,1.97660430E+4,
937.00,1.97917207E+4,
938.00,1.95896445E+4,
939.00,1.93841504E+4,
940.00,1.91274668E+4,
941.00,1.92146348E+4,
942.00,1.90183340E+4,
943.00,1.87689297E+4,
944.00,1.86145195E+4,
945.00,1.82910273E+4,
946.00,1.83012949E+4,
947.00,1.79658594E+4,
948.00,1.78254063E+4,
949.00,1.76250098E+4,
950.00,1.75218633E+4,
951.00,1.73347090E+4,
952.00,1.70516152E+4,
953.00,1.69969453E+4,
954.00,1.67383945E+4,
955.00,1.68103809E+4,
956.00,1.64960938E+4,
957.00,1.62729307E+4,
958.00,1.61603193E+4,
959.00,1.59330977E+4,
960.00,1.57878672E+4,
961.00,1.56663311E+4,
962.00,1.55494971E+4,
963.00,1.52936133E+4,
964.00,1.51712148E+4,
965.00,1.49894697E+4,
966.00,1.47639414E+4,
967.00,1.46721660E+4,
968.00,1.45501953E+4,
969.00,1.44653584E+4,
970.00,1.42589004E+4,
971.00,1.41467061E+4,
972.00,1.40226221E+4,
973.00,1.37519404E+4,
974.00,1.37457861E+4,
975.00,1.35690078E+4,
976.00,1.34662422E+4,
977.00,1.33965059E+4,
978.00,1.32672598E+4,
979.00,1.30848125E+4,
980.00,1.27909102E+4,
981.00,1.26419697E+4,
982.00,1.26173281E+4,
983.00,1.23846406E+4,
984.00,1.23342500E+4,
985.00,1.23399785E+4,
986.00,1.20433779E+4,
987.00,1.17858555E+4,
988.00,1.17542959E+4,
989.00,1.16658076E+4,
990.00,1.15403193E+4,
991.00,1.12981641E+4,
992.00,1.12915752E+4,
993.00,1.10111475E+4,
994.00,1.08368838E+4,
995.00,1.08266191E+4,
996.00,1.06741494E+4,
997.00,1.06186777E+4,
998.00,1.04476758E+4,
999.00,1.02649775E+4,
1000.00,1.00979766E+4,
1001.000,9.95366406E+3,
1002.000,9.88644141E+3,
1003.000,9.83823438E+3,
1004.000,9.66741895E+3,
1005.000,9.53406543E+3,
1006.000,9.47585938E+3,
1007.000,9.28402148E+3,
1008.000,9.22216992E+3,
1009.000,9.10658496E+3,
1010.00,8.97115918E+3,
1011.000,8.84048145E+3,
1012.000,8.81460645E+3,
1013.000,8.70953906E+3,
1014.000,8.47545801E+3,
1015.000,8.34183203E+3,
1016.000,8.32630664E+3,
1017.000,8.23390137E+3,
1018.000,8.10792041E+3,
1019.000,7.97241455E+3,
1020.00,7.84973877E+3,
1021.000,7.79895020E+3,
1022.000,7.72766406E+3,
1023.000,7.62199268E+3,
1024.000,7.47291602E+3,
1025.000,7.47029004E+3,
1026.000,7.28383691E+3,
1027.000,7.28097412E+3,
1028.000,7.16092920E+3,
1029.000,7.03390674E+3,
1030.00,6.91245166E+3,
1031.000,6.83693018E+3,
1032.000,6.81371387E+3,
1033.000,6.77052539E+3,
1034.000,6.60753076E+3,
1035.000,6.45485449E+3,
1036.000,6.44087012E+3,
1037.000,6.38371680E+3,
1038.000,6.28283838E+3,
1039.000,6.18409570E+3,
1040.00,6.11885156E+3,
1041.000,6.02235352E+3,
1042.000,5.95367822E+3,
1043.000,5.84857471E+3,
1044.000,5.84056885E+3,
1045.000,5.69009912E+3,
1046.000,5.58439551E+3,
1047.000,5.57178271E+3,
1048.000,5.52838770E+3,
1049.000,5.40250830E+3,
1050.00,5.31646533E+3,
1051.000,5.26817822E+3,
1052.000,5.23914014E+3,
1053.000,5.11668311E+3,
1054.000,5.07450732E+3,
1055.000,5.03272217E+3,
1056.000,4.90042871E+3,
1057.000,4.83947803E+3,
1058.000,4.80914209E+3,
1059.000,4.67962158E+3,
1060.00,4.67140918E+3,
1061.000,4.62656396E+3,
1062.000,4.43566504E+3,
1063.000,4.51512109E+3,
1064.000,4.39556299E+3,
1065.000,4.35520557E+3,
1066.000,4.20615723E+3,
1067.000,4.21057373E+3,
1068.000,4.20112939E+3,
1069.000,4.19025781E+3,
1070.00,4.07158740E+3,
1071.000,4.01167993E+3,
1072.000,3.98781812E+3,
1073.000,3.91425928E+3,
1074.000,3.86347852E+3,
1075.000,3.80036108E+3,
1076.000,3.67337524E+3,
1077.000,3.70470972E+3,
1078.000,3.60093604E+3,
1079.000,3.60329907E+3,
1080.00,3.53567505E+3,
1081.000,3.46812305E+3,
1082.000,3.49041968E+3,
1083.000,3.40725342E+3,
1084.000,3.34381494E+3,
1085.000,3.31189160E+3,
1086.000,3.26954785E+3,
1087.000,3.26406372E+3,
1088.000,3.17960693E+3,
1089.000,3.17055908E+3,
1090.00,3.16231958E+3,
1091.000,3.05427173E+3,
1092.000,2.99952319E+3,
1093.000,2.94590649E+3,
1094.000,2.90602344E+3,
1095.000,2.89061670E+3,
1096.000,2.83879272E+3,
1097.000,2.75164575E+3,
1098.000,2.72351904E+3,
1099.000,2.72323071E+3,
1100.00,2.69038232E+3,
1101.000,2.70163477E+3,
1102.000,2.59368726E+3,
1103.000,2.59046753E+3,
1104.000,2.52857593E+3,
1105.000,2.54551904E+3,
1106.000,2.45638550E+3,
1107.000,2.45925000E+3,
1108.000,2.46599268E+3,
1109.000,2.43422534E+3,
1110.00,2.35756104E+3,
1111.000,2.33756958E+3,
1112.000,2.31127954E+3,
1113.000,2.24157471E+3,
1114.000,2.24474072E+3,
1115.000,2.25968628E+3,
1116.000,2.17980664E+3,
1117.000,2.20225317E+3,
1118.000,2.15191577E+3,
1119.000,2.09786768E+3,
1120.00,2.07009253E+3,
1121.000,2.04250488E+3,
1122.000,2.04343384E+3,
1123.000,1.99016846E+3,
1124.000,1.97178088E+3,
1125.000,1.94159924E+3,
1126.000,1.90096790E+3,
1127.000,1.90080493E+3,
1128.000,1.92157813E+3,
1129.000,1.85947925E+3,
1130.00,1.87173376E+3,
1131.000,1.84070203E+3,
1132.000,1.78218347E+3,
1133.000,1.77456006E+3,
1134.000,1.73100854E+3,
1135.000,1.75110144E+3,
1136.000,1.72379663E+3,
1137.000,1.68049011E+3,
1138.000,1.62960400E+3,
1139.000,1.64235474E+3,
1140.00,1.61454553E+3,
1141.000,1.56739429E+3,
1142.000,1.57681592E+3,
1143.000,1.51098779E+3,
1144.000,1.51416150E+3,
1145.000,1.49838123E+3,
1146.000,1.45844592E+3,
1147.000,1.49103174E+3,
1148.000,1.47147412E+3,
1149.000,1.43421167E+3,
1150.00,1.40452905E+3,
1151.000,1.43984106E+3,
1152.000,1.37220996E+3,
1153.000,1.36502808E+3,
1154.000,1.33190857E+3,
1155.000,1.32891223E+3,
1156.000,1.31826733E+3,
1157.000,1.27705664E+3,
1158.000,1.25330164E+3,
1159.000,1.26949390E+3,
1160.00,1.22473962E+3,
1161.000,1.24850427E+3,
1162.000,1.22913000E+3,
1163.000,1.20484253E+3,
1164.000,1.22445947E+3,
1165.000,1.19056958E+3,
1166.000,1.19134985E+3,
1167.000,1.17224194E+3,
1168.000,1.12672424E+3,
1169.000,1.11726611E+3,
1170.00,1.08108264E+3,
1171.000,1.08307068E+3,
1172.000,1.06418201E+3,
1173.000,1.07608752E+3,
1174.000,1.06163672E+3,
1175.000,1.06881641E+3,
1176.000,1.01395929E+3,
1177.000,1.03389429E+3,
1178.000,1.02904565E+3,
1179.000,9.89380981E+2,
1180.00,1.01080945E+3,
1181.000,9.73963623E+2,
1182.000,9.76641418E+2,
1183.000,9.27875549E+2,
1184.000,9.23842041E+2,
1185.000,9.35699219E+2,
1186.000,9.55252319E+2,
1187.000,9.30473999E+2,
1188.000,9.12315430E+2,
1189.000,8.91802673E+2,
1190.00,8.91599854E+2,
1191.000,8.70117126E+2,
1192.000,8.63884155E+2,
1193.000,8.56032593E+2,
1194.000,8.85382629E+2,
1195.000,8.35929504E+2,
1196.000,8.20428711E+2,
1197.000,8.33232605E+2,
1198.000,8.17182007E+2,
1199.000,7.71437744E+2,
1200.00,8.32635498E+2,
1201.000,8.31568298E+2,
1202.000,7.84484680E+2,
1203.000,7.94672913E+2,
1204.000,7.24285156E+2,
1205.000,7.86384338E+2,
1206.000,7.54652039E+2,
1207.000,7.90235474E+2,
1208.000,7.20512451E+2,
1209.000,7.42548950E+2,
1210.00,7.40941895E+2,
1211.000,7.27874451E+2,
1212.000,7.37921692E+2,
1213.000,7.27265564E+2,
1214.000,7.20287170E+2,
1215.000,7.00658875E+2,
1216.000,7.13455750E+2,
1217.000,6.74788086E+2,
1218.000,6.76251160E+2,
1219.000,6.85074402E+2,
1220.00,6.70412537E+2,
1221.000,6.72267212E+2,
1222.000,6.47030273E+2,
1223.000,6.50900330E+2,
1224.000,6.73239319E+2,
1225.000,6.44224365E+2,
1226.000,6.60167175E+2,
1227.000,6.27006042E+2,
1228.000,6.35129822E+2,
1229.000,6.46341248E+2,
1230.00,6.63334351E+2,
1231.000,6.12891785E+2,
1232.000,6.23337952E+2,
1233.000,6.29936829E+2,
1234.000,6.25982239E+2,
1235.000,6.25166809E+2,
1236.000,6.34536377E+2,
1237.000,6.39798279E+2,
1238.000,6.21933655E+2,
1239.000,6.45080994E+2,
1240.00,6.22599609E+2,
1241.000,5.93947693E+2,
1242.000,6.35751404E+2,
1243.000,6.00100647E+2,
1244.000,5.80272827E+2,
1245.000,5.90628906E+2,
1246.000,6.17514160E+2,
1247.000,5.88659241E+2,
1248.000,5.86295959E+2,
1249.000,6.13494568E+2,
1250.00,6.06120605E+2,
1251.000,5.70388672E+2,
1252.000,5.63679993E+2,
1253.000,5.70556274E+2,
1254.000,5.57364319E+2,
1255.000,5.56929504E+2,
1256.000,5.74938354E+2,
1257.000,5.82230530E+2,
1258.000,5.64003235E+2,
1259.000,5.63442810E+2,
1260.00,5.56653503E+2,
1261.000,5.52472046E+2,
1262.000,5.57462219E+2,
1263.000,5.51278992E+2,
1264.000,4.97055023E+2,
1265.000,5.58112549E+2,
1266.000,5.48461365E+2,
1267.000,5.43937195E+2,
1268.000,5.42050110E+2,
1269.000,5.47048218E+2,
1270.00,5.35057190E+2,
1271.000,5.03464386E+2,
1272.000,5.32547119E+2,
1273.000,5.34224365E+2,
1274.000,5.48275452E+2,
1275.000,5.38072266E+2,
1276.000,5.62999207E+2,
1277.000,5.32814453E+2,
1278.000,5.28371521E+2,
1279.000,5.43516479E+2,
1280.00,5.54605286E+2,
1281.000,5.47405823E+2,
1282.000,5.36593018E+2,
1283.000,5.70788147E+2,
1284.000,5.28385193E+2,
1285.000,5.26987183E+2,
1286.000,5.62698059E+2,
1287.000,5.26121399E+2,
1288.000,5.72566650E+2,
1289.000,5.78027527E+2,
1290.00,5.56161682E+2,
1291.000,5.31138245E+2,
1292.000,5.35513489E+2,
1293.000,5.54768799E+2,
1294.000,5.59650330E+2,
1295.000,5.55077332E+2,
1296.000,5.82774231E+2,
1297.000,5.48509338E+2,
1298.000,5.55234924E+2,
1299.000,5.50999756E+2,
1300.00,5.72706909E+2,
1301.000,5.93033386E+2,
1302.000,5.82970764E+2,
1303.000,5.65744263E+2,
1304.000,5.93205994E+2,
1305.000,5.78997925E+2,
1306.000,6.05714600E+2,
1307.000,5.71093994E+2,
1308.000,6.06835388E+2,
1309.000,5.65796326E+2,
1310.00,5.66778931E+2,
1311.000,5.91650085E+2,
1312.000,6.13549561E+2,
1313.000,5.91287476E+2,
1314.000,6.12828918E+2,
1315.000,6.11288574E+2,
1316.000,5.96315308E+2,
1317.000,6.09369446E+2,
1318.000,6.35039612E+2,
1319.000,5.67258362E+2,
1320.00,6.45957825E+2,
1321.000,6.23333557E+2,
1322.000,6.26583435E+2,
1323.000,6.48715576E+2,
1324.000,6.60120667E+2,
1325.000,6.39117126E+2,
1326.000,6.82048035E+2,
1327.000,6.66835754E+2,
1328.000,6.71627197E+2,
1329.000,6.09844482E+2,
1330.00,6.76096069E+2,
1331.000,6.81308289E+2,
1332.000,6.71811584E+2,
1333.000,6.55544067E+2,
1334.000,6.74026306E+2,
1335.000,7.14133362E+2,
1336.000,7.01841980E+2,
1337.000,6.75699463E+2,
1338.000,6.78776001E+2,
1339.000,7.14330078E+2,
1340.00,6.98324524E+2,
1341.000,7.02825073E+2,
1342.000,7.28099243E+2,
1343.000,6.92003418E+2,
1344.000,7.61765198E+2,
1345.000,7.63258179E+2,
1346.000,7.07417542E+2,
1347.000,7.61479858E+2,
1348.000,7.41727051E+2,
1349.000,7.85885010E+2,
1350.00,7.76739014E+2,
1351.000,7.64136414E+2,
1352.000,7.46591919E+2,
1353.000,8.12620972E+2,
1354.000,7.92033020E+2,
1355.000,8.27573608E+2,
1356.000,8.10116028E+2,
1357.000,8.39449036E+2,
1358.000,8.06537415E+2,
1359.000,7.99565613E+2,
1360.00,8.68871948E+2,
1361.000,8.36259460E+2,
1362.000,9.36278931E+2,
1363.000,8.81485596E+2,
1364.000,8.56142517E+2,
1365.000,8.32466492E+2,
1366.000,8.42414490E+2,
1367.000,8.45388550E+2,
1368.000,8.97770569E+2,
1369.000,9.14889648E+2,
1370.00,8.86192810E+2,
1371.000,8.97831543E+2,
1372.000,8.65379150E+2,
1373.000,8.62822388E+2,
1374.000,9.04923340E+2,
1375.000,8.84335510E+2,
1376.000,9.17519958E+2,
1377.000,9.50184448E+2,
1378.000,8.80562256E+2,
1379.000,9.13936340E+2,
1380.00,9.55079346E+2,
1381.000,9.59402222E+2,
1382.000,9.94286011E+2,
1383.000,9.75153198E+2,
1384.000,9.65530945E+2,
1385.000,9.15633240E+2,
1386.000,9.18699524E+2,
1387.000,9.54653870E+2,
1388.000,9.93425476E+2,
1389.000,9.90269348E+2,
1390.00,9.05762329E+2,
1391.000,1.00844971E+3,
1392.000,9.65748169E+2,
1393.000,9.40558533E+2,
1394.000,9.72542480E+2,
1395.000,1.01317053E+3,
1396.000,1.01913623E+3,
1397.000,1.01335840E+3,
1398.000,9.44226563E+2,
1399.000,9.64710388E+2,
1400.00,1.08529236E+3,
1401.000,1.09909558E+3,
1402.000,1.05392529E+3,
1403.000,1.00625507E+3,
1404.000,1.03207373E+3,
1405.000,1.05835876E+3,
1406.000,1.11701550E+3,
1407.000,1.09018237E+3,
1408.000,1.05336755E+3,
1409.000,1.09271130E+3,
1410.00,1.09088269E+3,
1411.000,1.10483545E+3,
1412.000,1.07643298E+3,
1413.000,1.05906616E+3,
1414.000,1.12943164E+3,
1415.000,1.13658423E+3,
1416.000,1.11630676E+3,
1417.000,1.10042004E+3,
1418.000,1.14635352E+3,
1419.000,1.17452234E+3,
1420.00,1.14830652E+3,
1421.000,1.15671594E+3,
1422.000,1.10301331E+3,
1423.000,1.17867578E+3,
1424.000,1.13167358E+3,
1425.000,1.18234180E+3,
1426.000,1.17441284E+3,
1427.000,1.17920190E+3,
1428.000,1.16301917E+3,
1429.000,1.17022314E+3,
1430.00,1.18861047E+3,
1431.000,1.20020544E+3,
1432.000,1.23958936E+3,
1433.000,1.19077600E+3,
1434.000,1.20946667E+3,
1435.000,1.19131616E+3,
1436.000,1.24322852E+3,
1437.000,1.28148303E+3,
1438.000,1.25962976E+3,
1439.000,1.27544910E+3,
1440.00,1.25127185E+3,
1441.000,1.26333911E+3,
1442.000,1.26312561E+3,
1443.000,1.25408215E+3,
1444.000,1.26510986E+3,
1445.000,1.23996753E+3,
1446.000,1.30945410E+3,
1447.000,1.29508972E+3,
1448.000,1.29477502E+3,
1449.000,1.26927979E+3,
1450.00,1.32438184E+3,
1451.000,1.32209766E+3,
1452.000,1.26865247E+3,
1453.000,1.30143188E+3,
1454.000,1.31546643E+3,
1455.000,1.31581934E+3,
1456.000,1.32102930E+3,
1457.000,1.32837000E+3,
1458.000,1.37129407E+3,
1459.000,1.33966833E+3,
1460.00,1.31755505E+3,
1461.000,1.31168237E+3,
1462.000,1.33875488E+3,
1463.000,1.34330322E+3,
1464.000,1.38137915E+3,
1465.000,1.36321313E+3,
1466.000,1.37139539E+3,
1467.000,1.41301917E+3,
1468.000,1.43863757E+3,
1469.000,1.36827405E+3,
1470.00,1.38695862E+3,
1471.000,1.41058655E+3,
1472.000,1.37833386E+3,
1473.000,1.42219287E+3,
1474.000,1.38259973E+3,
1475.000,1.39198059E+3,
1476.000,1.36636951E+3,
1477.000,1.38385742E+3,
1478.000,1.42379358E+3,
1479.000,1.41893652E+3,
1480.00,1.44781226E+3,
1481.000,1.42271265E+3,
1482.000,1.44149158E+3,
1483.000,1.41318713E+3,
1484.000,1.41748096E+3,
1485.000,1.52385498E+3,
1486.000,1.49358521E+3,
1487.000,1.47139050E+3,
1488.000,1.43104041E+3,
1489.000,1.50534509E+3,
1490.00,1.50219775E+3,
1491.000,1.52635461E+3,
1492.000,1.53419421E+3,
1493.000,1.49163940E+3,
1494.000,1.48203589E+3,
1495.000,1.51223022E+3,
1496.000,1.47134668E+3,
1497.000,1.52915063E+3,
1498.000,1.52043311E+3,
1499.000,1.48648132E+3,
1500.00,1.52238965E+3,
1501.000,1.52260425E+3,
1502.000,1.52629077E+3,
1503.000,1.50651379E+3,
1504.000,1.59818909E+3,
1505.000,1.50186890E+3,
1506.000,1.51432507E+3,
1507.000,1.53216638E+3,
1508.000,1.53300781E+3,
1509.000,1.57332068E+3,
1510.00,1.54450037E+3,
1511.000,1.53276111E+3,
1512.000,1.51261121E+3,
1513.000,1.57439429E+3,
1514.000,1.52413965E+3,
1515.000,1.57526770E+3,
1516.000,1.55324146E+3,
1517.000,1.53913403E+3,
1518.000,1.54342908E+3,
1519.000,1.52545886E+3,
1520.00,1.58311230E+3,
1521.000,1.57634351E+3,
1522.000,1.52260974E+3,
1523.000,1.53732410E+3,
1524.000,1.57706897E+3,
1525.000,1.53678845E+3,
1526.000,1.59253308E+3,
1527.000,1.56596094E+3,
1528.000,1.53788245E+3,
1529.000,1.61728198E+3,
1530.00,1.55938843E+3,
1531.000,1.55833411E+3,
1532.000,1.53291333E+3,
1533.000,1.54302686E+3,
1534.000,1.59916943E+3,
1535.000,1.59925195E+3,
1536.000,1.50702698E+3,
1537.000,1.61161401E+3,
1538.000,1.55604370E+3,
1539.000,1.57755322E+3,
1540.00,1.59995020E+3,
1541.000,1.57256812E+3,
1542.000,1.54343457E+3,
1543.000,1.61020056E+3,
1544.000,1.56128564E+3,
1545.000,1.58842871E+3,
1546.000,1.56198193E+3,
1547.000,1.66220581E+3,
1548.000,1.54194934E+3,
1549.000,1.56955725E+3,
1550.00,1.58690894E+3,
1551.000,1.59622986E+3,
1552.000,1.58388086E+3,
1553.000,1.57475256E+3,
1554.000,1.58266797E+3,
1555.000,1.56875671E+3,
1556.000,1.57085059E+3,
1557.000,1.55006689E+3,
1558.000,1.61857458E+3,
1559.000,1.60446948E+3,
1560.00,1.59849329E+3,
1561.000,1.57494861E+3,
1562.000,1.63196399E+3,
1563.000,1.63128906E+3,
1564.000,1.56660547E+3,
1565.000,1.58424976E+3,
1566.000,1.61723621E+3,
1567.000,1.61559387E+3,
1568.000,1.59757727E+3,
1569.000,1.63226550E+3,
1570.00,1.54879395E+3,
1571.000,1.57167456E+3,
1572.000,1.55557312E+3,
1573.000,1.60694690E+3,
1574.000,1.50682861E+3,
1575.000,1.57287354E+3,
1576.000,1.57121436E+3,
1577.000,1.55127600E+3,
1578.000,1.59940100E+3,
1579.000,1.65976379E+3,
1580.00,1.56952283E+3,
1581.000,1.54112830E+3,
1582.000,1.54674805E+3,
1583.000,1.53518237E+3,
1584.000,1.51197400E+3,
1585.000,1.56694263E+3,
1586.000,1.52963440E+3,
1587.000,1.59780188E+3,
1588.000,1.58320215E+3,
1589.000,1.53556152E+3,
1590.00,1.52900134E+3,
1591.000,1.49824573E+3,
1592.000,1.54309924E+3,
1593.000,1.56436536E+3,
1594.000,1.58360046E+3,
1595.000,1.56482227E+3,
1596.000,1.60864990E+3,
1597.000,1.57654968E+3,
1598.000,1.70931201E+3,
1599.000,1.61471509E+3,
1600.00,1.58063147E+3,
1601.000,1.59435083E+3,
1602.000,1.58119482E+3,
1603.000,1.49136572E+3,
1604.000,1.62165979E+3,
1605.000,1.56930933E+3,
1606.000,1.49253125E+3,
1607.000,1.53684106E+3,
1608.000,1.54444275E+3,
1609.000,1.52225378E+3,
1610.00,1.57579077E+3,
1611.000,1.52975989E+3,
1612.000,1.57872070E+3,
1613.000,1.56481299E+3,
1614.000,1.59642200E+3,
1615.000,1.53692505E+3,
1616.000,1.54294934E+3,
1617.000,1.58833044E+3,
1618.000,1.53119690E+3,
1619.000,1.56673193E+3,
1620.00,1.55252771E+3,
1621.000,1.44791040E+3,
1622.000,1.59810413E+3,
1623.000,1.59741760E+3,
1624.000,1.57826453E+3,
1625.000,1.58070325E+3,
1626.000,1.58051416E+3,
1627.000,1.54952820E+3,
1628.000,1.64172021E+3,
1629.000,1.58265625E+3,
1630.00,1.56302856E+3,
1631.000,1.64146106E+3,
1632.000,1.64167786E+3,
1633.000,1.65569763E+3,
1634.000,1.59058105E+3,
1635.000,1.67802820E+3,
1636.000,1.70247437E+3,
1637.000,1.70192200E+3,
1638.000,1.81073499E+3,
1639.000,1.62785791E+3,
1640.00,1.70144836E+3,
1641.000,1.74232532E+3,
1642.000,1.92982178E+3,
1643.000,1.97033228E+3,
1644.000,1.81018774E+3,
1645.000,1.94214319E+3,
1646.000,1.72465259E+3,
1647.000,1.83281091E+3,
1648.000,1.92115955E+3,
1649.000,1.69871753E+3,
1650.00,1.51251221E+3,
