Labels,50,
Type,Emission Scan,
Comment,,
Start,600.00,
Stop,1200.00,
Step,1.00,
Fixed/Offset,445.00,
Xaxis,Wavelength,
Yaxis,Counts,
Scan Corr. by File,True,
Corr. by Ref. Det.,True,
Fixed/Offset Corr. by File,False,
Repeats,1,
Dwell Time,0.10,
Lamp,Xenon,
Temp,0.00,
Scan Polariser,None,
Scan Slit,3.4999192,
Fixed/Offset Polariser,None,
Fixed/Offset Slit,3.4999833,
Detector,Det2,

600.00,3.48115509E+2,
601.00,-1.05366623E+2,
602.00,4.48658447E+2,
603.00,4.86959747E+2,
604.00,2.50639603E+2,
605.00,1.67961304E+2,
606.00,2.58386169E+2,
607.00,5.58199524E+2,
608.00,3.36388550E+2,
609.00,1.40336655E+2,
610.00,3.35792206E+2,
611.00,4.61490082E+2,
612.00,4.87632446E+2,
613.00,3.98705933E+2,
614.00,6.31590759E+2,
615.00,5.07658722E+2,
616.00,4.10146057E+2,
617.00,4.11819733E+2,
618.00,3.82808960E+2,
619.00,4.52714844E+2,
620.00,3.92395660E+2,
621.00,4.93007019E+2,
622.00,4.05255829E+2,
623.00,5.00240234E+2,
624.00,4.89556213E+2,
625.00,2.99712067E+2,
626.00,6.66184143E+2,
627.00,2.97047211E+2,
628.00,4.45070831E+2,
629.00,6.76726379E+2,
630.00,4.97864380E+2,
631.00,8.11519836E+2,
632.00,7.68985229E+2,
633.00,9.18180176E+2,
634.00,8.40106262E+2,
635.00,1.06348816E+3,
636.00,1.05317310E+3,
637.00,9.96299683E+2,
638.00,1.45747571E+3,
639.00,1.24003455E+3,
640.00,1.39058411E+3,
641.00,1.79515393E+3,
642.00,1.77198669E+3,
643.00,1.93993091E+3,
644.00,1.90142200E+3,
645.00,2.17067236E+3,
646.00,2.30101099E+3,
647.00,2.46999731E+3,
648.00,2.91195459E+3,
649.00,2.90982202E+3,
650.00,3.45627441E+3,
651.00,3.47334692E+3,
652.00,3.58618994E+3,
653.00,4.26331152E+3,
654.00,4.22277881E+3,
655.00,5.00462402E+3,
656.00,5.11092285E+3,
657.00,5.63282910E+3,
658.00,5.80154395E+3,
659.00,6.46716357E+3,
660.00,6.90452002E+3,
661.00,7.32383984E+3,
662.00,7.71157813E+3,
663.00,8.64943262E+3,
664.00,8.94822461E+3,
665.00,9.59820996E+3,
666.00,1.05440430E+4,
667.00,1.12515859E+4,
668.00,1.17036357E+4,
669.00,1.26336260E+4,
670.00,1.34809307E+4,
671.00,1.45713818E+4,
672.00,1.60407373E+4,
673.00,1.70337324E+4,
674.00,1.85519395E+4,
675.00,1.93754316E+4,
676.00,2.11103164E+4,
677.00,2.25102129E+4,
678.00,2.49377559E+4,
679.00,2.60743926E+4,
680.00,2.71859707E+4,
681.00,2.85464570E+4,
682.00,3.02494238E+4,
683.00,3.30640859E+4,
684.00,3.50218281E+4,
685.00,3.72361172E+4,
686.00,3.90637813E+4,
687.00,4.05261992E+4,
688.00,4.21004219E+4,
689.00,4.46850898E+4,
690.00,4.91853789E+4,
691.00,5.36121328E+4,
692.00,5.97007773E+4,
693.00,6.61070781E+4,
694.00,7.01643359E+4,
695.00,7.42416484E+4,
696.00,7.57187344E+4,
697.00,7.87034453E+4,
698.00,8.08855000E+4,
699.00,8.33188281E+4,
700.00,8.60386406E+4,
701.00,8.89073672E+4,
702.00,9.07607266E+4,
703.00,9.43528672E+4,
704.00,9.64427188E+4,
705.00,1.00462414E+5,
706.00,1.03933797E+5,
707.00,1.09831359E+5,
708.00,1.13903477E+5,
709.00,1.18883188E+5,
710.00,1.23224133E+5,
711.00,1.27400852E+5,
712.00,1.31927688E+5,
713.00,1.36570422E+5,
714.00,1.41009188E+5,
715.00,1.43646047E+5,
716.00,1.45166734E+5,
717.00,1.50358734E+5,
718.00,1.51082844E+5,
719.00,1.54326625E+5,
720.00,1.57040703E+5,
721.00,1.59403547E+5,
722.00,1.62815016E+5,
723.00,1.65210656E+5,
724.00,1.68770031E+5,
725.00,1.71394859E+5,
726.00,1.75811234E+5,
727.00,1.78921016E+5,
728.00,1.84274641E+5,
729.00,1.85842906E+5,
730.00,1.90389063E+5,
731.00,1.92229531E+5,
732.00,1.93136031E+5,
733.00,1.95054484E+5,
734.00,1.99701188E+5,
735.00,2.01913484E+5,
736.00,2.05570641E+5,
737.00,2.06252688E+5,
738.00,2.09508453E+5,
739.00,2.14000391E+5,
740.00,2.17179969E+5,
741.00,2.18600375E+5,
742.00,2.23998313E+5,
743.00,2.25731969E+5,
744.00,2.27294859E+5,
745.00,2.29792641E+5,
746.00,2.33486188E+5,
747.00,2.36404094E+5,
748.00,2.35647094E+5,
749.00,2.42371047E+5,
750.00,2.43641578E+5,
751.00,2.46804422E+5,
752.00,2.46842266E+5,
753.00,2.52547188E+5,
754.00,2.53019859E+5,
755.00,2.55008922E+5,
756.00,2.55114328E+5,
757.00,2.59779781E+5,
758.00,2.59168609E+5,
759.00,2.60550500E+5,
760.00,2.64778250E+5,
761.00,2.64533031E+5,
762.00,2.65719906E+5,
763.00,2.68171938E+5,
764.00,2.72088563E+5,
765.00,2.72248625E+5,
766.00,2.71361250E+5,
767.00,2.76163031E+5,
768.00,2.75894188E+5,
769.00,2.76176438E+5,
770.00,2.80946375E+5,
771.00,2.79034406E+5,
772.00,2.82475938E+5,
773.00,2.84034938E+5,
774.00,2.84038375E+5,
775.00,2.82619469E+5,
776.00,2.85265031E+5,
777.00,2.87015344E+5,
778.00,2.86717938E+5,
779.00,2.88012969E+5,
780.00,2.88554625E+5,
781.00,2.90311813E+5,
782.00,2.90713125E+5,
783.00,2.89816094E+5,
784.00,2.93602656E+5,
785.00,2.91559313E+5,
786.00,2.90703656E+5,
787.00,2.92349063E+5,
788.00,2.90221406E+5,
789.00,2.91625500E+5,
790.00,2.90804063E+5,
791.00,2.91715625E+5,
792.00,2.91258688E+5,
793.00,2.91677125E+5,
794.00,2.90974594E+5,
795.00,2.89708938E+5,
796.00,2.90109313E+5,
797.00,2.89681813E+5,
798.00,2.91707844E+5,
799.00,2.89986406E+5,
800.00,2.87179625E+5,
801.00,2.89678719E+5,
802.00,2.86067156E+5,
803.00,2.84355375E+5,
804.00,2.85643344E+5,
805.00,2.84869750E+5,
806.00,2.84335906E+5,
807.00,2.81566344E+5,
808.00,2.82484188E+5,
809.00,2.80976656E+5,
810.00,2.80243375E+5,
811.00,2.80276406E+5,
812.00,2.78379344E+5,
813.00,2.80140719E+5,
814.00,2.75431656E+5,
815.00,2.77426656E+5,
816.00,2.74368094E+5,
817.00,2.74045750E+5,
818.00,2.70432438E+5,
819.00,2.71955031E+5,
820.00,2.68910531E+5,
821.00,2.70344563E+5,
822.00,2.66547625E+5,
823.00,2.66341031E+5,
824.00,2.63629906E+5,
825.00,2.63638906E+5,
826.00,2.62679406E+5,
827.00,2.58010500E+5,
828.00,2.58232328E+5,
829.00,2.57662891E+5,
830.00,2.54703469E+5,
831.00,2.52608125E+5,
832.00,2.51913891E+5,
833.00,2.51011516E+5,
834.00,2.50101531E+5,
835.00,2.47634656E+5,
836.00,2.45971813E+5,
837.00,2.43943188E+5,
838.00,2.43358281E+5,
839.00,2.41150484E+5,
840.00,2.40728063E+5,
841.00,2.36226984E+5,
842.00,2.36427078E+5,
843.00,2.36265141E+5,
844.00,2.31513422E+5,
845.00,2.31758109E+5,
846.00,2.29892391E+5,
847.00,2.28785266E+5,
848.00,2.27638219E+5,
849.00,2.24918844E+5,
850.00,2.23196281E+5,
851.00,2.21467297E+5,
852.00,2.18162531E+5,
853.00,2.17984016E+5,
854.00,2.15805094E+5,
855.00,2.13953313E+5,
856.00,2.11869500E+5,
857.00,2.09989281E+5,
858.00,2.09734688E+5,
859.00,2.07443391E+5,
860.00,2.05856266E+5,
861.00,2.04158188E+5,
862.00,2.00902859E+5,
863.00,2.00796000E+5,
864.00,1.98038859E+5,
865.00,1.96305813E+5,
866.00,1.95026359E+5,
867.00,1.89612453E+5,
868.00,1.89880344E+5,
869.00,1.88316828E+5,
870.00,1.87466453E+5,
871.00,1.84290109E+5,
872.00,1.83751766E+5,
873.00,1.81605219E+5,
874.00,1.79011906E+5,
875.00,1.78118484E+5,
876.00,1.76968500E+5,
877.00,1.74265188E+5,
878.00,1.72786766E+5,
879.00,1.71054094E+5,
880.00,1.70089063E+5,
881.00,1.68053844E+5,
882.00,1.64735297E+5,
883.00,1.65132547E+5,
884.00,1.63690469E+5,
885.00,1.61078672E+5,
886.00,1.59231203E+5,
887.00,1.57735047E+5,
888.00,1.55949609E+5,
889.00,1.54819484E+5,
890.00,1.53485688E+5,
891.00,1.50852031E+5,
892.00,1.49284094E+5,
893.00,1.47645797E+5,
894.00,1.46109609E+5,
895.00,1.44095781E+5,
896.00,1.43340359E+5,
897.00,1.42598656E+5,
898.00,1.40911109E+5,
899.00,1.38131109E+5,
900.00,1.36758891E+5,
901.00,1.36046516E+5,
902.00,1.34852156E+5,
903.00,1.32400078E+5,
904.00,1.31265578E+5,
905.00,1.30490344E+5,
906.00,1.28913469E+5,
907.00,1.26791477E+5,
908.00,1.26212094E+5,
909.00,1.24051742E+5,
910.00,1.22734813E+5,
911.00,1.21436984E+5,
912.00,1.19626242E+5,
913.00,1.18274984E+5,
914.00,1.17164055E+5,
915.00,1.16106914E+5,
916.00,1.14661273E+5,
917.00,1.13831023E+5,
918.00,1.11820359E+5,
919.00,1.09913508E+5,
920.00,1.09130188E+5,
921.00,1.07494414E+5,
922.00,1.06348719E+5,
923.00,1.05108539E+5,
924.00,1.03697359E+5,
925.00,1.02270484E+5,
926.00,1.01407031E+5,
927.00,9.97940000E+4,
928.00,9.85528594E+4,
929.00,9.69082500E+4,
930.00,9.54267734E+4,
931.00,9.48426953E+4,
932.00,9.38255000E+4,
933.00,9.27047734E+4,
934.00,9.13727891E+4,
935.00,9.08019219E+4,
936.00,8.92357969E+4,
937.00,8.78507188E+4,
938.00,8.71726172E+4,
939.00,8.57143906E+4,
940.00,8.41938672E+4,
941.00,8.37444766E+4,
942.00,8.23280781E+4,
943.00,8.10114219E+4,
944.00,8.05746719E+4,
945.00,7.93081641E+4,
946.00,7.80541094E+4,
947.00,7.66146172E+4,
948.00,7.57947734E+4,
949.00,7.51429297E+4,
950.00,7.38658828E+4,
951.00,7.30755703E+4,
952.00,7.23189297E+4,
953.00,7.12424922E+4,
954.00,7.07724297E+4,
955.00,6.96204141E+4,
956.00,6.84536250E+4,
957.00,6.73400391E+4,
958.00,6.59060000E+4,
959.00,6.56601563E+4,
960.00,6.50819844E+4,
961.00,6.36505625E+4,
962.00,6.31008633E+4,
963.00,6.27238359E+4,
964.00,6.12141367E+4,
965.00,6.02176914E+4,
966.00,5.96073945E+4,
967.00,5.95181484E+4,
968.00,5.82074570E+4,
969.00,5.72842773E+4,
970.00,5.68705391E+4,
971.00,5.59513555E+4,
972.00,5.55447852E+4,
973.00,5.49007578E+4,
974.00,5.38750469E+4,
975.00,5.31004414E+4,
976.00,5.25152852E+4,
977.00,5.22809961E+4,
978.00,5.10301641E+4,
979.00,5.07271680E+4,
980.00,4.96912188E+4,
981.00,4.92211953E+4,
982.00,4.83321484E+4,
983.00,4.77490977E+4,
984.00,4.72375469E+4,
985.00,4.64101250E+4,
986.00,4.55777383E+4,
987.00,4.49698281E+4,
988.00,4.44551016E+4,
989.00,4.38613164E+4,
990.00,4.28337656E+4,
991.00,4.26305781E+4,
992.00,4.19324375E+4,
993.00,4.13804688E+4,
994.00,4.06824180E+4,
995.00,4.01142617E+4,
996.00,3.94282109E+4,
997.00,3.90514961E+4,
998.00,3.81094648E+4,
999.00,3.76409688E+4,
1000.00,3.75264414E+4,
1001.000,3.66982109E+4,
1002.000,3.62226758E+4,
1003.000,3.55027461E+4,
1004.000,3.50970898E+4,
1005.000,3.41998828E+4,
1006.000,3.40016133E+4,
1007.000,3.34822578E+4,
1008.000,3.30783320E+4,
1009.000,3.26457578E+4,
1010.00,3.21090605E+4,
1011.000,3.19182070E+4,
1012.000,3.10688047E+4,
1013.000,3.06495254E+4,
1014.000,3.00596875E+4,
1015.000,2.99472246E+4,
1016.000,2.94429434E+4,
1017.000,2.88575391E+4,
1018.000,2.86356777E+4,
1019.000,2.81546074E+4,
1020.00,2.77865566E+4,
1021.000,2.74332969E+4,
1022.000,2.69339082E+4,
1023.000,2.64642246E+4,
1024.000,2.59180430E+4,
1025.000,2.54828477E+4,
1026.000,2.53542090E+4,
1027.000,2.50316543E+4,
1028.000,2.45658184E+4,
1029.000,2.42972363E+4,
1030.00,2.38186738E+4,
1031.000,2.35393535E+4,
1032.000,2.29735977E+4,
1033.000,2.28068301E+4,
1034.000,2.23938223E+4,
1035.000,2.22286875E+4,
1036.000,2.20582402E+4,
1037.000,2.14136699E+4,
1038.000,2.13342598E+4,
1039.000,2.06105703E+4,
1040.00,2.04868809E+4,
1041.000,2.01966270E+4,
1042.000,1.98683438E+4,
1043.000,1.97393730E+4,
1044.000,1.94907637E+4,
1045.000,1.88920156E+4,
1046.000,1.87185156E+4,
1047.000,1.86030547E+4,
1048.000,1.81570488E+4,
1049.000,1.78031211E+4,
1050.00,1.76057188E+4,
1051.000,1.73673418E+4,
1052.000,1.71415605E+4,
1053.000,1.68986582E+4,
1054.000,1.65509180E+4,
1055.000,1.64180723E+4,
1056.000,1.61309053E+4,
1057.000,1.60111836E+4,
1058.000,1.56727041E+4,
1059.000,1.54993115E+4,
1060.00,1.52354619E+4,
1061.000,1.49491865E+4,
1062.000,1.48234883E+4,
1063.000,1.45432100E+4,
1064.000,1.43406729E+4,
1065.000,1.40641758E+4,
1066.000,1.38691533E+4,
1067.000,1.36194785E+4,
1068.000,1.36275518E+4,
1069.000,1.32653203E+4,
1070.00,1.30161113E+4,
1071.000,1.28209688E+4,
1072.000,1.26514854E+4,
1073.000,1.24383359E+4,
1074.000,1.22408301E+4,
1075.000,1.21976299E+4,
1076.000,1.18633340E+4,
1077.000,1.19357383E+4,
1078.000,1.15674863E+4,
1079.000,1.13555615E+4,
1080.00,1.10556289E+4,
1081.000,1.10323965E+4,
1082.000,1.09218672E+4,
1083.000,1.05889424E+4,
1084.000,1.05937090E+4,
1085.000,1.04077627E+4,
1086.000,1.02222529E+4,
1087.000,1.00659629E+4,
1088.000,9.89029785E+3,
1089.000,9.79499512E+3,
1090.00,9.63185547E+3,
1091.000,9.41235156E+3,
1092.000,9.29537891E+3,
1093.000,9.32164746E+3,
1094.000,9.06306738E+3,
1095.000,8.91598145E+3,
1096.000,8.75950879E+3,
1097.000,8.71878613E+3,
1098.000,8.49545703E+3,
1099.000,8.41739453E+3,
1100.00,8.24073340E+3,
1101.000,8.07248438E+3,
1102.000,7.95934570E+3,
1103.000,7.86021484E+3,
1104.000,7.83256201E+3,
1105.000,7.52840479E+3,
1106.000,7.47483594E+3,
1107.000,7.48976953E+3,
1108.000,7.23218018E+3,
1109.000,7.24636475E+3,
1110.00,7.09961475E+3,
1111.000,7.13590039E+3,
1112.000,6.96090576E+3,
1113.000,6.80312793E+3,
1114.000,6.74686523E+3,
1115.000,6.52048828E+3,
1116.000,6.54811426E+3,
1117.000,6.51223926E+3,
1118.000,6.37808691E+3,
1119.000,6.32710938E+3,
1120.00,6.13970117E+3,
1121.000,6.05066553E+3,
1122.000,5.93027686E+3,
1123.000,5.93038721E+3,
1124.000,5.75274072E+3,
1125.000,5.63594092E+3,
1126.000,5.61617969E+3,
1127.000,5.61028369E+3,
1128.000,5.44513721E+3,
1129.000,5.42618408E+3,
1130.00,5.29479688E+3,
1131.000,5.21023389E+3,
1132.000,5.12756299E+3,
1133.000,5.09710205E+3,
1134.000,5.01661230E+3,
1135.000,4.90276172E+3,
1136.000,4.85961914E+3,
1137.000,4.71286914E+3,
1138.000,4.63703955E+3,
1139.000,4.56638770E+3,
1140.00,4.49231396E+3,
1141.000,4.50163574E+3,
1142.000,4.35780859E+3,
1143.000,4.35289941E+3,
1144.000,4.26941016E+3,
1145.000,4.26631982E+3,
1146.000,4.11378906E+3,
1147.000,4.02878857E+3,
1148.000,4.02260083E+3,
1149.000,3.95084839E+3,
1150.00,3.95393921E+3,
1151.000,3.89344580E+3,
1152.000,3.87383911E+3,
1153.000,3.70384741E+3,
1154.000,3.70636328E+3,
1155.000,3.60503735E+3,
1156.000,3.63942456E+3,
1157.000,3.60543091E+3,
1158.000,3.45400781E+3,
1159.000,3.51856543E+3,
1160.00,3.45219897E+3,
1161.000,3.42008301E+3,
1162.000,3.31392090E+3,
1163.000,3.22450586E+3,
1164.000,3.19160156E+3,
1165.000,3.13725879E+3,
1166.000,3.15821338E+3,
1167.000,3.10979077E+3,
1168.000,3.05240186E+3,
1169.000,2.97766772E+3,
1170.00,2.98023633E+3,
1171.000,2.92807861E+3,
1172.000,2.84481543E+3,
1173.000,2.80269263E+3,
1174.000,2.77987598E+3,
1175.000,2.72464868E+3,
1176.000,2.74856641E+3,
1177.000,2.62815894E+3,
1178.000,2.58596167E+3,
1179.000,2.58986548E+3,
1180.00,2.54305151E+3,
1181.000,2.46810132E+3,
1182.000,2.53083032E+3,
1183.000,2.37580469E+3,
1184.000,2.38534253E+3,
1185.000,2.43943457E+3,
1186.000,2.42193311E+3,
1187.000,2.26661499E+3,
1188.000,2.19881958E+3,
1189.000,2.22072705E+3,
1190.00,2.27978369E+3,
1191.000,2.12243091E+3,
1192.000,2.09489355E+3,
1193.000,2.19253101E+3,
1194.000,2.03786902E+3,
1195.000,2.02124744E+3,
1196.000,2.01739734E+3,
1197.000,1.97868408E+3,
1198.000,1.93433057E+3,
1199.000,1.97952539E+3,
1200.00,1.89705920E+3,
