Labels,NaLu2-0,
Type,Excitation Scan,
Comment,,
Start,230.00,
Stop,750.00,
Step,1.00,
Fixed/Offset,822.00,
Xaxis,Wavelength,
Yaxis,Counts,
Scan Corr. by File,False,
Corr. by Ref. Det.,True,
Fixed/Offset Corr. by File,True,
Repeats,1,
Dwell Time,0.10,
Lamp,Xenon,
Temp,0.00,
Scan Polariser,None,
Scan Slit,2.4999950,
Fixed/Offset Polariser,None,
Fixed/Offset Slit,2.4999220,
Detector,Det2,

230.00,-2.62839000E+5,
231.00,-2.26479984E+5,
232.00,3.14307156E+5,
233.00,-1.52664570E+4,
234.00,2.78526719E+5,
235.00,7.98963125E+4,
236.00,1.76283516E+5,
237.00,3.17253813E+5,
238.00,2.76745281E+5,
239.00,1.52105953E+5,
240.00,2.16655516E+5,
241.00,2.94267469E+5,
242.00,2.02971219E+5,
243.00,1.60480250E+5,
244.00,2.51057250E+5,
245.00,2.61177016E+5,
246.00,3.20018750E+5,
247.00,3.20396938E+5,
248.00,3.49490688E+5,
249.00,2.37491719E+5,
250.00,3.35406656E+5,
251.00,2.48725938E+5,
252.00,3.24078156E+5,
253.00,3.66547281E+5,
254.00,2.97784313E+5,
255.00,3.18834875E+5,
256.00,3.36025813E+5,
257.00,3.34806281E+5,
258.00,3.49298781E+5,
259.00,3.37683313E+5,
260.00,3.42365813E+5,
261.00,3.30095625E+5,
262.00,3.59784469E+5,
263.00,3.51916969E+5,
264.00,3.21347813E+5,
265.00,3.28718750E+5,
266.00,3.37814469E+5,
267.00,3.48835969E+5,
268.00,3.39535125E+5,
269.00,3.38816750E+5,
270.00,3.60121063E+5,
271.00,3.40713906E+5,
272.00,3.39107281E+5,
273.00,3.42239781E+5,
274.00,3.43429563E+5,
275.00,3.54455906E+5,
276.00,3.44918656E+5,
277.00,3.43213875E+5,
278.00,3.36060563E+5,
279.00,3.50952594E+5,
280.00,3.42516563E+5,
281.00,3.42879219E+5,
282.00,3.46593594E+5,
283.00,3.40725000E+5,
284.00,3.40997031E+5,
285.00,3.48641844E+5,
286.00,3.51989969E+5,
287.00,3.46490219E+5,
288.00,3.57518531E+5,
289.00,3.47615219E+5,
290.00,3.50115188E+5,
291.00,3.49565844E+5,
292.00,3.52193875E+5,
293.00,3.50814344E+5,
294.00,3.53894250E+5,
295.00,3.48546906E+5,
296.00,3.46253031E+5,
297.00,3.53591219E+5,
298.00,3.41899563E+5,
299.00,3.41890375E+5,
300.00,3.44492188E+5,
301.00,3.43071656E+5,
302.00,3.37079469E+5,
303.00,3.30373875E+5,
304.00,3.35913094E+5,
305.00,3.33415250E+5,
306.00,3.29659813E+5,
307.00,3.26419219E+5,
308.00,3.17498906E+5,
309.00,3.14691250E+5,
310.00,3.11527344E+5,
311.00,3.08838938E+5,
312.00,3.01528250E+5,
313.00,3.00366906E+5,
314.00,2.95286625E+5,
315.00,2.95989625E+5,
316.00,2.87929625E+5,
317.00,2.84060813E+5,
318.00,2.72134156E+5,
319.00,2.72237156E+5,
320.00,2.65895563E+5,
321.00,2.65515688E+5,
322.00,2.57540297E+5,
323.00,2.52432125E+5,
324.00,2.45987828E+5,
325.00,2.44014422E+5,
326.00,2.34646000E+5,
327.00,2.34710500E+5,
328.00,2.27929016E+5,
329.00,2.20214250E+5,
330.00,2.17820734E+5,
331.00,2.10495984E+5,
332.00,2.01835953E+5,
333.00,2.02968938E+5,
334.00,1.94141672E+5,
335.00,1.91228563E+5,
336.00,1.85870438E+5,
337.00,1.79418469E+5,
338.00,1.72320000E+5,
339.00,1.65426109E+5,
340.00,1.63919453E+5,
341.00,1.58313859E+5,
342.00,1.52820609E+5,
343.00,1.45469391E+5,
344.00,1.40396188E+5,
345.00,1.35321797E+5,
346.00,1.31038227E+5,
347.00,1.25355234E+5,
348.00,1.19814016E+5,
349.00,1.13905352E+5,
350.00,1.11134281E+5,
351.00,1.04505172E+5,
352.00,9.88853828E+4,
353.00,9.63177813E+4,
354.00,9.18624219E+4,
355.00,8.62520703E+4,
356.00,8.41121875E+4,
357.00,7.89315000E+4,
358.00,7.44711875E+4,
359.00,7.10191250E+4,
360.00,6.81430391E+4,
361.00,6.43423789E+4,
362.00,6.20486094E+4,
363.00,5.87666836E+4,
364.00,5.55235273E+4,
365.00,5.26536914E+4,
366.00,5.01931172E+4,
367.00,4.84638242E+4,
368.00,4.53910039E+4,
369.00,4.46432500E+4,
370.00,4.27620938E+4,
371.00,4.05695781E+4,
372.00,3.97680000E+4,
373.00,3.86266602E+4,
374.00,3.71504258E+4,
375.00,3.71608945E+4,
376.00,3.71053086E+4,
377.00,3.68945039E+4,
378.00,3.62630781E+4,
379.00,3.63311602E+4,
380.00,3.65227891E+4,
381.00,3.79501445E+4,
382.00,3.91767109E+4,
383.00,3.97176094E+4,
384.00,4.17588867E+4,
385.00,4.28380938E+4,
386.00,4.56423203E+4,
387.00,4.75329102E+4,
388.00,5.14223047E+4,
389.00,5.29008633E+4,
390.00,5.71476289E+4,
391.00,6.06086172E+4,
392.00,6.39835586E+4,
393.00,6.73294453E+4,
394.00,7.04109531E+4,
395.00,7.47053516E+4,
396.00,7.87318906E+4,
397.00,8.43640859E+4,
398.00,8.84432969E+4,
399.00,9.41340781E+4,
400.00,9.87506094E+4,
401.00,1.02942703E+5,
402.00,1.08572195E+5,
403.00,1.13746359E+5,
404.00,1.19310836E+5,
405.00,1.24029906E+5,
406.00,1.29379555E+5,
407.00,1.34330781E+5,
408.00,1.38612438E+5,
409.00,1.42006781E+5,
410.00,1.45929578E+5,
411.00,1.51135328E+5,
412.00,1.54227828E+5,
413.00,1.58060594E+5,
414.00,1.64110063E+5,
415.00,1.68666172E+5,
416.00,1.71955688E+5,
417.00,1.77286313E+5,
418.00,1.79905797E+5,
419.00,1.84011203E+5,
420.00,1.86979109E+5,
421.00,1.90599750E+5,
422.00,1.96236516E+5,
423.00,1.99904031E+5,
424.00,2.02392281E+5,
425.00,2.04871438E+5,
426.00,2.09290688E+5,
427.00,2.11508141E+5,
428.00,2.13211750E+5,
429.00,2.15584328E+5,
430.00,2.20056984E+5,
431.00,2.22919750E+5,
432.00,2.23193234E+5,
433.00,2.26265047E+5,
434.00,2.27420922E+5,
435.00,2.30515734E+5,
436.00,2.30264953E+5,
437.00,2.32106094E+5,
438.00,2.30685453E+5,
439.00,2.33195844E+5,
440.00,2.34198125E+5,
441.00,2.37087609E+5,
442.00,2.36268953E+5,
443.00,2.37241500E+5,
444.00,2.39980609E+5,
445.00,2.42234828E+5,
446.00,2.39095422E+5,
447.00,2.38227313E+5,
448.00,2.42376703E+5,
449.00,2.42073000E+5,
450.00,2.37795203E+5,
451.00,2.40391281E+5,
452.00,2.36912172E+5,
453.00,2.36388859E+5,
454.00,2.36582594E+5,
455.00,2.36637891E+5,
456.00,2.37751625E+5,
457.00,2.36622703E+5,
458.00,2.32670938E+5,
459.00,2.31266578E+5,
460.00,2.31633828E+5,
461.00,2.30296234E+5,
462.00,2.27711156E+5,
463.00,2.27350406E+5,
464.00,2.25351625E+5,
465.00,2.26039813E+5,
466.00,2.23731016E+5,
467.00,2.21339188E+5,
468.00,2.18695156E+5,
469.00,2.16318656E+5,
470.00,2.16234375E+5,
471.00,2.16761750E+5,
472.00,2.16617438E+5,
473.00,2.13828938E+5,
474.00,2.12133813E+5,
475.00,2.11590391E+5,
476.00,2.08651453E+5,
477.00,2.06022031E+5,
478.00,2.02307281E+5,
479.00,2.02612625E+5,
480.00,1.99056000E+5,
481.00,1.95684281E+5,
482.00,1.93196984E+5,
483.00,1.91963922E+5,
484.00,1.89639266E+5,
485.00,1.89810813E+5,
486.00,1.85668906E+5,
487.00,1.84151688E+5,
488.00,1.81452141E+5,
489.00,1.79045203E+5,
490.00,1.77446500E+5,
491.00,1.74933844E+5,
492.00,1.70157750E+5,
493.00,1.67924266E+5,
494.00,1.67073063E+5,
495.00,1.63015734E+5,
496.00,1.57347641E+5,
497.00,1.56257125E+5,
498.00,1.54926203E+5,
499.00,1.51786641E+5,
500.00,1.47911766E+5,
501.00,1.43905656E+5,
502.00,1.39839156E+5,
503.00,1.37918500E+5,
504.00,1.34981813E+5,
505.00,1.31905703E+5,
506.00,1.27911352E+5,
507.00,1.26110438E+5,
508.00,1.21840711E+5,
509.00,1.19664758E+5,
510.00,1.16127391E+5,
511.00,1.13417375E+5,
512.00,1.11756391E+5,
513.00,1.09372852E+5,
514.00,1.04046250E+5,
515.00,1.03020258E+5,
516.00,9.93135000E+4,
517.00,9.74417422E+4,
518.00,9.48125781E+4,
519.00,9.46226953E+4,
520.00,9.17122578E+4,
521.00,8.77101563E+4,
522.00,8.63496797E+4,
523.00,8.20576172E+4,
524.00,8.14198359E+4,
525.00,7.93024688E+4,
526.00,7.73613047E+4,
527.00,7.53167031E+4,
528.00,7.26998828E+4,
529.00,7.10687969E+4,
530.00,7.02399453E+4,
531.00,6.87820547E+4,
532.00,6.86333906E+4,
533.00,6.71153750E+4,
534.00,6.56501641E+4,
535.00,6.47243398E+4,
536.00,6.43081211E+4,
537.00,6.30383711E+4,
538.00,6.14297617E+4,
539.00,6.11720703E+4,
540.00,6.03954453E+4,
541.00,6.08097070E+4,
542.00,6.00411133E+4,
543.00,6.11905391E+4,
544.00,5.96277773E+4,
545.00,5.97151992E+4,
546.00,5.84707383E+4,
547.00,6.08148359E+4,
548.00,5.91888672E+4,
549.00,6.04175313E+4,
550.00,5.94691914E+4,
551.00,6.03973086E+4,
552.00,6.33561875E+4,
553.00,6.14402852E+4,
554.00,6.26983594E+4,
555.00,6.29924688E+4,
556.00,6.56825234E+4,
557.00,6.54852656E+4,
558.00,6.61783516E+4,
559.00,6.89663047E+4,
560.00,6.88746328E+4,
561.00,6.94857891E+4,
562.00,7.10738125E+4,
563.00,7.21911172E+4,
564.00,7.45786250E+4,
565.00,7.59831016E+4,
566.00,7.78058594E+4,
567.00,7.92250234E+4,
568.00,7.99082188E+4,
569.00,8.16862734E+4,
570.00,8.24177891E+4,
571.00,8.60861172E+4,
572.00,8.73928438E+4,
573.00,8.83613203E+4,
574.00,9.37263359E+4,
575.00,9.16425391E+4,
576.00,9.41027578E+4,
577.00,9.58145469E+4,
578.00,9.81358516E+4,
579.00,1.00613305E+5,
580.00,1.01031367E+5,
581.00,1.05406828E+5,
582.00,1.05539813E+5,
583.00,1.06161484E+5,
584.00,1.07058086E+5,
585.00,1.10134805E+5,
586.00,1.11857766E+5,
587.00,1.17482953E+5,
588.00,1.16658492E+5,
589.00,1.18756398E+5,
590.00,1.21246883E+5,
591.00,1.20564852E+5,
592.00,1.22849773E+5,
593.00,1.25818922E+5,
594.00,1.26581391E+5,
595.00,1.27326883E+5,
596.00,1.28478328E+5,
597.00,1.31029578E+5,
598.00,1.34114719E+5,
599.00,1.33892344E+5,
600.00,1.34768047E+5,
601.00,1.38166094E+5,
602.00,1.38858172E+5,
603.00,1.41602797E+5,
604.00,1.41065563E+5,
605.00,1.43321531E+5,
606.00,1.42481953E+5,
607.00,1.45108094E+5,
608.00,1.45733906E+5,
609.00,1.45923453E+5,
610.00,1.48609781E+5,
611.00,1.50020844E+5,
612.00,1.50934375E+5,
613.00,1.49909750E+5,
614.00,1.51064984E+5,
615.00,1.54385609E+5,
616.00,1.52377281E+5,
617.00,1.55647031E+5,
618.00,1.55803203E+5,
619.00,1.53803344E+5,
620.00,1.58128172E+5,
621.00,1.58582750E+5,
622.00,1.59263672E+5,
623.00,1.60561844E+5,
624.00,1.59886938E+5,
625.00,1.61335281E+5,
626.00,1.61024109E+5,
627.00,1.62351250E+5,
628.00,1.63928563E+5,
629.00,1.62199234E+5,
630.00,1.66127359E+5,
631.00,1.64075047E+5,
632.00,1.64167063E+5,
633.00,1.64315703E+5,
634.00,1.63908969E+5,
635.00,1.67116031E+5,
636.00,1.66057953E+5,
637.00,1.66459219E+5,
638.00,1.67044266E+5,
639.00,1.69150781E+5,
640.00,1.65645688E+5,
641.00,1.64934641E+5,
642.00,1.67212469E+5,
643.00,1.62521625E+5,
644.00,1.63264172E+5,
645.00,1.65513156E+5,
646.00,1.63633813E+5,
647.00,1.65820594E+5,
648.00,1.64788344E+5,
649.00,1.61748953E+5,
650.00,1.59753875E+5,
651.00,1.62205219E+5,
652.00,1.59526078E+5,
653.00,1.53874594E+5,
654.00,1.57193891E+5,
655.00,1.60201547E+5,
656.00,1.56485578E+5,
657.00,1.54084063E+5,
658.00,1.56430203E+5,
659.00,1.56358375E+5,
660.00,1.56174750E+5,
661.00,1.56389109E+5,
662.00,1.57670844E+5,
663.00,1.56273734E+5,
664.00,1.51018969E+5,
665.00,1.52907125E+5,
666.00,1.53320094E+5,
667.00,1.49962891E+5,
668.00,1.46051609E+5,
669.00,1.49946031E+5,
670.00,1.48475922E+5,
671.00,1.46730969E+5,
672.00,1.47484063E+5,
673.00,1.45794453E+5,
674.00,1.41612391E+5,
675.00,1.41816484E+5,
676.00,1.40653344E+5,
677.00,1.39916141E+5,
678.00,1.41223203E+5,
679.00,1.40066500E+5,
680.00,1.41433734E+5,
681.00,1.42308578E+5,
682.00,1.35863188E+5,
683.00,1.37100875E+5,
684.00,1.35636703E+5,
685.00,1.34737266E+5,
686.00,1.31826750E+5,
687.00,1.28635211E+5,
688.00,1.27823266E+5,
689.00,1.27243281E+5,
690.00,1.25190813E+5,
691.00,1.25078586E+5,
692.00,1.23124930E+5,
693.00,1.27447352E+5,
694.00,1.25853859E+5,
695.00,1.27454117E+5,
696.00,1.30363867E+5,
697.00,1.30089453E+5,
698.00,1.26671461E+5,
699.00,1.28922453E+5,
700.00,1.28480633E+5,
701.00,1.24113977E+5,
702.00,1.27411547E+5,
703.00,1.20595727E+5,
704.00,1.20332211E+5,
705.00,1.15610945E+5,
706.00,1.16734000E+5,
707.00,1.09026086E+5,
708.00,1.10875234E+5,
709.00,1.07913961E+5,
710.00,1.05733063E+5,
711.00,1.07740844E+5,
712.00,1.03398453E+5,
713.00,1.00441773E+5,
714.00,9.90432500E+4,
715.00,9.85424141E+4,
716.00,9.60237656E+4,
717.00,8.79842188E+4,
718.00,8.83005938E+4,
719.00,8.74986328E+4,
720.00,8.60206563E+4,
721.00,8.67014609E+4,
722.00,8.40928984E+4,
723.00,8.06828984E+4,
724.00,8.08052969E+4,
725.00,7.68081016E+4,
726.00,7.69795703E+4,
727.00,7.71753438E+4,
728.00,7.25150078E+4,
729.00,7.04318203E+4,
730.00,6.77731797E+4,
731.00,6.74475234E+4,
732.00,6.34333047E+4,
733.00,6.27929102E+4,
734.00,6.29721328E+4,
735.00,6.12933828E+4,
736.00,5.71937148E+4,
737.00,5.71194883E+4,
738.00,5.20278711E+4,
739.00,5.28279844E+4,
740.00,5.13086133E+4,
741.00,4.95989297E+4,
742.00,4.78092422E+4,
743.00,4.33941992E+4,
744.00,4.47029648E+4,
745.00,4.43905234E+4,
746.00,4.08852656E+4,
747.00,4.38167852E+4,
748.00,3.98171055E+4,
749.00,3.90241016E+4,
750.00,3.90936680E+4,
