Labels,0,
Type,Emission Scan,
Comment,,
Start,650.00,
Stop,1700.00,
Step,1.00,
Fixed/Offset,450.00,
Xaxis,Wavelength,
Yaxis,Counts,
Scan Corr. by File,True,
Corr. by Ref. Det.,True,
Fixed/Offset Corr. by File,False,
Repeats,1,
Dwell Time,0.10,
Lamp,Xenon,
Temp,27.450,
Scan Polariser,None,
Scan Slit,3.9999883,
Fixed/Offset Polariser,None,
Fixed/Offset Slit,4.0000019,
Detector,Det2,

650.00,1.71219739E+3,
651.00,1.85431580E+3,
652.00,1.91395569E+3,
653.00,2.11556348E+3,
654.00,2.21623486E+3,
655.00,2.61105493E+3,
656.00,2.91229541E+3,
657.00,3.12789526E+3,
658.00,3.35657568E+3,
659.00,3.63853613E+3,
660.00,4.07807446E+3,
661.00,4.23863965E+3,
662.00,4.78731982E+3,
663.00,5.21885889E+3,
664.00,5.52192725E+3,
665.00,6.18211914E+3,
666.00,6.53059326E+3,
667.00,6.97505371E+3,
668.00,7.67052637E+3,
669.00,8.59586621E+3,
670.00,8.97697363E+3,
671.00,9.85074805E+3,
672.00,1.03965068E+4,
673.00,1.13710283E+4,
674.00,1.24347129E+4,
675.00,1.32712549E+4,
676.00,1.40558330E+4,
677.00,1.58917910E+4,
678.00,1.71703770E+4,
679.00,1.80513887E+4,
680.00,1.87552188E+4,
681.00,2.02995488E+4,
682.00,2.17568594E+4,
683.00,2.33565352E+4,
684.00,2.46607051E+4,
685.00,2.56624688E+4,
686.00,2.78678848E+4,
687.00,3.00384844E+4,
688.00,3.16887793E+4,
689.00,3.33470313E+4,
690.00,3.57468438E+4,
691.00,3.88956094E+4,
692.00,4.28796406E+4,
693.00,4.69077773E+4,
694.00,5.14337227E+4,
695.00,5.43120039E+4,
696.00,5.64567617E+4,
697.00,5.95298594E+4,
698.00,6.20138984E+4,
699.00,6.48246172E+4,
700.00,6.78639141E+4,
701.00,6.93073906E+4,
702.00,7.19558359E+4,
703.00,7.43535703E+4,
704.00,7.89684688E+4,
705.00,8.14782500E+4,
706.00,8.49491016E+4,
707.00,9.20537734E+4,
708.00,9.53215938E+4,
709.00,1.00778906E+5,
710.00,1.02915672E+5,
711.00,1.07946453E+5,
712.00,1.12112805E+5,
713.00,1.16592141E+5,
714.00,1.20095984E+5,
715.00,1.23856609E+5,
716.00,1.26616961E+5,
717.00,1.30028508E+5,
718.00,1.32761344E+5,
719.00,1.36372500E+5,
720.00,1.38950578E+5,
721.00,1.40105000E+5,
722.00,1.44672750E+5,
723.00,1.47397063E+5,
724.00,1.51004328E+5,
725.00,1.53760594E+5,
726.00,1.58242906E+5,
727.00,1.59917203E+5,
728.00,1.64819531E+5,
729.00,1.67337078E+5,
730.00,1.69538109E+5,
731.00,1.74259422E+5,
732.00,1.76714797E+5,
733.00,1.78807094E+5,
734.00,1.81940766E+5,
735.00,1.84317813E+5,
736.00,1.85477391E+5,
737.00,1.89901172E+5,
738.00,1.91057109E+5,
739.00,1.94910656E+5,
740.00,1.98253000E+5,
741.00,2.00836375E+5,
742.00,2.04691469E+5,
743.00,2.05077391E+5,
744.00,2.08602438E+5,
745.00,2.08903016E+5,
746.00,2.11670422E+5,
747.00,2.15254844E+5,
748.00,2.17028250E+5,
749.00,2.19995188E+5,
750.00,2.21246797E+5,
751.00,2.24420828E+5,
752.00,2.26511531E+5,
753.00,2.27913984E+5,
754.00,2.30569844E+5,
755.00,2.32641969E+5,
756.00,2.34836063E+5,
757.00,2.34728828E+5,
758.00,2.38057984E+5,
759.00,2.37918938E+5,
760.00,2.39972266E+5,
761.00,2.42231234E+5,
762.00,2.42320391E+5,
763.00,2.42793000E+5,
764.00,2.44420094E+5,
765.00,2.45777563E+5,
766.00,2.46512422E+5,
767.00,2.47020563E+5,
768.00,2.46896250E+5,
769.00,2.47403781E+5,
770.00,2.50981703E+5,
771.00,2.50095547E+5,
772.00,2.52490516E+5,
773.00,2.51164078E+5,
774.00,2.51971234E+5,
775.00,2.52705656E+5,
776.00,2.51913109E+5,
777.00,2.52777859E+5,
778.00,2.55122047E+5,
779.00,2.54423141E+5,
780.00,2.55072656E+5,
781.00,2.55846641E+5,
782.00,2.53659016E+5,
783.00,2.56238891E+5,
784.00,2.55547078E+5,
785.00,2.55321766E+5,
786.00,2.54648734E+5,
787.00,2.54513813E+5,
788.00,2.54576375E+5,
789.00,2.53795656E+5,
790.00,2.54419250E+5,
791.00,2.52528469E+5,
792.00,2.53803078E+5,
793.00,2.52890922E+5,
794.00,2.51826016E+5,
795.00,2.53091125E+5,
796.00,2.51158453E+5,
797.00,2.49835766E+5,
798.00,2.50987688E+5,
799.00,2.51100984E+5,
800.00,2.48597438E+5,
801.00,2.49116781E+5,
802.00,2.47025438E+5,
803.00,2.48727297E+5,
804.00,2.46208656E+5,
805.00,2.44698297E+5,
806.00,2.46091250E+5,
807.00,2.43514750E+5,
808.00,2.43490547E+5,
809.00,2.42707703E+5,
810.00,2.42194547E+5,
811.00,2.41259766E+5,
812.00,2.40603828E+5,
813.00,2.39989469E+5,
814.00,2.36721266E+5,
815.00,2.36731281E+5,
816.00,2.35500672E+5,
817.00,2.33201000E+5,
818.00,2.31775766E+5,
819.00,2.32627563E+5,
820.00,2.31638297E+5,
821.00,2.28105000E+5,
822.00,2.28522125E+5,
823.00,2.28324625E+5,
824.00,2.28182781E+5,
825.00,2.24671219E+5,
826.00,2.24691547E+5,
827.00,2.21614031E+5,
828.00,2.20699156E+5,
829.00,2.18542031E+5,
830.00,2.16946625E+5,
831.00,2.16219188E+5,
832.00,2.16413500E+5,
833.00,2.14277922E+5,
834.00,2.11949344E+5,
835.00,2.11938328E+5,
836.00,2.09803953E+5,
837.00,2.09025750E+5,
838.00,2.07911828E+5,
839.00,2.04651047E+5,
840.00,2.04587484E+5,
841.00,2.03594922E+5,
842.00,2.03342797E+5,
843.00,1.99539125E+5,
844.00,1.99569438E+5,
845.00,1.96577969E+5,
846.00,1.97628047E+5,
847.00,1.94989859E+5,
848.00,1.92805078E+5,
849.00,1.92145297E+5,
850.00,1.90163828E+5,
851.00,1.88121391E+5,
852.00,1.87694656E+5,
853.00,1.86041078E+5,
854.00,1.84502625E+5,
855.00,1.82992719E+5,
856.00,1.81067344E+5,
857.00,1.79685453E+5,
858.00,1.78643141E+5,
859.00,1.76827984E+5,
860.00,1.74889672E+5,
861.00,1.73459750E+5,
862.00,1.72747047E+5,
863.00,1.70460047E+5,
864.00,1.69670219E+5,
865.00,1.67753078E+5,
866.00,1.65747438E+5,
867.00,1.63754625E+5,
868.00,1.62739844E+5,
869.00,1.60784766E+5,
870.00,1.59830469E+5,
871.00,1.57985266E+5,
872.00,1.55543922E+5,
873.00,1.55105969E+5,
874.00,1.53577609E+5,
875.00,1.51409625E+5,
876.00,1.49658984E+5,
877.00,1.48896484E+5,
878.00,1.46435797E+5,
879.00,1.44413031E+5,
880.00,1.43313391E+5,
881.00,1.42012422E+5,
882.00,1.40757922E+5,
883.00,1.38143969E+5,
884.00,1.36992109E+5,
885.00,1.35880078E+5,
886.00,1.34014438E+5,
887.00,1.33601047E+5,
888.00,1.31213813E+5,
889.00,1.30905945E+5,
890.00,1.28015375E+5,
891.00,1.27194695E+5,
892.00,1.24952852E+5,
893.00,1.24269469E+5,
894.00,1.22232086E+5,
895.00,1.21269750E+5,
896.00,1.20171117E+5,
897.00,1.18543227E+5,
898.00,1.17133750E+5,
899.00,1.15946742E+5,
900.00,1.14029984E+5,
901.00,1.13737070E+5,
902.00,1.12488695E+5,
903.00,1.10824672E+5,
904.00,1.09807227E+5,
905.00,1.08302547E+5,
906.00,1.07560617E+5,
907.00,1.05953445E+5,
908.00,1.04826695E+5,
909.00,1.03299313E+5,
910.00,1.02035336E+5,
911.00,1.01200672E+5,
912.00,9.98240547E+4,
913.00,9.87238984E+4,
914.00,9.77341797E+4,
915.00,9.59083594E+4,
916.00,9.51357734E+4,
917.00,9.35823828E+4,
918.00,9.25570391E+4,
919.00,9.12981641E+4,
920.00,9.03455938E+4,
921.00,8.90588047E+4,
922.00,8.81362734E+4,
923.00,8.68457813E+4,
924.00,8.56875625E+4,
925.00,8.43869922E+4,
926.00,8.38985313E+4,
927.00,8.26535391E+4,
928.00,8.12914219E+4,
929.00,7.99714688E+4,
930.00,7.87518125E+4,
931.00,7.74175781E+4,
932.00,7.69653828E+4,
933.00,7.62104766E+4,
934.00,7.51060781E+4,
935.00,7.38791797E+4,
936.00,7.26177344E+4,
937.00,7.18712031E+4,
938.00,7.10812813E+4,
939.00,6.97586484E+4,
940.00,6.78579766E+4,
941.00,6.74373125E+4,
942.00,6.61331484E+4,
943.00,6.61346875E+4,
944.00,6.48526992E+4,
945.00,6.43644883E+4,
946.00,6.31464766E+4,
947.00,6.21983477E+4,
948.00,6.13670508E+4,
949.00,6.06411836E+4,
950.00,5.93622734E+4,
951.00,5.88601367E+4,
952.00,5.75750859E+4,
953.00,5.72468359E+4,
954.00,5.59131211E+4,
955.00,5.50870859E+4,
956.00,5.43945586E+4,
957.00,5.35374648E+4,
958.00,5.26785234E+4,
959.00,5.19243398E+4,
960.00,5.13898359E+4,
961.00,5.04726523E+4,
962.00,4.99527305E+4,
963.00,4.94520391E+4,
964.00,4.80610977E+4,
965.00,4.74054648E+4,
966.00,4.67616016E+4,
967.00,4.62715664E+4,
968.00,4.55488633E+4,
969.00,4.48115156E+4,
970.00,4.40092383E+4,
971.00,4.36023359E+4,
972.00,4.26668945E+4,
973.00,4.20345664E+4,
974.00,4.11288945E+4,
975.00,4.07657852E+4,
976.00,3.98946250E+4,
977.00,3.96927891E+4,
978.00,3.90456680E+4,
979.00,3.83077383E+4,
980.00,3.76178750E+4,
981.00,3.72576719E+4,
982.00,3.65968516E+4,
983.00,3.61888477E+4,
984.00,3.55122773E+4,
985.00,3.49435898E+4,
986.00,3.42316172E+4,
987.00,3.38307773E+4,
988.00,3.29666836E+4,
989.00,3.28387617E+4,
990.00,3.21252598E+4,
991.00,3.19588105E+4,
992.00,3.13473027E+4,
993.00,3.06835820E+4,
994.00,3.03320547E+4,
995.00,2.97857363E+4,
996.00,2.93505391E+4,
997.00,2.88761699E+4,
998.00,2.84124824E+4,
999.00,2.78688184E+4,
1000.00,2.75324336E+4,
1001.000,2.69219648E+4,
1002.000,2.67140781E+4,
1003.000,2.62028574E+4,
1004.000,2.56383516E+4,
1005.000,2.51464043E+4,
1006.000,2.48665449E+4,
1007.000,2.45898086E+4,
1008.000,2.40728340E+4,
1009.000,2.36747539E+4,
1010.00,2.33689102E+4,
1011.000,2.30490273E+4,
1012.000,2.25170801E+4,
1013.000,2.23757188E+4,
1014.000,2.19491172E+4,
1015.000,2.17112168E+4,
1016.000,2.12621484E+4,
1017.000,2.07803438E+4,
1018.000,2.06768750E+4,
1019.000,2.01874023E+4,
1020.00,1.98986270E+4,
1021.000,1.97206777E+4,
1022.000,1.94000879E+4,
1023.000,1.90442207E+4,
1024.000,1.85673750E+4,
1025.000,1.84895977E+4,
1026.000,1.81738047E+4,
1027.000,1.78953105E+4,
1028.000,1.76685547E+4,
1029.000,1.73401895E+4,
1030.00,1.70439863E+4,
1031.000,1.66923086E+4,
1032.000,1.65193770E+4,
1033.000,1.62350244E+4,
1034.000,1.61282363E+4,
1035.000,1.55746094E+4,
1036.000,1.54561162E+4,
1037.000,1.51159033E+4,
1038.000,1.49092715E+4,
1039.000,1.48679912E+4,
1040.00,1.44019316E+4,
1041.000,1.42344326E+4,
1042.000,1.40382822E+4,
1043.000,1.37623828E+4,
1044.000,1.35841592E+4,
1045.000,1.32880313E+4,
1046.000,1.29467920E+4,
1047.000,1.28099102E+4,
1048.000,1.26222949E+4,
1049.000,1.24824160E+4,
1050.00,1.22626787E+4,
1051.000,1.19934678E+4,
1052.000,1.18394932E+4,
1053.000,1.17647588E+4,
1054.000,1.14210771E+4,
1055.000,1.13529063E+4,
1056.000,1.11468506E+4,
1057.000,1.08685996E+4,
1058.000,1.07095244E+4,
1059.000,1.05662490E+4,
1060.00,1.04271250E+4,
1061.000,1.02285088E+4,
1062.000,1.00700938E+4,
1063.000,9.86217676E+3,
1064.000,9.75215820E+3,
1065.000,9.58346582E+3,
1066.000,9.39411133E+3,
1067.000,9.19370020E+3,
1068.000,9.12372266E+3,
1069.000,9.00802246E+3,
1070.00,8.82991504E+3,
1071.000,8.68577832E+3,
1072.000,8.53027148E+3,
1073.000,8.41185840E+3,
1074.000,8.32312305E+3,
1075.000,8.08296338E+3,
1076.000,7.93714111E+3,
1077.000,7.85659082E+3,
1078.000,7.61854932E+3,
1079.000,7.52572119E+3,
1080.00,7.39867139E+3,
1081.000,7.37220557E+3,
1082.000,7.12075049E+3,
1083.000,7.08168018E+3,
1084.000,6.89344678E+3,
1085.000,6.89699365E+3,
1086.000,6.75702295E+3,
1087.000,6.66900439E+3,
1088.000,6.57529639E+3,
1089.000,6.35516113E+3,
1090.00,6.31675830E+3,
1091.000,6.12775195E+3,
1092.000,6.05323828E+3,
1093.000,6.03693262E+3,
1094.000,5.91061914E+3,
1095.000,5.79481787E+3,
1096.000,5.69961572E+3,
1097.000,5.60500537E+3,
1098.000,5.49367725E+3,
1099.000,5.40499463E+3,
1100.00,5.33704053E+3,
1101.000,5.26093896E+3,
1102.000,5.13054150E+3,
1103.000,5.09031836E+3,
1104.000,5.01924072E+3,
1105.000,4.92735840E+3,
1106.000,4.71256348E+3,
1107.000,4.73257861E+3,
1108.000,4.65880225E+3,
1109.000,4.63681494E+3,
1110.00,4.52557520E+3,
1111.000,4.37178564E+3,
1112.000,4.33895654E+3,
1113.000,4.31628369E+3,
1114.000,4.22835010E+3,
1115.000,4.17941748E+3,
1116.000,4.14746436E+3,
1117.000,4.04986987E+3,
1118.000,4.04013843E+3,
1119.000,3.86436182E+3,
1120.00,3.88113232E+3,
1121.000,3.81500562E+3,
1122.000,3.77266309E+3,
1123.000,3.64433203E+3,
1124.000,3.61498315E+3,
1125.000,3.60288525E+3,
1126.000,3.52972217E+3,
1127.000,3.42766992E+3,
1128.000,3.39134766E+3,
1129.000,3.37459766E+3,
1130.00,3.17918506E+3,
1131.000,3.19493164E+3,
1132.000,3.09379419E+3,
1133.000,3.01952905E+3,
1134.000,3.13801270E+3,
1135.000,3.04595068E+3,
1136.000,2.96311475E+3,
1137.000,2.89950928E+3,
1138.000,2.87176611E+3,
1139.000,2.83704614E+3,
1140.00,2.75442383E+3,
1141.000,2.66061914E+3,
1142.000,2.66763989E+3,
1143.000,2.63021582E+3,
1144.000,2.55838696E+3,
1145.000,2.59682544E+3,
1146.000,2.55735889E+3,
1147.000,2.48112939E+3,
1148.000,2.43540405E+3,
1149.000,2.42823682E+3,
1150.00,2.35013110E+3,
1151.000,2.30895190E+3,
1152.000,2.24020337E+3,
1153.000,2.26079810E+3,
1154.000,2.22357324E+3,
1155.000,2.17178955E+3,
1156.000,2.12870190E+3,
1157.000,2.08430957E+3,
1158.000,2.03788306E+3,
1159.000,2.05623389E+3,
1160.00,2.02686133E+3,
1161.000,1.99464807E+3,
1162.000,1.95653064E+3,
1163.000,1.94682996E+3,
1164.000,1.88721289E+3,
1165.000,1.94013708E+3,
1166.000,1.90751672E+3,
1167.000,1.82138501E+3,
1168.000,1.81871716E+3,
1169.000,1.79720422E+3,
1170.00,1.75635986E+3,
1171.000,1.80062073E+3,
1172.000,1.76518164E+3,
1173.000,1.68294617E+3,
1174.000,1.74306860E+3,
1175.000,1.67938489E+3,
1176.000,1.68754675E+3,
1177.000,1.63034717E+3,
1178.000,1.61187500E+3,
1179.000,1.50793457E+3,
1180.00,1.57103357E+3,
1181.000,1.48745886E+3,
1182.000,1.51043298E+3,
1183.000,1.52726636E+3,
1184.000,1.50670313E+3,
1185.000,1.47807373E+3,
1186.000,1.44420874E+3,
1187.000,1.47392676E+3,
1188.000,1.44206653E+3,
1189.000,1.42620374E+3,
1190.00,1.39582776E+3,
1191.000,1.42328589E+3,
1192.000,1.39700146E+3,
1193.000,1.40781018E+3,
1194.000,1.39540198E+3,
1195.000,1.31579541E+3,
1196.000,1.39931982E+3,
1197.000,1.33153955E+3,
1198.000,1.34714709E+3,
1199.000,1.30974646E+3,
1200.00,1.31939380E+3,
1201.000,1.30055066E+3,
1202.000,1.28214160E+3,
1203.000,1.31751819E+3,
1204.000,1.26057715E+3,
1205.000,1.26140125E+3,
1206.000,1.27763086E+3,
1207.000,1.27102698E+3,
1208.000,1.21757776E+3,
1209.000,1.29376050E+3,
1210.00,1.27706116E+3,
1211.000,1.27314880E+3,
1212.000,1.26485815E+3,
1213.000,1.25497583E+3,
1214.000,1.25030371E+3,
1215.000,1.24019788E+3,
1216.000,1.25068188E+3,
1217.000,1.23720239E+3,
1218.000,1.26622290E+3,
1219.000,1.23131873E+3,
1220.00,1.24061023E+3,
1221.000,1.25327917E+3,
1222.000,1.24468591E+3,
1223.000,1.28498718E+3,
1224.000,1.24616028E+3,
1225.000,1.25532959E+3,
1226.000,1.31025720E+3,
1227.000,1.30602087E+3,
1228.000,1.28309705E+3,
1229.000,1.27301965E+3,
1230.00,1.28485083E+3,
1231.000,1.28878516E+3,
1232.000,1.31166895E+3,
1233.000,1.31639648E+3,
1234.000,1.32972412E+3,
1235.000,1.32097437E+3,
1236.000,1.38371558E+3,
1237.000,1.31567456E+3,
1238.000,1.38067639E+3,
1239.000,1.42536951E+3,
1240.00,1.42417761E+3,
1241.000,1.42729590E+3,
1242.000,1.42068933E+3,
1243.000,1.43991052E+3,
1244.000,1.45436987E+3,
1245.000,1.49295874E+3,
1246.000,1.49142444E+3,
1247.000,1.50535986E+3,
1248.000,1.52162756E+3,
1249.000,1.51555530E+3,
1250.00,1.62379468E+3,
1251.000,1.62865491E+3,
1252.000,1.59873218E+3,
1253.000,1.58355798E+3,
1254.000,1.67314722E+3,
1255.000,1.66011279E+3,
1256.000,1.68746094E+3,
1257.000,1.68459766E+3,
1258.000,1.68581714E+3,
1259.000,1.69666907E+3,
1260.00,1.71880164E+3,
1261.000,1.76792004E+3,
1262.000,1.81909155E+3,
1263.000,1.84398657E+3,
1264.000,1.86568848E+3,
1265.000,1.89354553E+3,
1266.000,1.92340405E+3,
1267.000,1.94029248E+3,
1268.000,1.99017834E+3,
1269.000,1.95195239E+3,
1270.00,2.06264746E+3,
1271.000,2.12786011E+3,
1272.000,2.09220386E+3,
1273.000,2.12959375E+3,
1274.000,2.22304639E+3,
1275.000,2.23811450E+3,
1276.000,2.22604150E+3,
1277.000,2.27197949E+3,
1278.000,2.32968433E+3,
1279.000,2.42033472E+3,
1280.00,2.45225732E+3,
1281.000,2.53552490E+3,
1282.000,2.50465894E+3,
1283.000,2.52086743E+3,
1284.000,2.61431567E+3,
1285.000,2.68848193E+3,
1286.000,2.68757275E+3,
1287.000,2.76790259E+3,
1288.000,2.79077173E+3,
1289.000,2.85863550E+3,
1290.00,2.91333521E+3,
1291.000,2.95669775E+3,
1292.000,3.01958545E+3,
1293.000,3.10121313E+3,
1294.000,3.14816260E+3,
1295.000,3.21886279E+3,
1296.000,3.15279614E+3,
1297.000,3.32287329E+3,
1298.000,3.39784106E+3,
1299.000,3.46894385E+3,
1300.00,3.51313843E+3,
1301.000,3.64480859E+3,
1302.000,3.66121313E+3,
1303.000,3.68856738E+3,
1304.000,3.75478833E+3,
1305.000,3.92020654E+3,
1306.000,3.92752856E+3,
1307.000,3.99021729E+3,
1308.000,4.05476782E+3,
1309.000,4.08224097E+3,
1310.00,4.23296582E+3,
1311.000,4.29023730E+3,
1312.000,4.34948145E+3,
1313.000,4.46421680E+3,
1314.000,4.54348486E+3,
1315.000,4.63781934E+3,
1316.000,4.67145264E+3,
1317.000,4.74432764E+3,
1318.000,4.84836816E+3,
1319.000,5.00110645E+3,
1320.00,4.99774121E+3,
1321.000,5.16652686E+3,
1322.000,5.22992920E+3,
1323.000,5.29212549E+3,
1324.000,5.41610938E+3,
1325.000,5.47451025E+3,
1326.000,5.62939990E+3,
1327.000,5.72752197E+3,
1328.000,5.82172900E+3,
1329.000,5.88218018E+3,
1330.00,5.99210986E+3,
1331.000,6.09500830E+3,
1332.000,6.27265869E+3,
1333.000,6.30379980E+3,
1334.000,6.52375293E+3,
1335.000,6.64482275E+3,
1336.000,6.61915430E+3,
1337.000,6.76042627E+3,
1338.000,6.82545410E+3,
1339.000,6.99652588E+3,
1340.00,7.19718115E+3,
1341.000,7.15705811E+3,
1342.000,7.28474463E+3,
1343.000,7.45023389E+3,
1344.000,7.51034766E+3,
1345.000,7.72551465E+3,
1346.000,7.74752783E+3,
1347.000,7.92982324E+3,
1348.000,8.23212500E+3,
1349.000,8.28337305E+3,
1350.00,8.40155078E+3,
1351.000,8.50404102E+3,
1352.000,8.71367480E+3,
1353.000,8.87857324E+3,
1354.000,9.08319824E+3,
1355.000,9.28693555E+3,
1356.000,9.45698828E+3,
1357.000,9.58270117E+3,
1358.000,9.47441504E+3,
1359.000,9.76739746E+3,
1360.00,9.96978711E+3,
1361.000,1.03299883E+4,
1362.000,1.07859258E+4,
1363.000,1.06422861E+4,
1364.000,1.04146748E+4,
1365.000,1.06988154E+4,
1366.000,1.06969336E+4,
1367.000,1.07005410E+4,
1368.000,1.12210693E+4,
1369.000,1.12632813E+4,
1370.00,1.12778350E+4,
1371.000,1.15102090E+4,
1372.000,1.16079082E+4,
1373.000,1.14012441E+4,
1374.000,1.13790459E+4,
1375.000,1.16239004E+4,
1376.000,1.20202002E+4,
1377.000,1.20311328E+4,
1378.000,1.22709590E+4,
1379.000,1.22083574E+4,
1380.00,1.30181260E+4,
1381.000,1.30052148E+4,
1382.000,1.31432588E+4,
1383.000,1.34571895E+4,
1384.000,1.31793281E+4,
1385.000,1.28679805E+4,
1386.000,1.30948877E+4,
1387.000,1.32315879E+4,
1388.000,1.33734502E+4,
1389.000,1.35826797E+4,
1390.00,1.32597168E+4,
1391.000,1.36251895E+4,
1392.000,1.42179824E+4,
1393.000,1.42115127E+4,
1394.000,1.40227090E+4,
1395.000,1.46403320E+4,
1396.000,1.50404414E+4,
1397.000,1.47763037E+4,
1398.000,1.42625527E+4,
1399.000,1.47236191E+4,
1400.00,1.57777324E+4,
1401.000,1.58875000E+4,
1402.000,1.50666924E+4,
1403.000,1.51487012E+4,
1404.000,1.56420957E+4,
1405.000,1.62903770E+4,
1406.000,1.60524375E+4,
1407.000,1.59989902E+4,
1408.000,1.63884297E+4,
1409.000,1.66287363E+4,
1410.00,1.66847305E+4,
1411.000,1.65367422E+4,
1412.000,1.64629707E+4,
1413.000,1.68612559E+4,
1414.000,1.73615898E+4,
1415.000,1.73066426E+4,
1416.000,1.70496230E+4,
1417.000,1.72459297E+4,
1418.000,1.77284922E+4,
1419.000,1.78881445E+4,
1420.00,1.81358047E+4,
1421.000,1.80498965E+4,
1422.000,1.80992480E+4,
1423.000,1.82751387E+4,
1424.000,1.85146895E+4,
1425.000,1.85301582E+4,
1426.000,1.86741836E+4,
1427.000,1.87084063E+4,
1428.000,1.89064766E+4,
1429.000,1.89017832E+4,
1430.00,1.91447012E+4,
1431.000,1.91919727E+4,
1432.000,1.93075469E+4,
1433.000,1.97148867E+4,
1434.000,1.94069043E+4,
1435.000,1.96830098E+4,
1436.000,1.97610859E+4,
1437.000,2.01167754E+4,
1438.000,2.01900820E+4,
1439.000,2.02429941E+4,
1440.00,2.03368262E+4,
1441.000,2.04416563E+4,
1442.000,2.04446797E+4,
1443.000,2.03735195E+4,
1444.000,2.08123828E+4,
1445.000,2.10935918E+4,
1446.000,2.13011230E+4,
1447.000,2.11385977E+4,
1448.000,2.10296738E+4,
1449.000,2.09211484E+4,
1450.00,2.14511543E+4,
1451.000,2.15366875E+4,
1452.000,2.14196074E+4,
1453.000,2.15528418E+4,
1454.000,2.15641191E+4,
1455.000,2.18068750E+4,
1456.000,2.17308262E+4,
1457.000,2.18542285E+4,
1458.000,2.19706172E+4,
1459.000,2.21448008E+4,
1460.00,2.20965547E+4,
1461.000,2.21901133E+4,
1462.000,2.23483477E+4,
1463.000,2.23942148E+4,
1464.000,2.24305469E+4,
1465.000,2.25239746E+4,
1466.000,2.26666680E+4,
1467.000,2.28622715E+4,
1468.000,2.27429648E+4,
1469.000,2.28827324E+4,
1470.00,2.29426055E+4,
1471.000,2.31434414E+4,
1472.000,2.32175996E+4,
1473.000,2.33653262E+4,
1474.000,2.31468164E+4,
1475.000,2.33436016E+4,
1476.000,2.33397852E+4,
1477.000,2.33596289E+4,
1478.000,2.34910332E+4,
1479.000,2.34146387E+4,
1480.00,2.37413418E+4,
1481.000,2.36894004E+4,
1482.000,2.38082285E+4,
1483.000,2.33295645E+4,
1484.000,2.36068008E+4,
1485.000,2.37258574E+4,
1486.000,2.37751641E+4,
1487.000,2.37745918E+4,
1488.000,2.38072754E+4,
1489.000,2.37762539E+4,
1490.00,2.38786074E+4,
1491.000,2.39652734E+4,
1492.000,2.41322480E+4,
1493.000,2.41387207E+4,
1494.000,2.42554102E+4,
1495.000,2.40993984E+4,
1496.000,2.40260957E+4,
1497.000,2.38579746E+4,
1498.000,2.42615488E+4,
1499.000,2.41917617E+4,
1500.00,2.42502461E+4,
1501.000,2.39858262E+4,
1502.000,2.41123848E+4,
1503.000,2.41589297E+4,
1504.000,2.43990859E+4,
1505.000,2.42346289E+4,
1506.000,2.40708711E+4,
1507.000,2.40974980E+4,
1508.000,2.41625957E+4,
1509.000,2.41738047E+4,
1510.00,2.40784453E+4,
1511.000,2.43682539E+4,
1512.000,2.40994844E+4,
1513.000,2.41448008E+4,
1514.000,2.40206973E+4,
1515.000,2.39954043E+4,
1516.000,2.40963887E+4,
1517.000,2.40543770E+4,
1518.000,2.40095762E+4,
1519.000,2.38912012E+4,
1520.00,2.39411738E+4,
1521.000,2.38353203E+4,
1522.000,2.38789746E+4,
1523.000,2.39908613E+4,
1524.000,2.38054727E+4,
1525.000,2.38722715E+4,
1526.000,2.39973906E+4,
1527.000,2.40079492E+4,
1528.000,2.38821934E+4,
1529.000,2.35814180E+4,
1530.00,2.37279766E+4,
1531.000,2.35826543E+4,
1532.000,2.36395703E+4,
1533.000,2.35286680E+4,
1534.000,2.35637559E+4,
1535.000,2.34610059E+4,
1536.000,2.34294492E+4,
1537.000,2.34776836E+4,
1538.000,2.34389473E+4,
1539.000,2.32357852E+4,
1540.00,2.30604531E+4,
1541.000,2.30498633E+4,
1542.000,2.30838262E+4,
1543.000,2.30971758E+4,
1544.000,2.30128945E+4,
1545.000,2.30488750E+4,
1546.000,2.29214707E+4,
1547.000,2.29370156E+4,
1548.000,2.27734902E+4,
1549.000,2.26389395E+4,
1550.00,2.26559180E+4,
1551.000,2.26500469E+4,
1552.000,2.25494727E+4,
1553.000,2.26723477E+4,
1554.000,2.22694570E+4,
1555.000,2.24485059E+4,
1556.000,2.23996543E+4,
1557.000,2.22535625E+4,
1558.000,2.20450938E+4,
1559.000,2.20774336E+4,
1560.00,2.19250410E+4,
1561.000,2.17392090E+4,
1562.000,2.20401191E+4,
1563.000,2.15991641E+4,
1564.000,2.15547656E+4,
1565.000,2.17203418E+4,
1566.000,2.14683398E+4,
1567.000,2.13603945E+4,
1568.000,2.12365742E+4,
1569.000,2.14494883E+4,
1570.00,2.13326797E+4,
1571.000,2.10219961E+4,
1572.000,2.10645078E+4,
1573.000,2.09447656E+4,
1574.000,2.10686191E+4,
1575.000,2.05841016E+4,
1576.000,2.07261016E+4,
1577.000,2.07856621E+4,
1578.000,2.04516367E+4,
1579.000,2.04700137E+4,
1580.00,2.01028203E+4,
1581.000,2.04541543E+4,
1582.000,2.04070566E+4,
1583.000,2.00197520E+4,
1584.000,1.99907285E+4,
1585.000,2.00223477E+4,
1586.000,2.00388711E+4,
1587.000,1.97842422E+4,
1588.000,1.95100000E+4,
1589.000,1.94777715E+4,
1590.00,1.94009414E+4,
1591.000,1.93386719E+4,
1592.000,1.94303730E+4,
1593.000,1.95349355E+4,
1594.000,1.89842695E+4,
1595.000,1.91593203E+4,
1596.000,1.89291914E+4,
1597.000,1.89336582E+4,
1598.000,1.86774883E+4,
1599.000,1.84744883E+4,
1600.00,1.87282109E+4,
1601.000,1.85450098E+4,
1602.000,1.84548965E+4,
1603.000,1.81381211E+4,
1604.000,1.82356895E+4,
1605.000,1.82760977E+4,
1606.000,1.79036582E+4,
1607.000,1.80119258E+4,
1608.000,1.77402363E+4,
1609.000,1.79480566E+4,
1610.00,1.78402617E+4,
1611.000,1.78184023E+4,
1612.000,1.75600234E+4,
1613.000,1.74060273E+4,
1614.000,1.75545449E+4,
1615.000,1.73163848E+4,
1616.000,1.71739922E+4,
1617.000,1.72145078E+4,
1618.000,1.70553770E+4,
1619.000,1.71234609E+4,
1620.00,1.69958555E+4,
1621.000,1.69029629E+4,
1622.000,1.65244336E+4,
1623.000,1.66760410E+4,
1624.000,1.64359082E+4,
1625.000,1.67324316E+4,
1626.000,1.65630469E+4,
1627.000,1.66978516E+4,
1628.000,1.65487793E+4,
1629.000,1.64868359E+4,
1630.00,1.63715234E+4,
1631.000,1.66513223E+4,
1632.000,1.63938027E+4,
1633.000,1.63840918E+4,
1634.000,1.64363066E+4,
1635.000,1.64908184E+4,
1636.000,1.63942070E+4,
1637.000,1.61227129E+4,
1638.000,1.63642012E+4,
1639.000,1.61136123E+4,
1640.00,1.61182207E+4,
1641.000,1.59470068E+4,
1642.000,1.59392891E+4,
1643.000,1.60932207E+4,
1644.000,1.58627070E+4,
1645.000,1.55776543E+4,
1646.000,1.59750654E+4,
1647.000,1.58521621E+4,
1648.000,1.52897324E+4,
1649.000,1.59021543E+4,
1650.00,1.59025977E+4,
1651.000,1.51994346E+4,
1652.000,1.51989336E+4,
1653.000,1.56311904E+4,
1654.000,1.49521279E+4,
1655.000,1.42819707E+4,
1656.000,1.49907266E+4,
1657.000,1.45994512E+4,
1658.000,1.40404766E+4,
1659.000,1.41856084E+4,
1660.00,1.32410850E+4,
1661.000,1.46112539E+4,
1662.000,1.30461172E+4,
1663.000,1.33519932E+4,
1664.000,1.40032793E+4,
1665.000,1.40499219E+4,
1666.000,1.40153564E+4,
1667.000,1.19243896E+4,
1668.000,1.38334932E+4,
1669.000,1.34883721E+4,
1670.00,1.31690020E+4,
1671.000,1.27363379E+4,
1672.000,1.32533438E+4,
1673.000,1.22413711E+4,
1674.000,1.23311924E+4,
1675.000,1.11334893E+4,
1676.000,1.19279482E+4,
1677.000,1.11962529E+4,
1678.000,1.28947568E+4,
1679.000,1.26306875E+4,
1680.00,1.19601357E+4,
1681.000,1.12339814E+4,
1682.000,1.15631162E+4,
1683.000,1.05981348E+4,
1684.000,1.23271592E+4,
1685.000,1.26028408E+4,
1686.000,1.01164258E+4,
1687.000,1.06567275E+4,
1688.000,1.09956055E+4,
1689.000,1.30020430E+4,
1690.00,1.17145098E+4,
1691.000,9.80840039E+3,
1692.000,6.15337744E+3,
1693.000,7.43592188E+3,
1694.000,1.44544202E+3,
1695.000,3.75714648E+3,
1696.000,3.17924951E+3,
1697.000,7.96247363E+3,
1698.000,9.57364648E+3,
1699.000,8.15869482E+3,
1700.00,4.45605664E+3,
