Labels,0,
Type,Emission Scan,
Comment,,
Start,650.00,
Stop,1700.00,
Step,1.00,
Fixed/Offset,450.00,
Xaxis,Wavelength,
Yaxis,Counts,
Scan Corr. by File,True,
Corr. by Ref. Det.,True,
Fixed/Offset Corr. by File,False,
Repeats,1,
Dwell Time,0.10,
Lamp,Xenon,
Temp,28.40,
Scan Polariser,None,
Scan Slit,4.0999737,
Fixed/Offset Polariser,None,
Fixed/Offset Slit,4.0999761,
Detector,Det2,

650.00,1.43025989E+3,
651.00,1.61494470E+3,
652.00,1.81335669E+3,
653.00,2.01953357E+3,
654.00,2.21899316E+3,
655.00,2.41081104E+3,
656.00,2.61441992E+3,
657.00,2.85759717E+3,
658.00,3.15089795E+3,
659.00,3.47464233E+3,
660.00,3.80003857E+3,
661.00,4.11649414E+3,
662.00,4.43512061E+3,
663.00,4.77894971E+3,
664.00,5.16760059E+3,
665.00,5.59698730E+3,
666.00,6.04248340E+3,
667.00,6.49429443E+3,
668.00,6.97174121E+3,
669.00,7.48995996E+3,
670.00,8.04092676E+3,
671.00,8.63010352E+3,
672.00,9.29895117E+3,
673.00,1.00756523E+4,
674.00,1.09396279E+4,
675.00,1.18697480E+4,
676.00,1.28742734E+4,
677.00,1.39361738E+4,
678.00,1.49881943E+4,
679.00,1.59932930E+4,
680.00,1.70122539E+4,
681.00,1.81328594E+4,
682.00,1.93646328E+4,
683.00,2.06697129E+4,
684.00,2.20438262E+4,
685.00,2.34867520E+4,
686.00,2.49505723E+4,
687.00,2.64022402E+4,
688.00,2.79138359E+4,
689.00,2.96510039E+4,
690.00,3.17952520E+4,
691.00,3.44533711E+4,
692.00,3.75466602E+4,
693.00,4.07820547E+4,
694.00,4.38197969E+4,
695.00,4.64972070E+4,
696.00,4.88643906E+4,
697.00,5.10432422E+4,
698.00,5.31251328E+4,
699.00,5.51717109E+4,
700.00,5.72195977E+4,
701.00,5.92930391E+4,
702.00,6.14643242E+4,
703.00,6.38481484E+4,
704.00,6.64865156E+4,
705.00,6.93203750E+4,
706.00,7.23223438E+4,
707.00,7.55499609E+4,
708.00,7.90005469E+4,
709.00,8.25098594E+4,
710.00,8.58867422E+4,
711.00,8.91050781E+4,
712.00,9.22636641E+4,
713.00,9.53663281E+4,
714.00,9.82843281E+4,
715.00,1.00972680E+5,
716.00,1.03556156E+5,
717.00,1.06138523E+5,
718.00,1.08682336E+5,
719.00,1.11134789E+5,
720.00,1.13539242E+5,
721.00,1.15942781E+5,
722.00,1.18268453E+5,
723.00,1.20403023E+5,
724.00,1.22422094E+5,
725.00,1.24589797E+5,
726.00,1.27070523E+5,
727.00,1.29761742E+5,
728.00,1.32468172E+5,
729.00,1.35116625E+5,
730.00,1.37714000E+5,
731.00,1.40178672E+5,
732.00,1.42358797E+5,
733.00,1.44233359E+5,
734.00,1.45970906E+5,
735.00,1.47759766E+5,
736.00,1.49686625E+5,
737.00,1.51778281E+5,
738.00,1.54029063E+5,
739.00,1.56369328E+5,
740.00,1.58699719E+5,
741.00,1.60937547E+5,
742.00,1.62984250E+5,
743.00,1.64761344E+5,
744.00,1.66350672E+5,
745.00,1.67976000E+5,
746.00,1.69779031E+5,
747.00,1.71705438E+5,
748.00,1.73617578E+5,
749.00,1.75427500E+5,
750.00,1.77157484E+5,
751.00,1.78922734E+5,
752.00,1.80763453E+5,
753.00,1.82521594E+5,
754.00,1.84029391E+5,
755.00,1.85319641E+5,
756.00,1.86513250E+5,
757.00,1.87667266E+5,
758.00,1.88823078E+5,
759.00,1.90002047E+5,
760.00,1.91120000E+5,
761.00,1.92109500E+5,
762.00,1.93102844E+5,
763.00,1.94262813E+5,
764.00,1.95481344E+5,
765.00,1.96489469E+5,
766.00,1.97191875E+5,
767.00,1.97705438E+5,
768.00,1.98181828E+5,
769.00,1.98701625E+5,
770.00,1.99240859E+5,
771.00,1.99704328E+5,
772.00,2.00051984E+5,
773.00,2.00392156E+5,
774.00,2.00885313E+5,
775.00,2.01529563E+5,
776.00,2.02129344E+5,
777.00,2.02522531E+5,
778.00,2.02722313E+5,
779.00,2.02815688E+5,
780.00,2.02891250E+5,
781.00,2.03075891E+5,
782.00,2.03431219E+5,
783.00,2.03771078E+5,
784.00,2.03791375E+5,
785.00,2.03464969E+5,
786.00,2.03112016E+5,
787.00,2.02977438E+5,
788.00,2.02947875E+5,
789.00,2.02810484E+5,
790.00,2.02568313E+5,
791.00,2.02349859E+5,
792.00,2.02182828E+5,
793.00,2.01971094E+5,
794.00,2.01616391E+5,
795.00,2.01159313E+5,
796.00,2.00784250E+5,
797.00,2.00605703E+5,
798.00,2.00531797E+5,
799.00,2.00404813E+5,
800.00,2.00144188E+5,
801.00,1.99715016E+5,
802.00,1.99112828E+5,
803.00,1.98412391E+5,
804.00,1.97687734E+5,
805.00,1.96915859E+5,
806.00,1.96094719E+5,
807.00,1.95322719E+5,
808.00,1.94650063E+5,
809.00,1.94030438E+5,
810.00,1.93446750E+5,
811.00,1.92887469E+5,
812.00,1.92231578E+5,
813.00,1.91356734E+5,
814.00,1.90337047E+5,
815.00,1.89384656E+5,
816.00,1.88615594E+5,
817.00,1.87951156E+5,
818.00,1.87211500E+5,
819.00,1.86289438E+5,
820.00,1.85278469E+5,
821.00,1.84381484E+5,
822.00,1.83634703E+5,
823.00,1.82814391E+5,
824.00,1.81720359E+5,
825.00,1.80477547E+5,
826.00,1.79391109E+5,
827.00,1.78521797E+5,
828.00,1.77614016E+5,
829.00,1.76467578E+5,
830.00,1.75183188E+5,
831.00,1.73997906E+5,
832.00,1.73001656E+5,
833.00,1.72061422E+5,
834.00,1.70983938E+5,
835.00,1.69711156E+5,
836.00,1.68356203E+5,
837.00,1.67088094E+5,
838.00,1.65994578E+5,
839.00,1.65035313E+5,
840.00,1.64105672E+5,
841.00,1.63117016E+5,
842.00,1.62025016E+5,
843.00,1.60834406E+5,
844.00,1.59593094E+5,
845.00,1.58370250E+5,
846.00,1.57209625E+5,
847.00,1.56071688E+5,
848.00,1.54875781E+5,
849.00,1.53621922E+5,
850.00,1.52392375E+5,
851.00,1.51249813E+5,
852.00,1.50201859E+5,
853.00,1.49223063E+5,
854.00,1.48266531E+5,
855.00,1.47275313E+5,
856.00,1.46212406E+5,
857.00,1.45070109E+5,
858.00,1.43825422E+5,
859.00,1.42461453E+5,
860.00,1.41074438E+5,
861.00,1.39801438E+5,
862.00,1.38609156E+5,
863.00,1.37359313E+5,
864.00,1.36061359E+5,
865.00,1.34825938E+5,
866.00,1.33629766E+5,
867.00,1.32362453E+5,
868.00,1.31033422E+5,
869.00,1.29734844E+5,
870.00,1.28483438E+5,
871.00,1.27245969E+5,
872.00,1.26013734E+5,
873.00,1.24738078E+5,
874.00,1.23332203E+5,
875.00,1.21846797E+5,
876.00,1.20485750E+5,
877.00,1.19350148E+5,
878.00,1.18325477E+5,
879.00,1.17265922E+5,
880.00,1.16127047E+5,
881.00,1.14916734E+5,
882.00,1.13648492E+5,
883.00,1.12347672E+5,
884.00,1.11060320E+5,
885.00,1.09832984E+5,
886.00,1.08648883E+5,
887.00,1.07430773E+5,
888.00,1.06156430E+5,
889.00,1.04886516E+5,
890.00,1.03659023E+5,
891.00,1.02472617E+5,
892.00,1.01352500E+5,
893.00,1.00316625E+5,
894.00,9.93107031E+4,
895.00,9.82451328E+4,
896.00,9.70732891E+4,
897.00,9.58282109E+4,
898.00,9.46015859E+4,
899.00,9.34765469E+4,
900.00,9.24806250E+4,
901.00,9.15948750E+4,
902.00,9.07612656E+4,
903.00,8.98857109E+4,
904.00,8.88972500E+4,
905.00,8.78092578E+4,
906.00,8.66910469E+4,
907.00,8.56001172E+4,
908.00,8.45684453E+4,
909.00,8.36189688E+4,
910.00,8.27433906E+4,
911.00,8.18721250E+4,
912.00,8.09178906E+4,
913.00,7.98684688E+4,
914.00,7.88053750E+4,
915.00,7.78101953E+4,
916.00,7.68832500E+4,
917.00,7.59684688E+4,
918.00,7.50180625E+4,
919.00,7.40257578E+4,
920.00,7.30267891E+4,
921.00,7.20549375E+4,
922.00,7.10987969E+4,
923.00,7.01351094E+4,
924.00,6.91807813E+4,
925.00,6.82681484E+4,
926.00,6.74015781E+4,
927.00,6.65655078E+4,
928.00,6.57380391E+4,
929.00,6.48899922E+4,
930.00,6.40134531E+4,
931.00,6.31531484E+4,
932.00,6.23656172E+4,
933.00,6.16411445E+4,
934.00,6.09014844E+4,
935.00,6.00830664E+4,
936.00,5.91941758E+4,
937.00,5.82815195E+4,
938.00,5.73803594E+4,
939.00,5.65186328E+4,
940.00,5.57218359E+4,
941.00,5.49837969E+4,
942.00,5.42646328E+4,
943.00,5.35258438E+4,
944.00,5.27532773E+4,
945.00,5.19651758E+4,
946.00,5.12022070E+4,
947.00,5.04865313E+4,
948.00,4.98031484E+4,
949.00,4.91319688E+4,
950.00,4.84698750E+4,
951.00,4.78186172E+4,
952.00,4.71705000E+4,
953.00,4.65056992E+4,
954.00,4.58087734E+4,
955.00,4.50928164E+4,
956.00,4.43916563E+4,
957.00,4.37230156E+4,
958.00,4.30781914E+4,
959.00,4.24525703E+4,
960.00,4.18560469E+4,
961.00,4.12800156E+4,
962.00,4.06909375E+4,
963.00,4.00728203E+4,
964.00,3.94406992E+4,
965.00,3.88091250E+4,
966.00,3.81873125E+4,
967.00,3.75982578E+4,
968.00,3.70621602E+4,
969.00,3.65688398E+4,
970.00,3.60874609E+4,
971.00,3.55867500E+4,
972.00,3.50499609E+4,
973.00,3.44979492E+4,
974.00,3.39762305E+4,
975.00,3.34978047E+4,
976.00,3.30362031E+4,
977.00,3.25782227E+4,
978.00,3.21306973E+4,
979.00,3.16799629E+4,
980.00,3.11970605E+4,
981.00,3.06823652E+4,
982.00,3.01701094E+4,
983.00,2.96883594E+4,
984.00,2.92326016E+4,
985.00,2.87757539E+4,
986.00,2.82967793E+4,
987.00,2.78067637E+4,
988.00,2.73454727E+4,
989.00,2.69418750E+4,
990.00,2.65843242E+4,
991.00,2.62365723E+4,
992.00,2.58720801E+4,
993.00,2.54858398E+4,
994.00,2.50843203E+4,
995.00,2.46744160E+4,
996.00,2.42602813E+4,
997.00,2.38475957E+4,
998.00,2.34458438E+4,
999.00,2.30607480E+4,
1000.00,2.26919961E+4,
1001.000,2.23417656E+4,
1002.000,2.20116348E+4,
1003.000,2.16907578E+4,
1004.000,2.13609121E+4,
1005.000,2.10152012E+4,
1006.000,2.06677773E+4,
1007.000,2.03392480E+4,
1008.000,2.00304219E+4,
1009.000,1.97240273E+4,
1010.00,1.94109609E+4,
1011.000,1.90961484E+4,
1012.000,1.87858691E+4,
1013.000,1.84829727E+4,
1014.000,1.81874121E+4,
1015.000,1.78986035E+4,
1016.000,1.76166426E+4,
1017.000,1.73377031E+4,
1018.000,1.70569375E+4,
1019.000,1.67777285E+4,
1020.00,1.65077324E+4,
1021.000,1.62516113E+4,
1022.000,1.60124785E+4,
1023.000,1.57863311E+4,
1024.000,1.55557109E+4,
1025.000,1.53048096E+4,
1026.000,1.50380313E+4,
1027.000,1.47738262E+4,
1028.000,1.45253613E+4,
1029.000,1.42939209E+4,
1030.00,1.40773047E+4,
1031.000,1.38735469E+4,
1032.000,1.36704590E+4,
1033.000,1.34475234E+4,
1034.000,1.32045205E+4,
1035.000,1.29696113E+4,
1036.000,1.27614395E+4,
1037.000,1.25655391E+4,
1038.000,1.23619971E+4,
1039.000,1.21533398E+4,
1040.00,1.19541602E+4,
1041.000,1.17703457E+4,
1042.000,1.15964492E+4,
1043.000,1.14208848E+4,
1044.000,1.12291465E+4,
1045.000,1.10165996E+4,
1046.000,1.08017441E+4,
1047.000,1.06113945E+4,
1048.000,1.04524629E+4,
1049.000,1.03112646E+4,
1050.00,1.01730508E+4,
1051.000,1.00302373E+4,
1052.000,9.88100488E+3,
1053.000,9.72709863E+3,
1054.000,9.56882617E+3,
1055.000,9.40620898E+3,
1056.000,9.24657422E+3,
1057.000,9.10154395E+3,
1058.000,8.97352441E+3,
1059.000,8.84982715E+3,
1060.00,8.71371875E+3,
1061.000,8.56095117E+3,
1062.000,8.40204590E+3,
1063.000,8.25024707E+3,
1064.000,8.11138818E+3,
1065.000,7.98171289E+3,
1066.000,7.85231104E+3,
1067.000,7.71909668E+3,
1068.000,7.58752930E+3,
1069.000,7.46272559E+3,
1070.00,7.33923486E+3,
1071.000,7.20861426E+3,
1072.000,7.07378760E+3,
1073.000,6.94721729E+3,
1074.000,6.83551172E+3,
1075.000,6.73266455E+3,
1076.000,6.62866602E+3,
1077.000,6.51856885E+3,
1078.000,6.40227246E+3,
1079.000,6.28154199E+3,
1080.00,6.16017920E+3,
1081.000,6.04482813E+3,
1082.000,5.94288818E+3,
1083.000,5.85642383E+3,
1084.000,5.77848730E+3,
1085.000,5.70094336E+3,
1086.000,5.62270605E+3,
1087.000,5.54357080E+3,
1088.000,5.45892969E+3,
1089.000,5.36687891E+3,
1090.00,5.27144287E+3,
1091.000,5.17875244E+3,
1092.000,5.09490771E+3,
1093.000,5.02069824E+3,
1094.000,4.94813477E+3,
1095.000,4.87003076E+3,
1096.000,4.78801367E+3,
1097.000,4.70566504E+3,
1098.000,4.62272607E+3,
1099.000,4.54015381E+3,
1100.00,4.46312158E+3,
1101.000,4.39544873E+3,
1102.000,4.33461865E+3,
1103.000,4.27536328E+3,
1104.000,4.21491992E+3,
1105.000,4.15043799E+3,
1106.000,4.07858716E+3,
1107.000,4.00296802E+3,
1108.000,3.93087085E+3,
1109.000,3.86143457E+3,
1110.00,3.78983691E+3,
1111.000,3.71852881E+3,
1112.000,3.65219824E+3,
1113.000,3.59016846E+3,
1114.000,3.53264648E+3,
1115.000,3.48324121E+3,
1116.000,3.43934180E+3,
1117.000,3.39119580E+3,
1118.000,3.33451123E+3,
1119.000,3.27675903E+3,
1120.00,3.22766016E+3,
1121.000,3.18637793E+3,
1122.000,3.14421558E+3,
1123.000,3.09816821E+3,
1124.000,3.05108105E+3,
1125.000,3.00170752E+3,
1126.000,2.94648950E+3,
1127.000,2.88707324E+3,
1128.000,2.82937842E+3,
1129.000,2.77833984E+3,
1130.00,2.73483716E+3,
1131.000,2.69798804E+3,
1132.000,2.66852832E+3,
1133.000,2.64380078E+3,
1134.000,2.61376050E+3,
1135.000,2.57117529E+3,
1136.000,2.52123682E+3,
1137.000,2.47460840E+3,
1138.000,2.43573438E+3,
1139.000,2.40135938E+3,
1140.00,2.36695166E+3,
1141.000,2.33236377E+3,
1142.000,2.30026074E+3,
1143.000,2.26967896E+3,
1144.000,2.23653955E+3,
1145.000,2.20011182E+3,
1146.000,2.16244702E+3,
1147.000,2.12468457E+3,
1148.000,2.08875220E+3,
1149.000,2.05707593E+3,
1150.00,2.02976086E+3,
1151.000,2.00593054E+3,
1152.000,1.98302405E+3,
1153.000,1.95448865E+3,
1154.000,1.91582996E+3,
1155.000,1.87145996E+3,
1156.000,1.83132385E+3,
1157.000,1.80212158E+3,
1158.000,1.78087671E+3,
1159.000,1.75819226E+3,
1160.00,1.73088818E+3,
1161.000,1.70581116E+3,
1162.000,1.68798291E+3,
1163.000,1.67370581E+3,
1164.000,1.65868945E+3,
1165.000,1.64421204E+3,
1166.000,1.63104419E+3,
1167.000,1.61439795E+3,
1168.000,1.59047852E+3,
1169.000,1.56303821E+3,
1170.00,1.53773389E+3,
1171.000,1.51451270E+3,
1172.000,1.49141858E+3,
1173.000,1.47156628E+3,
1174.000,1.45968860E+3,
1175.000,1.45387415E+3,
1176.000,1.44644629E+3,
1177.000,1.43239209E+3,
1178.000,1.41298291E+3,
1179.000,1.39312158E+3,
1180.00,1.37800757E+3,
1181.000,1.36854395E+3,
1182.000,1.35935815E+3,
1183.000,1.34556042E+3,
1184.000,1.32866235E+3,
1185.000,1.31344470E+3,
1186.000,1.30393970E+3,
1187.000,1.30110645E+3,
1188.000,1.29957495E+3,
1189.000,1.29059375E+3,
1190.00,1.27120996E+3,
1191.000,1.24767029E+3,
1192.000,1.22972327E+3,
1193.000,1.22255334E+3,
1194.000,1.22275781E+3,
1195.000,1.22212964E+3,
1196.000,1.21611121E+3,
1197.000,1.20667871E+3,
1198.000,1.19652930E+3,
1199.000,1.18523523E+3,
1200.00,1.17332483E+3,
1201.000,1.16460742E+3,
1202.000,1.16134875E+3,
1203.000,1.16129272E+3,
1204.000,1.16121350E+3,
1205.000,1.16050293E+3,
1206.000,1.16006995E+3,
1207.000,1.15948059E+3,
1208.000,1.15749146E+3,
1209.000,1.15425208E+3,
1210.00,1.14995679E+3,
1211.000,1.14424731E+3,
1212.000,1.14073389E+3,
1213.000,1.14671838E+3,
1214.000,1.16259741E+3,
1215.000,1.17673291E+3,
1216.000,1.17759412E+3,
1217.000,1.16716968E+3,
1218.000,1.15745679E+3,
1219.000,1.15715820E+3,
1220.00,1.16461035E+3,
1221.000,1.17218506E+3,
1222.000,1.17614514E+3,
1223.000,1.17997595E+3,
1224.000,1.18793677E+3,
1225.000,1.19916187E+3,
1226.000,1.20918994E+3,
1227.000,1.21464819E+3,
1228.000,1.21621948E+3,
1229.000,1.21867603E+3,
1230.00,1.22671973E+3,
1231.000,1.24018970E+3,
1232.000,1.25576758E+3,
1233.000,1.27135303E+3,
1234.000,1.28547205E+3,
1235.000,1.29639783E+3,
1236.000,1.30485376E+3,
1237.000,1.31447937E+3,
1238.000,1.32830176E+3,
1239.000,1.34508521E+3,
1240.00,1.35957544E+3,
1241.000,1.36894421E+3,
1242.000,1.37754834E+3,
1243.000,1.39068604E+3,
1244.000,1.40699573E+3,
1245.000,1.42240955E+3,
1246.000,1.43769043E+3,
1247.000,1.45696191E+3,
1248.000,1.48070239E+3,
1249.000,1.50373804E+3,
1250.00,1.52103906E+3,
1251.000,1.53373181E+3,
1252.000,1.54669373E+3,
1253.000,1.56169409E+3,
1254.000,1.57693408E+3,
1255.000,1.59133557E+3,
1256.000,1.60549072E+3,
1257.000,1.62112109E+3,
1258.000,1.64078857E+3,
1259.000,1.66497009E+3,
1260.00,1.69152856E+3,
1261.000,1.72045374E+3,
1262.000,1.75397009E+3,
1263.000,1.78997754E+3,
1264.000,1.82224475E+3,
1265.000,1.84935132E+3,
1266.000,1.87632532E+3,
1267.000,1.90576001E+3,
1268.000,1.93487476E+3,
1269.000,1.96328186E+3,
1270.00,1.99602417E+3,
1271.000,2.03522070E+3,
1272.000,2.07542212E+3,
1273.000,2.11161523E+3,
1274.000,2.14541602E+3,
1275.000,2.17942749E+3,
1276.000,2.21176123E+3,
1277.000,2.24081396E+3,
1278.000,2.27158301E+3,
1279.000,2.31171606E+3,
1280.00,2.36197705E+3,
1281.000,2.41574146E+3,
1282.000,2.46802637E+3,
1283.000,2.51890747E+3,
1284.000,2.56733936E+3,
1285.000,2.61006543E+3,
1286.000,2.64951074E+3,
1287.000,2.69410352E+3,
1288.000,2.74811914E+3,
1289.000,2.80856470E+3,
1290.00,2.87145508E+3,
1291.000,2.93440869E+3,
1292.000,2.99456665E+3,
1293.000,3.04924365E+3,
1294.000,3.10022144E+3,
1295.000,3.15505420E+3,
1296.000,3.22035840E+3,
1297.000,3.29465625E+3,
1298.000,3.37039160E+3,
1299.000,3.44049414E+3,
1300.00,3.50227319E+3,
1301.000,3.56010596E+3,
1302.000,3.62396533E+3,
1303.000,3.69776538E+3,
1304.000,3.77043604E+3,
1305.000,3.82910596E+3,
1306.000,3.88074121E+3,
1307.000,3.94622998E+3,
1308.000,4.03027686E+3,
1309.000,4.11553809E+3,
1310.00,4.19209277E+3,
1311.000,4.27198877E+3,
1312.000,4.36670898E+3,
1313.000,4.46687109E+3,
1314.000,4.55399658E+3,
1315.000,4.62478711E+3,
1316.000,4.69310742E+3,
1317.000,4.77066846E+3,
1318.000,4.85790820E+3,
1319.000,4.95132617E+3,
1320.00,5.04875293E+3,
1321.000,5.15009766E+3,
1322.000,5.25671338E+3,
1323.000,5.36552393E+3,
1324.000,5.46757617E+3,
1325.000,5.56039844E+3,
1326.000,5.65471289E+3,
1327.000,5.76004834E+3,
1328.000,5.87216797E+3,
1329.000,5.98160693E+3,
1330.00,6.08559424E+3,
1331.000,6.18682910E+3,
1332.000,6.28746289E+3,
1333.000,6.38765723E+3,
1334.000,6.48778369E+3,
1335.000,6.58991113E+3,
1336.000,6.69644531E+3,
1337.000,6.80955176E+3,
1338.000,6.93138379E+3,
1339.000,7.05977783E+3,
1340.00,7.18627393E+3,
1341.000,7.30542871E+3,
1342.000,7.42138525E+3,
1343.000,7.53828711E+3,
1344.000,7.65290527E+3,
1345.000,7.76523535E+3,
1346.000,7.88575635E+3,
1347.000,8.02100586E+3,
1348.000,8.16090967E+3,
1349.000,8.29342383E+3,
1350.00,8.42525684E+3,
1351.000,8.57473242E+3,
1352.000,8.74982227E+3,
1353.000,8.94555762E+3,
1354.000,9.15278906E+3,
1355.000,9.35343555E+3,
1356.000,9.52293359E+3,
1357.000,9.65788770E+3,
1358.000,9.78680957E+3,
1359.000,9.94501953E+3,
1360.00,1.01472598E+4,
1361.000,1.03668584E+4,
1362.000,1.05430645E+4,
1363.000,1.06449395E+4,
1364.000,1.07089092E+4,
1365.000,1.07865586E+4,
1366.000,1.09000078E+4,
1367.000,1.10511045E+4,
1368.000,1.12190371E+4,
1369.000,1.13663574E+4,
1370.00,1.14789727E+4,
1371.000,1.15669004E+4,
1372.000,1.16346211E+4,
1373.000,1.16959883E+4,
1374.000,1.17869805E+4,
1375.000,1.19256611E+4,
1376.000,1.20931875E+4,
1377.000,1.22709336E+4,
1378.000,1.24672598E+4,
1379.000,1.27000508E+4,
1380.00,1.29609609E+4,
1381.000,1.31975078E+4,
1382.000,1.33435840E+4,
1383.000,1.33798223E+4,
1384.000,1.33547520E+4,
1385.000,1.33443916E+4,
1386.000,1.34016084E+4,
1387.000,1.35271191E+4,
1388.000,1.36688525E+4,
1389.000,1.37799893E+4,
1390.00,1.38862754E+4,
1391.000,1.40438467E+4,
1392.000,1.42489258E+4,
1393.000,1.44633516E+4,
1394.000,1.46818398E+4,
1395.000,1.48860205E+4,
1396.000,1.50051738E+4,
1397.000,1.50299199E+4,
1398.000,1.50902148E+4,
1399.000,1.52977021E+4,
1400.00,1.55666523E+4,
1401.000,1.57212285E+4,
1402.000,1.57508877E+4,
1403.000,1.58233516E+4,
1404.000,1.60383955E+4,
1405.000,1.63044541E+4,
1406.000,1.64978750E+4,
1407.000,1.66176543E+4,
1408.000,1.67239512E+4,
1409.000,1.68266348E+4,
1410.00,1.69009023E+4,
1411.000,1.69621934E+4,
1412.000,1.70728223E+4,
1413.000,1.72658359E+4,
1414.000,1.74863008E+4,
1415.000,1.76478242E+4,
1416.000,1.77418379E+4,
1417.000,1.78420078E+4,
1418.000,1.79991836E+4,
1419.000,1.81835547E+4,
1420.00,1.83412363E+4,
1421.000,1.84666582E+4,
1422.000,1.85976875E+4,
1423.000,1.87553066E+4,
1424.000,1.89118750E+4,
1425.000,1.90293633E+4,
1426.000,1.91120684E+4,
1427.000,1.91972773E+4,
1428.000,1.93064043E+4,
1429.000,1.94346875E+4,
1430.00,1.95757227E+4,
1431.000,1.97260703E+4,
1432.000,1.98789375E+4,
1433.000,2.00334121E+4,
1434.000,2.01932578E+4,
1435.000,2.03486895E+4,
1436.000,2.04804883E+4,
1437.000,2.05866973E+4,
1438.000,2.06890996E+4,
1439.000,2.08097852E+4,
1440.00,2.09498008E+4,
1441.000,2.10940254E+4,
1442.000,2.12313398E+4,
1443.000,2.13624316E+4,
1444.000,2.14879609E+4,
1445.000,2.15974395E+4,
1446.000,2.16806113E+4,
1447.000,2.17511797E+4,
1448.000,2.18424492E+4,
1449.000,2.19703613E+4,
1450.00,2.21126055E+4,
1451.000,2.22284199E+4,
1452.000,2.22981836E+4,
1453.000,2.23473223E+4,
1454.000,2.24213906E+4,
1455.000,2.25331953E+4,
1456.000,2.26529023E+4,
1457.000,2.27531172E+4,
1458.000,2.28373516E+4,
1459.000,2.29156367E+4,
1460.00,2.29839629E+4,
1461.000,2.30455801E+4,
1462.000,2.31209473E+4,
1463.000,2.32196504E+4,
1464.000,2.33320625E+4,
1465.000,2.34489980E+4,
1466.000,2.35582949E+4,
1467.000,2.36430137E+4,
1468.000,2.37129219E+4,
1469.000,2.38030859E+4,
1470.00,2.39235527E+4,
1471.000,2.40487578E+4,
1472.000,2.41566992E+4,
1473.000,2.42426016E+4,
1474.000,2.43049102E+4,
1475.000,2.43478008E+4,
1476.000,2.43871641E+4,
1477.000,2.44336836E+4,
1478.000,2.44792617E+4,
1479.000,2.45123613E+4,
1480.00,2.45308867E+4,
1481.000,2.45336250E+4,
1482.000,2.45251133E+4,
1483.000,2.45292891E+4,
1484.000,2.45708945E+4,
1485.000,2.46493809E+4,
1486.000,2.47447891E+4,
1487.000,2.48330430E+4,
1488.000,2.48956152E+4,
1489.000,2.49362832E+4,
1490.00,2.49824336E+4,
1491.000,2.50528555E+4,
1492.000,2.51331660E+4,
1493.000,2.51916055E+4,
1494.000,2.52100430E+4,
1495.000,2.51970391E+4,
1496.000,2.51755234E+4,
1497.000,2.51592188E+4,
1498.000,2.51488691E+4,
1499.000,2.51511914E+4,
1500.00,2.51775801E+4,
1501.000,2.52203711E+4,
1502.000,2.52591621E+4,
1503.000,2.52893535E+4,
1504.000,2.53158848E+4,
1505.000,2.53335117E+4,
1506.000,2.53444883E+4,
1507.000,2.53685723E+4,
1508.000,2.54041992E+4,
1509.000,2.54200977E+4,
1510.00,2.54124063E+4,
1511.000,2.54179961E+4,
1512.000,2.54502383E+4,
1513.000,2.54735879E+4,
1514.000,2.54558047E+4,
1515.000,2.54021348E+4,
1516.000,2.53308223E+4,
1517.000,2.52550879E+4,
1518.000,2.51944102E+4,
1519.000,2.51681133E+4,
1520.00,2.51785137E+4,
1521.000,2.52131641E+4,
1522.000,2.52399336E+4,
1523.000,2.52130664E+4,
1524.000,2.51268086E+4,
1525.000,2.50377480E+4,
1526.000,2.50017148E+4,
1527.000,2.50166992E+4,
1528.000,2.50354023E+4,
1529.000,2.50109414E+4,
1530.00,2.49376934E+4,
1531.000,2.48552480E+4,
1532.000,2.48035664E+4,
1533.000,2.47844805E+4,
1534.000,2.47743906E+4,
1535.000,2.47537188E+4,
1536.000,2.47146289E+4,
1537.000,2.46622344E+4,
1538.000,2.46148848E+4,
1539.000,2.45819863E+4,
1540.00,2.45503125E+4,
1541.000,2.45117422E+4,
1542.000,2.44756602E+4,
1543.000,2.44403750E+4,
1544.000,2.43886113E+4,
1545.000,2.43152520E+4,
1546.000,2.42324883E+4,
1547.000,2.41527617E+4,
1548.000,2.40851719E+4,
1549.000,2.40429395E+4,
1550.00,2.40351523E+4,
1551.000,2.40483594E+4,
1552.000,2.40476191E+4,
1553.000,2.39970176E+4,
1554.000,2.38868965E+4,
1555.000,2.37525977E+4,
1556.000,2.36467422E+4,
1557.000,2.35793086E+4,
1558.000,2.35107109E+4,
1559.000,2.34120137E+4,
1560.00,2.32996953E+4,
1561.000,2.31984961E+4,
1562.000,2.31059766E+4,
1563.000,2.30184844E+4,
1564.000,2.29569375E+4,
1565.000,2.29331680E+4,
1566.000,2.29190176E+4,
1567.000,2.28753223E+4,
1568.000,2.27917266E+4,
1569.000,2.26909453E+4,
1570.00,2.26070195E+4,
1571.000,2.25546406E+4,
1572.000,2.25147676E+4,
1573.000,2.24547383E+4,
1574.000,2.23630820E+4,
1575.000,2.22620352E+4,
1576.000,2.21799414E+4,
1577.000,2.21166914E+4,
1578.000,2.20501367E+4,
1579.000,2.19647617E+4,
1580.00,2.18596445E+4,
1581.000,2.17431680E+4,
1582.000,2.16261289E+4,
1583.000,2.15122461E+4,
1584.000,2.14045625E+4,
1585.000,2.13162852E+4,
1586.000,2.12505664E+4,
1587.000,2.11815391E+4,
1588.000,2.10831836E+4,
1589.000,2.09621387E+4,
1590.00,2.08437793E+4,
1591.000,2.07446113E+4,
1592.000,2.06694570E+4,
1593.000,2.06191016E+4,
1594.000,2.05839746E+4,
1595.000,2.05349648E+4,
1596.000,2.04451719E+4,
1597.000,2.03240449E+4,
1598.000,2.02047715E+4,
1599.000,2.01000078E+4,
1600.00,1.99957305E+4,
1601.000,1.98873125E+4,
1602.000,1.97983418E+4,
1603.000,1.97511680E+4,
1604.000,1.97291699E+4,
1605.000,1.96867480E+4,
1606.000,1.95961230E+4,
1607.000,1.94714629E+4,
1608.000,1.93482168E+4,
1609.000,1.92461113E+4,
1610.00,1.91523066E+4,
1611.000,1.90429590E+4,
1612.000,1.89193145E+4,
1613.000,1.88101406E+4,
1614.000,1.87363320E+4,
1615.000,1.86846621E+4,
1616.000,1.86254688E+4,
1617.000,1.85534922E+4,
1618.000,1.84916289E+4,
1619.000,1.84459219E+4,
1620.00,1.83884766E+4,
1621.000,1.83005430E+4,
1622.000,1.81965703E+4,
1623.000,1.80972520E+4,
1624.000,1.80104180E+4,
1625.000,1.79337285E+4,
1626.000,1.78593086E+4,
1627.000,1.77902695E+4,
1628.000,1.77496113E+4,
1629.000,1.77504941E+4,
1630.00,1.77668320E+4,
1631.000,1.77546836E+4,
1632.000,1.76993887E+4,
1633.000,1.76253477E+4,
1634.000,1.75598086E+4,
1635.000,1.75074043E+4,
1636.000,1.74663516E+4,
1637.000,1.74471934E+4,
1638.000,1.74583984E+4,
1639.000,1.74800488E+4,
1640.00,1.74626309E+4,
1641.000,1.73599141E+4,
1642.000,1.71778789E+4,
1643.000,1.69885859E+4,
1644.000,1.68680918E+4,
1645.000,1.68237676E+4,
1646.000,1.68102539E+4,
1647.000,1.67965469E+4,
1648.000,1.67754531E+4,
1649.000,1.67188223E+4,
1650.00,1.65717188E+4,
1651.000,1.63230371E+4,
1652.000,1.60622432E+4,
1653.000,1.58995938E+4,
1654.000,1.58256230E+4,
1655.000,1.57355156E+4,
1656.000,1.55898301E+4,
1657.000,1.54429102E+4,
1658.000,1.53185527E+4,
1659.000,1.51717568E+4,
1660.00,1.49875469E+4,
1661.000,1.48238428E+4,
1662.000,1.47256445E+4,
1663.000,1.46810078E+4,
1664.000,1.46821475E+4,
1665.000,1.47221299E+4,
1666.000,1.47298975E+4,
1667.000,1.46232441E+4,
1668.000,1.44112705E+4,
1669.000,1.41745820E+4,
1670.00,1.39805430E+4,
1671.000,1.38351533E+4,
1672.000,1.36747305E+4,
1673.000,1.34178262E+4,
1674.000,1.30690801E+4,
1675.000,1.27743506E+4,
1676.000,1.27088154E+4,
1677.000,1.28305059E+4,
1678.000,1.28382686E+4,
1679.000,1.25384961E+4,
1680.00,1.21548750E+4,
1681.000,1.20729424E+4,
1682.000,1.23096445E+4,
1683.000,1.24249590E+4,
1684.000,1.20600596E+4,
1685.000,1.13717773E+4,
1686.000,1.06999258E+4,
1687.000,1.00800674E+4,
1688.000,9.42858984E+3,
1689.000,8.86691016E+3,
1690.00,8.47598047E+3,
1691.000,8.05969092E+3,
1692.000,7.52300391E+3,
1693.000,7.17516211E+3,
1694.000,7.31292627E+3,
1695.000,7.74854395E+3,
1696.000,7.94283594E+3,
1697.000,7.45846240E+3,
1698.000,6.32245898E+3,
1699.000,4.98541309E+3,
1700.00,3.77532593E+3,
