Labels,0,
Type,Emission Scan,
Comment,,
Start,650.00,
Stop,1700.00,
Step,1.00,
Fixed/Offset,450.00,
Xaxis,Wavelength,
Yaxis,Counts,
Scan Corr. by File,True,
Corr. by Ref. Det.,True,
Fixed/Offset Corr. by File,False,
Repeats,1,
Dwell Time,0.10,
Lamp,Xenon,
Temp,27.50,
Scan Polariser,None,
Scan Slit,3.9999883,
Fixed/Offset Polariser,None,
Fixed/Offset Slit,4.0000019,
Detector,Det2,

650.00,1.33176834E+2,
651.00,2.16928970E+2,
652.00,7.61707993E+1,
653.00,2.21669113E+2,
654.00,2.17064453E+2,
655.00,3.19494293E+2,
656.00,1.79017105E+2,
657.00,3.58193970E+2,
658.00,4.33299286E+2,
659.00,2.42197861E+2,
660.00,2.36798004E+2,
661.00,4.07670319E+2,
662.00,2.16571426E+2,
663.00,3.97769897E+2,
664.00,4.44908020E+2,
665.00,4.84097961E+2,
666.00,4.53697418E+2,
667.00,4.48383118E+2,
668.00,4.88765686E+2,
669.00,4.83200317E+2,
670.00,5.36608215E+2,
671.00,5.36300415E+2,
672.00,6.91192322E+2,
673.00,7.69631653E+2,
674.00,8.12456360E+2,
675.00,9.72072021E+2,
676.00,1.00245129E+3,
677.00,1.02108051E+3,
678.00,1.12690918E+3,
679.00,1.19874329E+3,
680.00,1.26277954E+3,
681.00,1.20980640E+3,
682.00,1.24507581E+3,
683.00,1.22061011E+3,
684.00,1.37890381E+3,
685.00,1.52748462E+3,
686.00,1.54335071E+3,
687.00,1.47056274E+3,
688.00,1.91403589E+3,
689.00,1.95883252E+3,
690.00,1.89352954E+3,
691.00,2.25651831E+3,
692.00,2.28617285E+3,
693.00,2.14392603E+3,
694.00,2.60934839E+3,
695.00,2.64405542E+3,
696.00,2.86663550E+3,
697.00,3.06266064E+3,
698.00,3.03738257E+3,
699.00,3.19250952E+3,
700.00,3.27040283E+3,
701.00,3.36662915E+3,
702.00,3.47302026E+3,
703.00,3.48405713E+3,
704.00,3.59951880E+3,
705.00,4.08069092E+3,
706.00,4.00038965E+3,
707.00,4.34045898E+3,
708.00,4.55547412E+3,
709.00,4.62446289E+3,
710.00,4.80613623E+3,
711.00,4.77866895E+3,
712.00,4.90172070E+3,
713.00,5.39800146E+3,
714.00,5.31714795E+3,
715.00,5.55102930E+3,
716.00,5.52399951E+3,
717.00,5.47732422E+3,
718.00,5.94528516E+3,
719.00,5.83222412E+3,
720.00,5.90379492E+3,
721.00,6.00991113E+3,
722.00,6.03282861E+3,
723.00,6.54570654E+3,
724.00,6.15903223E+3,
725.00,6.26481201E+3,
726.00,6.92490918E+3,
727.00,6.68776563E+3,
728.00,7.15244434E+3,
729.00,7.15576221E+3,
730.00,6.98278271E+3,
731.00,7.47379346E+3,
732.00,7.64632910E+3,
733.00,7.24735986E+3,
734.00,7.64635205E+3,
735.00,7.68432861E+3,
736.00,7.84921484E+3,
737.00,7.81176855E+3,
738.00,7.87347021E+3,
739.00,8.06248438E+3,
740.00,8.41063281E+3,
741.00,8.26189941E+3,
742.00,8.28845313E+3,
743.00,8.42701074E+3,
744.00,8.36932324E+3,
745.00,8.25529004E+3,
746.00,8.69821777E+3,
747.00,8.54895117E+3,
748.00,8.69156641E+3,
749.00,8.79791211E+3,
750.00,8.71320605E+3,
751.00,8.89352539E+3,
752.00,9.16502930E+3,
753.00,9.12862109E+3,
754.00,9.17798535E+3,
755.00,9.35694336E+3,
756.00,9.37345313E+3,
757.00,9.49254688E+3,
758.00,9.59661426E+3,
759.00,9.41112109E+3,
760.00,9.19102539E+3,
761.00,9.58579492E+3,
762.00,9.48237598E+3,
763.00,9.57827051E+3,
764.00,9.54264648E+3,
765.00,9.96071973E+3,
766.00,9.74386426E+3,
767.00,9.55346973E+3,
768.00,9.76638086E+3,
769.00,9.90748730E+3,
770.00,1.00574014E+4,
771.00,9.87071777E+3,
772.00,9.90681641E+3,
773.00,1.01832637E+4,
774.00,1.01353740E+4,
775.00,1.01871162E+4,
776.00,1.00596006E+4,
777.00,1.01437871E+4,
778.00,1.00448906E+4,
779.00,1.01892031E+4,
780.00,9.97443945E+3,
781.00,1.01096475E+4,
782.00,1.00281660E+4,
783.00,1.01283193E+4,
784.00,1.01019619E+4,
785.00,1.00703945E+4,
786.00,1.02313926E+4,
787.00,1.01700068E+4,
788.00,1.04542617E+4,
789.00,1.04859355E+4,
790.00,1.04949443E+4,
791.00,1.02418906E+4,
792.00,1.02833564E+4,
793.00,1.03871035E+4,
794.00,1.04337656E+4,
795.00,1.03805791E+4,
796.00,1.04388008E+4,
797.00,1.04236406E+4,
798.00,1.04176992E+4,
799.00,1.02380508E+4,
800.00,1.05137725E+4,
801.00,1.05601768E+4,
802.00,1.05232471E+4,
803.00,1.04754092E+4,
804.00,1.03983408E+4,
805.00,1.01736992E+4,
806.00,1.03470088E+4,
807.00,1.05375488E+4,
808.00,1.04080908E+4,
809.00,1.02266328E+4,
810.00,1.05468555E+4,
811.00,1.05324336E+4,
812.00,1.06405000E+4,
813.00,1.04066836E+4,
814.00,1.03945439E+4,
815.00,1.03367354E+4,
816.00,1.05750762E+4,
817.00,1.04747891E+4,
818.00,1.02480703E+4,
819.00,1.04034307E+4,
820.00,1.02790654E+4,
821.00,1.03941289E+4,
822.00,1.07779971E+4,
823.00,1.03434961E+4,
824.00,1.05063906E+4,
825.00,1.04160273E+4,
826.00,1.02664268E+4,
827.00,9.99247168E+3,
828.00,1.04241338E+4,
829.00,1.02555576E+4,
830.00,1.00889072E+4,
831.00,1.03367285E+4,
832.00,1.02804336E+4,
833.00,1.01550078E+4,
834.00,1.02189033E+4,
835.00,9.73238184E+3,
836.00,1.02426494E+4,
837.00,9.98373730E+3,
838.00,9.98021875E+3,
839.00,9.99664160E+3,
840.00,9.95827637E+3,
841.00,9.95156055E+3,
842.00,1.03065000E+4,
843.00,1.00267197E+4,
844.00,9.80662305E+3,
845.00,9.72655078E+3,
846.00,9.91562988E+3,
847.00,9.90135742E+3,
848.00,9.80284961E+3,
849.00,9.60948242E+3,
850.00,9.88350098E+3,
851.00,9.68663965E+3,
852.00,9.88692285E+3,
853.00,9.52249512E+3,
854.00,9.59052832E+3,
855.00,9.67645996E+3,
856.00,9.76125586E+3,
857.00,9.66747363E+3,
858.00,9.49327148E+3,
859.00,9.39896582E+3,
860.00,9.35661328E+3,
861.00,9.27210547E+3,
862.00,9.48563672E+3,
863.00,9.42913574E+3,
864.00,9.36729395E+3,
865.00,9.14911621E+3,
866.00,9.13901465E+3,
867.00,9.18761816E+3,
868.00,9.25886523E+3,
869.00,9.31872266E+3,
870.00,9.13968066E+3,
871.00,9.05426660E+3,
872.00,9.18683301E+3,
873.00,9.27244824E+3,
874.00,9.02670996E+3,
875.00,8.85877344E+3,
876.00,8.74330566E+3,
877.00,8.85877930E+3,
878.00,8.90877148E+3,
879.00,8.71350879E+3,
880.00,8.71245605E+3,
881.00,8.50970898E+3,
882.00,8.69577344E+3,
883.00,8.52241309E+3,
884.00,8.40006934E+3,
885.00,8.55939844E+3,
886.00,8.43888477E+3,
887.00,8.32605762E+3,
888.00,8.36328418E+3,
889.00,8.21802930E+3,
890.00,8.22292871E+3,
891.00,8.10573193E+3,
892.00,7.92649414E+3,
893.00,8.01776904E+3,
894.00,8.01917871E+3,
895.00,7.86511084E+3,
896.00,7.90512695E+3,
897.00,7.68008252E+3,
898.00,7.66889307E+3,
899.00,7.47513428E+3,
900.00,7.61721680E+3,
901.00,7.40112891E+3,
902.00,7.49638379E+3,
903.00,7.47690234E+3,
904.00,7.40987988E+3,
905.00,7.37589209E+3,
906.00,7.14319434E+3,
907.00,7.15135303E+3,
908.00,7.09925635E+3,
909.00,7.10032324E+3,
910.00,6.97237012E+3,
911.00,6.85465674E+3,
912.00,6.79102783E+3,
913.00,6.83126953E+3,
914.00,6.66615527E+3,
915.00,6.70904395E+3,
916.00,6.59833203E+3,
917.00,6.52658252E+3,
918.00,6.31512256E+3,
919.00,6.33213770E+3,
920.00,6.34916260E+3,
921.00,6.27974316E+3,
922.00,6.30823828E+3,
923.00,5.98919824E+3,
924.00,6.09844873E+3,
925.00,5.98401563E+3,
926.00,5.96949414E+3,
927.00,5.99959668E+3,
928.00,5.76750488E+3,
929.00,5.61227100E+3,
930.00,5.61711084E+3,
931.00,5.61558594E+3,
932.00,5.60612451E+3,
933.00,5.48286523E+3,
934.00,5.40037500E+3,
935.00,5.30829004E+3,
936.00,5.28884912E+3,
937.00,5.18589307E+3,
938.00,5.01633496E+3,
939.00,5.17306592E+3,
940.00,5.04558301E+3,
941.00,4.92372412E+3,
942.00,4.88958057E+3,
943.00,4.89105566E+3,
944.00,4.74802100E+3,
945.00,4.68689453E+3,
946.00,4.54423193E+3,
947.00,4.58108984E+3,
948.00,4.50737744E+3,
949.00,4.45707959E+3,
950.00,4.35857373E+3,
951.00,4.28852734E+3,
952.00,4.28304395E+3,
953.00,4.26344580E+3,
954.00,4.19415771E+3,
955.00,4.10606006E+3,
956.00,4.07923584E+3,
957.00,3.97023926E+3,
958.00,3.96829272E+3,
959.00,3.84758765E+3,
960.00,3.82924219E+3,
961.00,3.82728809E+3,
962.00,3.70942017E+3,
963.00,3.65199731E+3,
964.00,3.61487036E+3,
965.00,3.45722754E+3,
966.00,3.45030469E+3,
967.00,3.52763940E+3,
968.00,3.44841040E+3,
969.00,3.29517554E+3,
970.00,3.27087793E+3,
971.00,3.25746924E+3,
972.00,3.17507178E+3,
973.00,3.09995557E+3,
974.00,3.09474023E+3,
975.00,3.08476953E+3,
976.00,3.08297437E+3,
977.00,3.03737427E+3,
978.00,2.97206738E+3,
979.00,2.89638232E+3,
980.00,2.84056348E+3,
981.00,2.85287207E+3,
982.00,2.79989575E+3,
983.00,2.71934741E+3,
984.00,2.70621484E+3,
985.00,2.62501172E+3,
986.00,2.61792358E+3,
987.00,2.55401538E+3,
988.00,2.50388818E+3,
989.00,2.52585474E+3,
990.00,2.46859985E+3,
991.00,2.41373926E+3,
992.00,2.41511157E+3,
993.00,2.33313037E+3,
994.00,2.24416699E+3,
995.00,2.27617407E+3,
996.00,2.20243530E+3,
997.00,2.25433350E+3,
998.00,2.08581934E+3,
999.00,2.10017529E+3,
1000.00,2.05767920E+3,
1001.000,2.08288477E+3,
1002.000,2.00229761E+3,
1003.000,1.96573743E+3,
1004.000,1.92117102E+3,
1005.000,1.91515662E+3,
1006.000,1.86022021E+3,
1007.000,1.82123413E+3,
1008.000,1.85695410E+3,
1009.000,1.85626660E+3,
1010.00,1.78678027E+3,
1011.000,1.74004114E+3,
1012.000,1.69937683E+3,
1013.000,1.71007617E+3,
1014.000,1.68097375E+3,
1015.000,1.66115405E+3,
1016.000,1.60958960E+3,
1017.000,1.56600024E+3,
1018.000,1.60687988E+3,
1019.000,1.57493530E+3,
1020.00,1.52763855E+3,
1021.000,1.53014429E+3,
1022.000,1.51136450E+3,
1023.000,1.44681763E+3,
1024.000,1.42018518E+3,
1025.000,1.41920911E+3,
1026.000,1.39552173E+3,
1027.000,1.34433777E+3,
1028.000,1.30616687E+3,
1029.000,1.32099329E+3,
1030.00,1.29155725E+3,
1031.000,1.27896753E+3,
1032.000,1.24910681E+3,
1033.000,1.23694177E+3,
1034.000,1.25870581E+3,
1035.000,1.21151038E+3,
1036.000,1.19565161E+3,
1037.000,1.16244580E+3,
1038.000,1.19348071E+3,
1039.000,1.11647131E+3,
1040.00,1.11786694E+3,
1041.000,1.09238269E+3,
1042.000,1.04845117E+3,
1043.000,1.05020337E+3,
1044.000,1.07399304E+3,
1045.000,1.00949854E+3,
1046.000,1.03535522E+3,
1047.000,9.98384521E+2,
1048.000,9.50560120E+2,
1049.000,9.73392456E+2,
1050.00,9.15135742E+2,
1051.000,9.22659424E+2,
1052.000,9.00892029E+2,
1053.000,9.11440308E+2,
1054.000,8.80143494E+2,
1055.000,8.74218201E+2,
1056.000,8.91956970E+2,
1057.000,8.61823059E+2,
1058.000,8.57874268E+2,
1059.000,7.89246033E+2,
1060.00,7.97656677E+2,
1061.000,7.75113159E+2,
1062.000,7.59415100E+2,
1063.000,7.50356873E+2,
1064.000,7.30179382E+2,
1065.000,7.51949524E+2,
1066.000,7.55604187E+2,
1067.000,7.19160522E+2,
1068.000,6.97567749E+2,
1069.000,7.03748230E+2,
1070.00,7.12429443E+2,
1071.000,7.14240784E+2,
1072.000,6.58212708E+2,
1073.000,6.38577759E+2,
1074.000,6.47385071E+2,
1075.000,5.89025330E+2,
1076.000,6.13078674E+2,
1077.000,6.44805054E+2,
1078.000,6.20089966E+2,
1079.000,5.83364685E+2,
1080.00,5.73981262E+2,
1081.000,5.24523560E+2,
1082.000,5.73158020E+2,
1083.000,5.41571960E+2,
1084.000,5.12659912E+2,
1085.000,4.98311859E+2,
1086.000,5.27601074E+2,
1087.000,5.25662292E+2,
1088.000,5.69228333E+2,
1089.000,5.18423401E+2,
1090.00,4.94846710E+2,
1091.000,4.79568909E+2,
1092.000,4.81957642E+2,
1093.000,4.77839050E+2,
1094.000,4.94436310E+2,
1095.000,4.67828156E+2,
1096.000,4.60046967E+2,
1097.000,4.74803192E+2,
1098.000,4.19049988E+2,
1099.000,4.52480011E+2,
1100.00,4.23740875E+2,
1101.000,3.87049622E+2,
1102.000,4.10868164E+2,
1103.000,4.04185364E+2,
1104.000,4.00160583E+2,
1105.000,4.15889221E+2,
1106.000,3.82452698E+2,
1107.000,3.82327789E+2,
1108.000,3.50309052E+2,
1109.000,3.58451996E+2,
1110.00,3.72785431E+2,
1111.000,3.65015869E+2,
1112.000,3.98838409E+2,
1113.000,3.49669128E+2,
1114.000,3.58776886E+2,
1115.000,3.45352997E+2,
1116.000,3.47422424E+2,
1117.000,3.58258209E+2,
1118.000,3.22076447E+2,
1119.000,3.62675354E+2,
1120.00,2.83028931E+2,
1121.000,3.30183746E+2,
1122.000,3.06688354E+2,
1123.000,3.10853790E+2,
1124.000,2.70070648E+2,
1125.000,2.76340057E+2,
1126.000,2.85676544E+2,
1127.000,3.15650238E+2,
1128.000,2.51815186E+2,
1129.000,2.77666901E+2,
1130.00,2.78589661E+2,
1131.000,2.81254364E+2,
1132.000,2.69996094E+2,
1133.000,2.70901489E+2,
1134.000,2.97075623E+2,
1135.000,2.33595169E+2,
1136.000,2.52827988E+2,
1137.000,2.53835785E+2,
1138.000,2.82155304E+2,
1139.000,2.48821625E+2,
1140.00,2.46748062E+2,
1141.000,2.31820999E+2,
1142.000,2.57327850E+2,
1143.000,2.39146179E+2,
1144.000,2.35514145E+2,
1145.000,2.42421249E+2,
1146.000,2.30158112E+2,
1147.000,2.32222290E+2,
1148.000,2.16659607E+2,
1149.000,2.22266693E+2,
1150.00,2.24834900E+2,
1151.000,2.54578445E+2,
1152.000,2.28184891E+2,
1153.000,1.87361954E+2,
1154.000,2.47384628E+2,
1155.000,2.38969757E+2,
1156.000,2.11383347E+2,
1157.000,2.10828995E+2,
1158.000,2.06999634E+2,
1159.000,1.96766174E+2,
1160.00,1.87873657E+2,
1161.000,1.95888916E+2,
1162.000,1.95306732E+2,
1163.000,2.09462219E+2,
1164.000,2.06202133E+2,
1165.000,2.01695541E+2,
1166.000,2.13211975E+2,
1167.000,1.98566574E+2,
1168.000,1.79790878E+2,
1169.000,1.86834351E+2,
1170.00,1.99131760E+2,
1171.000,1.94015213E+2,
1172.000,1.89460464E+2,
1173.000,2.20527496E+2,
1174.000,2.04825027E+2,
1175.000,2.04974014E+2,
1176.000,2.01412292E+2,
1177.000,1.82714172E+2,
1178.000,1.90332474E+2,
1179.000,2.06400696E+2,
1180.00,2.01172043E+2,
1181.000,2.01430786E+2,
1182.000,2.16064774E+2,
1183.000,2.07138351E+2,
1184.000,1.94203125E+2,
1185.000,1.75703827E+2,
1186.000,2.23420609E+2,
1187.000,1.77262192E+2,
1188.000,1.83107651E+2,
1189.000,1.99541443E+2,
1190.00,1.90473557E+2,
1191.000,1.88287018E+2,
1192.000,2.12862839E+2,
1193.000,2.19435577E+2,
1194.000,2.03806290E+2,
1195.000,2.11497528E+2,
1196.000,2.13299301E+2,
1197.000,2.12678604E+2,
1198.000,2.13164871E+2,
1199.000,2.09209534E+2,
1200.00,2.11858521E+2,
1201.000,2.40302277E+2,
1202.000,2.21093338E+2,
1203.000,2.32658936E+2,
1204.000,2.03549255E+2,
1205.000,2.16794678E+2,
1206.000,2.24664078E+2,
1207.000,2.26327347E+2,
1208.000,2.59805420E+2,
1209.000,2.38769775E+2,
1210.00,2.46612579E+2,
1211.000,2.35482788E+2,
1212.000,2.23833466E+2,
1213.000,2.54061340E+2,
1214.000,2.59316437E+2,
1215.000,2.56846893E+2,
1216.000,2.68798096E+2,
1217.000,2.71007996E+2,
1218.000,2.76867584E+2,
1219.000,2.65694733E+2,
1220.00,2.79318909E+2,
1221.000,2.95531860E+2,
1222.000,2.89058441E+2,
1223.000,2.67572693E+2,
1224.000,2.70911774E+2,
1225.000,2.80168579E+2,
1226.000,2.96658813E+2,
1227.000,3.19841003E+2,
1228.000,3.26034912E+2,
1229.000,3.33354645E+2,
1230.00,3.22865784E+2,
1231.000,3.22454987E+2,
1232.000,3.02072845E+2,
1233.000,3.59717712E+2,
1234.000,3.31269104E+2,
1235.000,3.74633148E+2,
1236.000,3.93137238E+2,
1237.000,3.67313843E+2,
1238.000,3.91078674E+2,
1239.000,3.74700592E+2,
1240.00,4.09683167E+2,
1241.000,3.74975311E+2,
1242.000,4.12149200E+2,
1243.000,4.45911011E+2,
1244.000,4.36974335E+2,
1245.000,4.26963715E+2,
1246.000,4.64520813E+2,
1247.000,5.02256439E+2,
1248.000,4.51306702E+2,
1249.000,4.71021271E+2,
1250.00,4.92069763E+2,
1251.000,4.85402283E+2,
1252.000,5.02607300E+2,
1253.000,5.03479370E+2,
1254.000,5.06806213E+2,
1255.000,5.59240784E+2,
1256.000,5.47381470E+2,
1257.000,5.82175659E+2,
1258.000,5.46836670E+2,
1259.000,5.57895874E+2,
1260.00,5.77738953E+2,
1261.000,5.77392029E+2,
1262.000,6.07619934E+2,
1263.000,5.77980347E+2,
1264.000,6.18335022E+2,
1265.000,6.20673706E+2,
1266.000,6.44995422E+2,
1267.000,6.67675903E+2,
1268.000,6.98373901E+2,
1269.000,6.61783752E+2,
1270.00,7.17980469E+2,
1271.000,7.07468506E+2,
1272.000,7.42491211E+2,
1273.000,7.27743591E+2,
1274.000,7.80450562E+2,
1275.000,7.79394165E+2,
1276.000,8.16332825E+2,
1277.000,8.06112366E+2,
1278.000,8.49983215E+2,
1279.000,8.63017151E+2,
1280.00,8.52777161E+2,
1281.000,9.04484985E+2,
1282.000,8.75797668E+2,
1283.000,9.12495483E+2,
1284.000,9.13534119E+2,
1285.000,9.47221924E+2,
1286.000,1.01171429E+3,
1287.000,1.03134766E+3,
1288.000,1.06112427E+3,
1289.000,1.01050092E+3,
1290.00,1.07268250E+3,
1291.000,1.11564014E+3,
1292.000,1.14872839E+3,
1293.000,1.16517810E+3,
1294.000,1.15582507E+3,
1295.000,1.18606213E+3,
1296.000,1.26197534E+3,
1297.000,1.23937585E+3,
1298.000,1.26514417E+3,
1299.000,1.27226831E+3,
1300.00,1.30694177E+3,
1301.000,1.34175757E+3,
1302.000,1.36882043E+3,
1303.000,1.43429443E+3,
1304.000,1.38648364E+3,
1305.000,1.48570288E+3,
1306.000,1.48958191E+3,
1307.000,1.53980176E+3,
1308.000,1.53247864E+3,
1309.000,1.55747156E+3,
1310.00,1.62202295E+3,
1311.000,1.63100342E+3,
1312.000,1.66641760E+3,
1313.000,1.65360291E+3,
1314.000,1.78732947E+3,
1315.000,1.80752002E+3,
1316.000,1.80897388E+3,
1317.000,1.84288147E+3,
1318.000,1.85832776E+3,
1319.000,1.97641504E+3,
1320.00,1.99349097E+3,
1321.000,2.00608167E+3,
1322.000,2.06319287E+3,
1323.000,2.05283057E+3,
1324.000,2.10702319E+3,
1325.000,2.18272168E+3,
1326.000,2.17523047E+3,
1327.000,2.23982275E+3,
1328.000,2.32234717E+3,
1329.000,2.40967529E+3,
1330.00,2.37492822E+3,
1331.000,2.47928833E+3,
1332.000,2.54997046E+3,
1333.000,2.54187061E+3,
1334.000,2.56234424E+3,
1335.000,2.67457397E+3,
1336.000,2.67520630E+3,
1337.000,2.75220898E+3,
1338.000,2.75526636E+3,
1339.000,2.87381177E+3,
1340.00,2.93399878E+3,
1341.000,2.98569263E+3,
1342.000,3.03689624E+3,
1343.000,3.06796777E+3,
1344.000,3.12982080E+3,
1345.000,3.19677661E+3,
1346.000,3.24431128E+3,
1347.000,3.36031299E+3,
1348.000,3.43832324E+3,
1349.000,3.42093579E+3,
1350.00,3.45127441E+3,
1351.000,3.59665601E+3,
1352.000,3.60505762E+3,
1353.000,3.72889233E+3,
1354.000,3.67814771E+3,
1355.000,4.01567163E+3,
1356.000,3.99840210E+3,
1357.000,4.12225586E+3,
1358.000,4.15626123E+3,
1359.000,4.22379785E+3,
1360.00,4.32013916E+3,
1361.000,4.40991309E+3,
1362.000,4.75240137E+3,
1363.000,4.55493994E+3,
1364.000,4.58880420E+3,
1365.000,4.75873486E+3,
1366.000,4.63509863E+3,
1367.000,4.80760596E+3,
1368.000,4.93995459E+3,
1369.000,5.03773730E+3,
1370.00,4.98990723E+3,
1371.000,5.06123193E+3,
1372.000,5.16968604E+3,
1373.000,5.09162500E+3,
1374.000,5.24943213E+3,
1375.000,5.27449268E+3,
1376.000,5.38422021E+3,
1377.000,5.56562256E+3,
1378.000,5.73804492E+3,
1379.000,5.69284277E+3,
1380.00,5.79413525E+3,
1381.000,6.02894189E+3,
1382.000,6.20595117E+3,
1383.000,6.43629150E+3,
1384.000,6.17730762E+3,
1385.000,6.19686377E+3,
1386.000,6.15658594E+3,
1387.000,6.13488770E+3,
1388.000,6.36991455E+3,
1389.000,6.43958691E+3,
1390.00,6.31851416E+3,
1391.000,6.39614453E+3,
1392.000,6.83198291E+3,
1393.000,6.84100586E+3,
1394.000,6.79326465E+3,
1395.000,6.93906592E+3,
1396.000,7.27991455E+3,
1397.000,7.09123145E+3,
1398.000,6.91166699E+3,
1399.000,7.06962695E+3,
1400.00,7.67999268E+3,
1401.000,7.64511279E+3,
1402.000,7.34554395E+3,
1403.000,7.38072217E+3,
1404.000,7.71018115E+3,
1405.000,8.05916943E+3,
1406.000,7.97956445E+3,
1407.000,8.06646338E+3,
1408.000,8.11585840E+3,
1409.000,8.22126855E+3,
1410.00,8.31408887E+3,
1411.000,8.30049707E+3,
1412.000,8.26715625E+3,
1413.000,8.52706641E+3,
1414.000,8.90364453E+3,
1415.000,8.85269922E+3,
1416.000,8.66404297E+3,
1417.000,8.91504785E+3,
1418.000,8.93919238E+3,
1419.000,9.19404297E+3,
1420.00,9.34324219E+3,
1421.000,9.13380078E+3,
1422.000,9.28392188E+3,
1423.000,9.44372754E+3,
1424.000,9.59874902E+3,
1425.000,9.78490918E+3,
1426.000,9.72390234E+3,
1427.000,9.85917676E+3,
1428.000,9.97651660E+3,
1429.000,9.97281250E+3,
1430.00,1.01568438E+4,
1431.000,1.03018750E+4,
1432.000,1.04426846E+4,
1433.000,1.05058066E+4,
1434.000,1.05784063E+4,
1435.000,1.05928848E+4,
1436.000,1.07346768E+4,
1437.000,1.07833584E+4,
1438.000,1.09900225E+4,
1439.000,1.09906152E+4,
1440.00,1.11327549E+4,
1441.000,1.12811709E+4,
1442.000,1.13396396E+4,
1443.000,1.13306094E+4,
1444.000,1.14571973E+4,
1445.000,1.15350605E+4,
1446.000,1.18107842E+4,
1447.000,1.18416787E+4,
1448.000,1.17944707E+4,
1449.000,1.20398320E+4,
1450.00,1.21002100E+4,
1451.000,1.22905625E+4,
1452.000,1.21879287E+4,
1453.000,1.22881846E+4,
1454.000,1.23117754E+4,
1455.000,1.25407334E+4,
1456.000,1.25683369E+4,
1457.000,1.27086211E+4,
1458.000,1.27855596E+4,
1459.000,1.30308555E+4,
1460.00,1.30084766E+4,
1461.000,1.29492627E+4,
1462.000,1.31604082E+4,
1463.000,1.31309561E+4,
1464.000,1.33752432E+4,
1465.000,1.32251992E+4,
1466.000,1.34020283E+4,
1467.000,1.36532148E+4,
1468.000,1.36860615E+4,
1469.000,1.38234004E+4,
1470.00,1.39037100E+4,
1471.000,1.38560146E+4,
1472.000,1.39506396E+4,
1473.000,1.41337314E+4,
1474.000,1.40628096E+4,
1475.000,1.41810508E+4,
1476.000,1.43796553E+4,
1477.000,1.43913076E+4,
1478.000,1.44715557E+4,
1479.000,1.45211201E+4,
1480.00,1.47101367E+4,
1481.000,1.46382559E+4,
1482.000,1.46857490E+4,
1483.000,1.47178418E+4,
1484.000,1.46928809E+4,
1485.000,1.49038574E+4,
1486.000,1.50036084E+4,
1487.000,1.51054092E+4,
1488.000,1.51385010E+4,
1489.000,1.51475283E+4,
1490.00,1.52536543E+4,
1491.000,1.53516846E+4,
1492.000,1.53751465E+4,
1493.000,1.55429238E+4,
1494.000,1.56748135E+4,
1495.000,1.55478252E+4,
1496.000,1.57286328E+4,
1497.000,1.57912100E+4,
1498.000,1.57507051E+4,
1499.000,1.58163291E+4,
1500.00,1.58459082E+4,
1501.000,1.59662666E+4,
1502.000,1.59015547E+4,
1503.000,1.59559688E+4,
1504.000,1.61887373E+4,
1505.000,1.60460547E+4,
1506.000,1.61700166E+4,
1507.000,1.61349834E+4,
1508.000,1.61871318E+4,
1509.000,1.63505469E+4,
1510.00,1.64786855E+4,
1511.000,1.64508203E+4,
1512.000,1.64739941E+4,
1513.000,1.66021699E+4,
1514.000,1.66216328E+4,
1515.000,1.64566855E+4,
1516.000,1.64776680E+4,
1517.000,1.66036914E+4,
1518.000,1.65752930E+4,
1519.000,1.66497988E+4,
1520.00,1.65973887E+4,
1521.000,1.68267090E+4,
1522.000,1.65584121E+4,
1523.000,1.65795352E+4,
1524.000,1.68135586E+4,
1525.000,1.68169063E+4,
1526.000,1.69256973E+4,
1527.000,1.68254590E+4,
1528.000,1.67267344E+4,
1529.000,1.68175859E+4,
1530.00,1.69339609E+4,
1531.000,1.68052988E+4,
1532.000,1.70374531E+4,
1533.000,1.69478418E+4,
1534.000,1.69780508E+4,
1535.000,1.69910762E+4,
1536.000,1.68434277E+4,
1537.000,1.68968008E+4,
1538.000,1.69118809E+4,
1539.000,1.69482227E+4,
1540.00,1.69622891E+4,
1541.000,1.69155352E+4,
1542.000,1.68823281E+4,
1543.000,1.68938984E+4,
1544.000,1.70787734E+4,
1545.000,1.69988789E+4,
1546.000,1.68764785E+4,
1547.000,1.68813906E+4,
1548.000,1.70839648E+4,
1549.000,1.70647559E+4,
1550.00,1.67340586E+4,
1551.000,1.67922793E+4,
1552.000,1.70208379E+4,
1553.000,1.69471582E+4,
1554.000,1.67341953E+4,
1555.000,1.67868613E+4,
1556.000,1.67989883E+4,
1557.000,1.67606426E+4,
1558.000,1.69176211E+4,
1559.000,1.70337930E+4,
1560.00,1.68117480E+4,
1561.000,1.68733008E+4,
1562.000,1.67904063E+4,
1563.000,1.68137832E+4,
1564.000,1.66343438E+4,
1565.000,1.66686230E+4,
1566.000,1.65444922E+4,
1567.000,1.66371230E+4,
1568.000,1.64931035E+4,
1569.000,1.65105645E+4,
1570.00,1.66534746E+4,
1571.000,1.64693965E+4,
1572.000,1.64369863E+4,
1573.000,1.63034023E+4,
1574.000,1.66836992E+4,
1575.000,1.64291035E+4,
1576.000,1.63499346E+4,
1577.000,1.63339512E+4,
1578.000,1.62566973E+4,
1579.000,1.64746855E+4,
1580.00,1.62698564E+4,
1581.000,1.61878877E+4,
1582.000,1.61294844E+4,
1583.000,1.62102119E+4,
1584.000,1.61367627E+4,
1585.000,1.59528340E+4,
1586.000,1.60079805E+4,
1587.000,1.59300381E+4,
1588.000,1.59639443E+4,
1589.000,1.58317646E+4,
1590.00,1.58111094E+4,
1591.000,1.57486484E+4,
1592.000,1.58096543E+4,
1593.000,1.56267793E+4,
1594.000,1.58197070E+4,
1595.000,1.57558643E+4,
1596.000,1.56229287E+4,
1597.000,1.55114287E+4,
1598.000,1.55302959E+4,
1599.000,1.54447412E+4,
1600.00,1.54361689E+4,
1601.000,1.54519941E+4,
1602.000,1.55224287E+4,
1603.000,1.54369014E+4,
1604.000,1.54752646E+4,
1605.000,1.52818359E+4,
1606.000,1.51541826E+4,
1607.000,1.52628936E+4,
1608.000,1.52518457E+4,
1609.000,1.51301592E+4,
1610.00,1.50731426E+4,
1611.000,1.48337295E+4,
1612.000,1.49211113E+4,
1613.000,1.49149863E+4,
1614.000,1.47209912E+4,
1615.000,1.47511328E+4,
1616.000,1.48712275E+4,
1617.000,1.45983672E+4,
1618.000,1.44556699E+4,
1619.000,1.47849688E+4,
1620.00,1.45397490E+4,
1621.000,1.46578916E+4,
1622.000,1.45804629E+4,
1623.000,1.45690352E+4,
1624.000,1.46350957E+4,
1625.000,1.46422803E+4,
1626.000,1.45419844E+4,
1627.000,1.44367627E+4,
1628.000,1.43859219E+4,
1629.000,1.45661367E+4,
1630.00,1.42338223E+4,
1631.000,1.44816475E+4,
1632.000,1.46911592E+4,
1633.000,1.46847275E+4,
1634.000,1.45503350E+4,
1635.000,1.45590938E+4,
1636.000,1.45673564E+4,
1637.000,1.45962832E+4,
1638.000,1.47233848E+4,
1639.000,1.45120947E+4,
1640.00,1.46129473E+4,
1641.000,1.46809434E+4,
1642.000,1.48672637E+4,
1643.000,1.47377891E+4,
1644.000,1.46861260E+4,
1645.000,1.45303057E+4,
1646.000,1.45675752E+4,
1647.000,1.45156914E+4,
1648.000,1.48254316E+4,
1649.000,1.45425654E+4,
1650.00,1.44323691E+4,
1651.000,1.45179570E+4,
1652.000,1.45284766E+4,
1653.000,1.46969102E+4,
1654.000,1.41501201E+4,
1655.000,1.44310928E+4,
1656.000,1.51915020E+4,
1657.000,1.44693115E+4,
1658.000,1.50850117E+4,
1659.000,1.51856973E+4,
1660.00,1.36882451E+4,
1661.000,1.54627041E+4,
1662.000,1.52183096E+4,
1663.000,1.50989561E+4,
1664.000,1.50630996E+4,
1665.000,1.48351514E+4,
1666.000,1.47989961E+4,
1667.000,1.39539766E+4,
1668.000,1.44447383E+4,
1669.000,1.35172910E+4,
1670.00,1.48785527E+4,
1671.000,1.47773799E+4,
1672.000,1.57530381E+4,
1673.000,1.43467510E+4,
1674.000,1.47361602E+4,
1675.000,1.49348848E+4,
1676.000,1.27440254E+4,
1677.000,1.47549541E+4,
1678.000,1.47413369E+4,
1679.000,1.38469941E+4,
1680.00,1.53481055E+4,
1681.000,1.42535127E+4,
1682.000,1.48224443E+4,
1683.000,1.58528047E+4,
1684.000,1.97767969E+4,
1685.000,1.57417334E+4,
1686.000,1.87414023E+4,
1687.000,1.91426719E+4,
1688.000,1.73855508E+4,
1689.000,1.74732090E+4,
1690.00,1.77880898E+4,
1691.000,1.88300254E+4,
1692.000,1.99928145E+4,
1693.000,2.20397363E+4,
1694.000,1.88603398E+4,
1695.000,1.84805859E+4,
1696.000,2.05697168E+4,
1697.000,1.95069102E+4,
1698.000,2.65656133E+4,
1699.000,2.23783320E+4,
1700.00,2.35096426E+4,
