Labels,0,
Type,Emission Scan,
Comment,,
Start,650.00,
Stop,1700.00,
Step,1.00,
Fixed/Offset,450.00,
Xaxis,Wavelength,
Yaxis,Counts,
Scan Corr. by File,True,
Corr. by Ref. Det.,True,
Fixed/Offset Corr. by File,False,
Repeats,1,
Dwell Time,0.10,
Lamp,Xenon,
Temp,27.70,
Scan Polariser,None,
Scan Slit,5.1999564,
Fixed/Offset Polariser,None,
Fixed/Offset Slit,5.1999879,
Detector,Det2,

650.00,6.03771973E+1,
651.00,5.05359612E+1,
652.00,5.08278770E+1,
653.00,6.29741364E+1,
654.00,8.29295731E+1,
655.00,1.03615921E+2,
656.00,1.16983536E+2,
657.00,1.20020370E+2,
658.00,1.14955078E+2,
659.00,1.07250443E+2,
660.00,1.08179985E+2,
661.00,1.25304787E+2,
662.00,1.48185425E+2,
663.00,1.62070541E+2,
664.00,1.70950699E+2,
665.00,1.88234482E+2,
666.00,2.13078003E+2,
667.00,2.31287155E+2,
668.00,2.33992462E+2,
669.00,2.26111801E+2,
670.00,2.18783600E+2,
671.00,2.20063156E+2,
672.00,2.33580170E+2,
673.00,2.60428192E+2,
674.00,2.96795654E+2,
675.00,3.29589813E+2,
676.00,3.41110199E+2,
677.00,3.25700653E+2,
678.00,3.00498352E+2,
679.00,2.92219788E+2,
680.00,3.12562073E+2,
681.00,3.52775146E+2,
682.00,3.99180603E+2,
683.00,4.41894684E+2,
684.00,4.73210632E+2,
685.00,4.93319427E+2,
686.00,5.11879303E+2,
687.00,5.33570984E+2,
688.00,5.53386353E+2,
689.00,5.71348816E+2,
690.00,5.98095154E+2,
691.00,6.41868713E+2,
692.00,6.99225037E+2,
693.00,7.60279663E+2,
694.00,8.16742615E+2,
695.00,8.64538757E+2,
696.00,9.03877686E+2,
697.00,9.36259827E+2,
698.00,9.61115234E+2,
699.00,9.80205200E+2,
700.00,1.00018091E+3,
701.00,1.02425195E+3,
702.00,1.05039697E+3,
703.00,1.07879785E+3,
704.00,1.10803259E+3,
705.00,1.13056836E+3,
706.00,1.14669116E+3,
707.00,1.17103406E+3,
708.00,1.21211230E+3,
709.00,1.25939526E+3,
710.00,1.30270251E+3,
711.00,1.34923462E+3,
712.00,1.40715283E+3,
713.00,1.46618469E+3,
714.00,1.50787610E+3,
715.00,1.52572778E+3,
716.00,1.52930859E+3,
717.00,1.53247510E+3,
718.00,1.53901294E+3,
719.00,1.54411938E+3,
720.00,1.54933289E+3,
721.00,1.56628284E+3,
722.00,1.60246875E+3,
723.00,1.64820447E+3,
724.00,1.68857727E+3,
725.00,1.72896582E+3,
726.00,1.78452417E+3,
727.00,1.84516113E+3,
728.00,1.88635791E+3,
729.00,1.90762231E+3,
730.00,1.92703564E+3,
731.00,1.95276331E+3,
732.00,1.98216077E+3,
733.00,2.01068286E+3,
734.00,2.02979395E+3,
735.00,2.03230811E+3,
736.00,2.02367712E+3,
737.00,2.01528589E+3,
738.00,2.01316992E+3,
739.00,2.02203052E+3,
740.00,2.04192676E+3,
741.00,2.06066821E+3,
742.00,2.07285181E+3,
743.00,2.09318359E+3,
744.00,2.13107422E+3,
745.00,2.17459619E+3,
746.00,2.20977319E+3,
747.00,2.23248340E+3,
748.00,2.24373145E+3,
749.00,2.25388257E+3,
750.00,2.28054956E+3,
751.00,2.32651514E+3,
752.00,2.37271582E+3,
753.00,2.40009717E+3,
754.00,2.40559521E+3,
755.00,2.39691211E+3,
756.00,2.38380151E+3,
757.00,2.37282202E+3,
758.00,2.36254956E+3,
759.00,2.34606396E+3,
760.00,2.32440747E+3,
761.00,2.31495654E+3,
762.00,2.33569043E+3,
763.00,2.38037256E+3,
764.00,2.42145703E+3,
765.00,2.43877466E+3,
766.00,2.43395508E+3,
767.00,2.41783643E+3,
768.00,2.39913599E+3,
769.00,2.38954590E+3,
770.00,2.40355469E+3,
771.00,2.43965723E+3,
772.00,2.47136377E+3,
773.00,2.47395898E+3,
774.00,2.45653809E+3,
775.00,2.45230005E+3,
776.00,2.48056689E+3,
777.00,2.52887769E+3,
778.00,2.56523413E+3,
779.00,2.56454199E+3,
780.00,2.53301025E+3,
781.00,2.50342285E+3,
782.00,2.50222461E+3,
783.00,2.52949976E+3,
784.00,2.56548315E+3,
785.00,2.58736572E+3,
786.00,2.58831738E+3,
787.00,2.58366479E+3,
788.00,2.59215137E+3,
789.00,2.61375293E+3,
790.00,2.63275024E+3,
791.00,2.63861475E+3,
792.00,2.63428833E+3,
793.00,2.62788232E+3,
794.00,2.62509668E+3,
795.00,2.62561621E+3,
796.00,2.62649707E+3,
797.00,2.63179907E+3,
798.00,2.64580688E+3,
799.00,2.65645215E+3,
800.00,2.64780420E+3,
801.00,2.62686426E+3,
802.00,2.61471289E+3,
803.00,2.61657813E+3,
804.00,2.62097534E+3,
805.00,2.61817871E+3,
806.00,2.60334912E+3,
807.00,2.57669214E+3,
808.00,2.55179907E+3,
809.00,2.54742944E+3,
810.00,2.56483398E+3,
811.00,2.58574756E+3,
812.00,2.59505713E+3,
813.00,2.59683765E+3,
814.00,2.60430371E+3,
815.00,2.61859888E+3,
816.00,2.62661450E+3,
817.00,2.62020410E+3,
818.00,2.60656763E+3,
819.00,2.59728345E+3,
820.00,2.59545215E+3,
821.00,2.59627759E+3,
822.00,2.59701318E+3,
823.00,2.60097534E+3,
824.00,2.60722632E+3,
825.00,2.60343652E+3,
826.00,2.58182764E+3,
827.00,2.55697095E+3,
828.00,2.54897192E+3,
829.00,2.55243750E+3,
830.00,2.54505591E+3,
831.00,2.52421533E+3,
832.00,2.51118188E+3,
833.00,2.51954614E+3,
834.00,2.53883203E+3,
835.00,2.54879028E+3,
836.00,2.53476660E+3,
837.00,2.49549390E+3,
838.00,2.45210498E+3,
839.00,2.43543262E+3,
840.00,2.45031812E+3,
841.00,2.47134692E+3,
842.00,2.47735205E+3,
843.00,2.46912012E+3,
844.00,2.45733594E+3,
845.00,2.45054321E+3,
846.00,2.44891284E+3,
847.00,2.44096631E+3,
848.00,2.41755225E+3,
849.00,2.39224316E+3,
850.00,2.38990723E+3,
851.00,2.41335815E+3,
852.00,2.43972534E+3,
853.00,2.44876685E+3,
854.00,2.43904224E+3,
855.00,2.42039307E+3,
856.00,2.40503516E+3,
857.00,2.40092627E+3,
858.00,2.40309521E+3,
859.00,2.39876611E+3,
860.00,2.38501343E+3,
861.00,2.36999048E+3,
862.00,2.35725293E+3,
863.00,2.34172437E+3,
864.00,2.32135083E+3,
865.00,2.30318994E+3,
866.00,2.29444727E+3,
867.00,2.29322339E+3,
868.00,2.29423853E+3,
869.00,2.29707935E+3,
870.00,2.29966553E+3,
871.00,2.29329297E+3,
872.00,2.27563745E+3,
873.00,2.25693140E+3,
874.00,2.24387305E+3,
875.00,2.23160938E+3,
876.00,2.21548096E+3,
877.00,2.19545654E+3,
878.00,2.17101758E+3,
879.00,2.14436426E+3,
880.00,2.12488574E+3,
881.00,2.12290771E+3,
882.00,2.13739966E+3,
883.00,2.15003931E+3,
884.00,2.13979590E+3,
885.00,2.10845215E+3,
886.00,2.07932446E+3,
887.00,2.06634082E+3,
888.00,2.06142651E+3,
889.00,2.05474561E+3,
890.00,2.04603284E+3,
891.00,2.03404565E+3,
892.00,2.01539087E+3,
893.00,1.99424487E+3,
894.00,1.97808313E+3,
895.00,1.96664075E+3,
896.00,1.95481714E+3,
897.00,1.94176196E+3,
898.00,1.93083228E+3,
899.00,1.92378516E+3,
900.00,1.91779590E+3,
901.00,1.90742004E+3,
902.00,1.89025195E+3,
903.00,1.86948340E+3,
904.00,1.84849207E+3,
905.00,1.82721680E+3,
906.00,1.80679565E+3,
907.00,1.79104224E+3,
908.00,1.78106775E+3,
909.00,1.77424512E+3,
910.00,1.76753125E+3,
911.00,1.75819775E+3,
912.00,1.74535620E+3,
913.00,1.73258301E+3,
914.00,1.72413330E+3,
915.00,1.71871021E+3,
916.00,1.71166626E+3,
917.00,1.70052686E+3,
918.00,1.68421973E+3,
919.00,1.66290710E+3,
920.00,1.64143103E+3,
921.00,1.62563501E+3,
922.00,1.61502930E+3,
923.00,1.60430762E+3,
924.00,1.58955066E+3,
925.00,1.57084460E+3,
926.00,1.55129858E+3,
927.00,1.53316809E+3,
928.00,1.51544946E+3,
929.00,1.49708447E+3,
930.00,1.47935217E+3,
931.00,1.46315979E+3,
932.00,1.44778589E+3,
933.00,1.43329187E+3,
934.00,1.42065759E+3,
935.00,1.40916577E+3,
936.00,1.39656409E+3,
937.00,1.38180811E+3,
938.00,1.36536255E+3,
939.00,1.34762549E+3,
940.00,1.32889404E+3,
941.00,1.30964197E+3,
942.00,1.29030811E+3,
943.00,1.27195667E+3,
944.00,1.25562097E+3,
945.00,1.24017615E+3,
946.00,1.22393811E+3,
947.00,1.20816626E+3,
948.00,1.19532813E+3,
949.00,1.18547998E+3,
950.00,1.17713403E+3,
951.00,1.16894727E+3,
952.00,1.15907642E+3,
953.00,1.14555798E+3,
954.00,1.12878625E+3,
955.00,1.11243604E+3,
956.00,1.09969824E+3,
957.00,1.08879590E+3,
958.00,1.07501880E+3,
959.00,1.05680737E+3,
960.00,1.03732166E+3,
961.00,1.02053296E+3,
962.00,1.00700415E+3,
963.00,9.93296692E+2,
964.00,9.75777710E+2,
965.00,9.55208008E+2,
966.00,9.36644348E+2,
967.00,9.24268494E+2,
968.00,9.17396545E+2,
969.00,9.12255737E+2,
970.00,9.05172302E+2,
971.00,8.92731934E+2,
972.00,8.73565247E+2,
973.00,8.51928345E+2,
974.00,8.34333984E+2,
975.00,8.22306519E+2,
976.00,8.12508606E+2,
977.00,8.01901794E+2,
978.00,7.90199219E+2,
979.00,7.79261475E+2,
980.00,7.70517578E+2,
981.00,7.62468994E+2,
982.00,7.52045532E+2,
983.00,7.38443909E+2,
984.00,7.24399292E+2,
985.00,7.13091370E+2,
986.00,7.03898010E+2,
987.00,6.93157715E+2,
988.00,6.80350281E+2,
989.00,6.69871277E+2,
990.00,6.64192139E+2,
991.00,6.59440674E+2,
992.00,6.50663513E+2,
993.00,6.37925171E+2,
994.00,6.24920410E+2,
995.00,6.14542664E+2,
996.00,6.07108337E+2,
997.00,6.00603882E+2,
998.00,5.92595581E+2,
999.00,5.82792175E+2,
1000.00,5.72406677E+2,
1001.000,5.61659241E+2,
1002.000,5.50245605E+2,
1003.000,5.39207092E+2,
1004.000,5.30232666E+2,
1005.000,5.23849548E+2,
1006.000,5.19222290E+2,
1007.000,5.14909973E+2,
1008.000,5.09645325E+2,
1009.000,5.03114502E+2,
1010.00,4.95785034E+2,
1011.000,4.88048157E+2,
1012.000,4.80426849E+2,
1013.000,4.73839111E+2,
1014.000,4.68364319E+2,
1015.000,4.62828918E+2,
1016.000,4.56486145E+2,
1017.000,4.49819061E+2,
1018.000,4.43499725E+2,
1019.000,4.37819977E+2,
1020.00,4.32562012E+2,
1021.000,4.26568298E+2,
1022.000,4.18824066E+2,
1023.000,4.10226624E+2,
1024.000,4.02686768E+2,
1025.000,3.96858490E+2,
1026.000,3.91749359E+2,
1027.000,3.85719452E+2,
1028.000,3.77751617E+2,
1029.000,3.68481201E+2,
1030.00,3.59393066E+2,
1031.000,3.51243622E+2,
1032.000,3.44299805E+2,
1033.000,3.38832947E+2,
1034.000,3.34822144E+2,
1035.000,3.32451202E+2,
1036.000,3.31396759E+2,
1037.000,3.28900787E+2,
1038.000,3.21868530E+2,
1039.000,3.11245880E+2,
1040.00,3.01481079E+2,
1041.000,2.95829651E+2,
1042.000,2.93668976E+2,
1043.000,2.92128326E+2,
1044.000,2.89406067E+2,
1045.000,2.85996765E+2,
1046.000,2.83115662E+2,
1047.000,2.80565796E+2,
1048.000,2.76634277E+2,
1049.000,2.70661377E+2,
1050.00,2.64539185E+2,
1051.000,2.60109131E+2,
1052.000,2.56925598E+2,
1053.000,2.54094513E+2,
1054.000,2.51692200E+2,
1055.000,2.49370605E+2,
1056.000,2.46519470E+2,
1057.000,2.44283600E+2,
1058.000,2.44301849E+2,
1059.000,2.45270813E+2,
1060.00,2.44148285E+2,
1061.000,2.40474289E+2,
1062.000,2.36180008E+2,
1063.000,2.32267548E+2,
1064.000,2.28100235E+2,
1065.000,2.22599045E+2,
1066.000,2.15603180E+2,
1067.000,2.08959412E+2,
1068.000,2.05076447E+2,
1069.000,2.03744934E+2,
1070.00,2.02084778E+2,
1071.000,1.98282440E+2,
1072.000,1.93543213E+2,
1073.000,1.89560303E+2,
1074.000,1.86367142E+2,
1075.000,1.83809235E+2,
1076.000,1.82585815E+2,
1077.000,1.82671600E+2,
1078.000,1.82825394E+2,
1079.000,1.82148895E+2,
1080.00,1.80634018E+2,
1081.000,1.78429657E+2,
1082.000,1.75498993E+2,
1083.000,1.71593460E+2,
1084.000,1.66556915E+2,
1085.000,1.61264420E+2,
1086.000,1.57476639E+2,
1087.000,1.56096420E+2,
1088.000,1.56792145E+2,
1089.000,1.58952301E+2,
1090.00,1.60939880E+2,
1091.000,1.60225159E+2,
1092.000,1.56605835E+2,
1093.000,1.52237076E+2,
1094.000,1.47578979E+2,
1095.000,1.41616608E+2,
1096.000,1.35309967E+2,
1097.000,1.30738052E+2,
1098.000,1.28403641E+2,
1099.000,1.27588470E+2,
1100.00,1.27683319E+2,
1101.000,1.28114105E+2,
1102.000,1.27715134E+2,
1103.000,1.25474289E+2,
1104.000,1.22327789E+2,
1105.000,1.20379837E+2,
1106.000,1.20267105E+2,
1107.000,1.21471367E+2,
1108.000,1.23371613E+2,
1109.000,1.23821442E+2,
1110.00,1.20127014E+2,
1111.000,1.13069481E+2,
1112.000,1.07000259E+2,
1113.000,1.05288864E+2,
1114.000,1.07032867E+2,
1115.000,1.08462051E+2,
1116.000,1.07241959E+2,
1117.000,1.04672211E+2,
1118.000,1.03439705E+2,
1119.000,1.04168045E+2,
1120.00,1.04955139E+2,
1121.000,1.04164223E+2,
1122.000,1.02609772E+2,
1123.000,1.02097061E+2,
1124.000,1.02660500E+2,
1125.000,1.02665344E+2,
1126.000,1.01238167E+2,
1127.000,9.91016693E+1,
1128.000,9.70624619E+1,
1129.000,9.52487717E+1,
1130.00,9.39743042E+1,
1131.000,9.35461197E+1,
1132.000,9.32906647E+1,
1133.000,9.27355652E+1,
1134.000,9.27827759E+1,
1135.000,9.38762741E+1,
1136.000,9.51439285E+1,
1137.000,9.65977707E+1,
1138.000,9.90478973E+1,
1139.000,1.01296616E+2,
1140.00,1.00802414E+2,
1141.000,9.68623962E+1,
1142.000,9.08589783E+1,
1143.000,8.51403885E+1,
1144.000,8.23688583E+1,
1145.000,8.30042877E+1,
1146.000,8.41116028E+1,
1147.000,8.30883636E+1,
1148.000,8.03650208E+1,
1149.000,7.73847809E+1,
1150.00,7.50950623E+1,
1151.000,7.47621002E+1,
1152.000,7.73556900E+1,
1153.000,8.16092224E+1,
1154.000,8.46786194E+1,
1155.000,8.49214783E+1,
1156.000,8.26720123E+1,
1157.000,7.95765610E+1,
1158.000,7.80732117E+1,
1159.000,7.90233765E+1,
1160.00,8.00916138E+1,
1161.000,7.90354156E+1,
1162.000,7.71756287E+1,
1163.000,7.75595627E+1,
1164.000,8.10852509E+1,
1165.000,8.56126099E+1,
1166.000,8.83237076E+1,
1167.000,8.86760788E+1,
1168.000,8.85434570E+1,
1169.000,8.91440887E+1,
1170.00,8.94824219E+1,
1171.000,8.86367188E+1,
1172.000,8.73849258E+1,
1173.000,8.65437012E+1,
1174.000,8.58927765E+1,
1175.000,8.54794998E+1,
1176.000,8.59159698E+1,
1177.000,8.72818909E+1,
1178.000,8.91143646E+1,
1179.000,9.08255615E+1,
1180.00,9.20958557E+1,
1181.000,9.34551697E+1,
1182.000,9.51577606E+1,
1183.000,9.61027222E+1,
1184.000,9.57834625E+1,
1185.000,9.55115967E+1,
1186.000,9.64610748E+1,
1187.000,9.87127533E+1,
1188.000,1.02164154E+2,
1189.000,1.06125870E+2,
1190.00,1.08627655E+2,
1191.000,1.07967529E+2,
1192.000,1.04901367E+2,
1193.000,1.02486847E+2,
1194.000,1.03228905E+2,
1195.000,1.06471695E+2,
1196.000,1.09407845E+2,
1197.000,1.10660980E+2,
1198.000,1.11538818E+2,
1199.000,1.13289101E+2,
1200.00,1.15006699E+2,
1201.000,1.15505936E+2,
1202.000,1.15507446E+2,
1203.000,1.16920860E+2,
1204.000,1.20922546E+2,
1205.000,1.26535431E+2,
1206.000,1.31141129E+2,
1207.000,1.33187073E+2,
1208.000,1.33241592E+2,
1209.000,1.32378891E+2,
1210.00,1.31510376E+2,
1211.000,1.31392410E+2,
1212.000,1.31823196E+2,
1213.000,1.32135300E+2,
1214.000,1.32507614E+2,
1215.000,1.33477722E+2,
1216.000,1.35054611E+2,
1217.000,1.37378326E+2,
1218.000,1.41268860E+2,
1219.000,1.47043732E+2,
1220.00,1.53349289E+2,
1221.000,1.58578873E+2,
1222.000,1.63000641E+2,
1223.000,1.67498398E+2,
1224.000,1.71355057E+2,
1225.000,1.73793945E+2,
1226.000,1.75789490E+2,
1227.000,1.78349335E+2,
1228.000,1.81351685E+2,
1229.000,1.84914139E+2,
1230.00,1.89727478E+2,
1231.000,1.95480453E+2,
1232.000,2.00153015E+2,
1233.000,2.02085785E+2,
1234.000,2.02583267E+2,
1235.000,2.04818268E+2,
1236.000,2.10060394E+2,
1237.000,2.16504395E+2,
1238.000,2.22041077E+2,
1239.000,2.26715332E+2,
1240.00,2.31271820E+2,
1241.000,2.35071243E+2,
1242.000,2.37865692E+2,
1243.000,2.41583832E+2,
1244.000,2.47942596E+2,
1245.000,2.56248016E+2,
1246.000,2.64764252E+2,
1247.000,2.72864838E+2,
1248.000,2.81531372E+2,
1249.000,2.91503784E+2,
1250.00,3.00601379E+2,
1251.000,3.05045746E+2,
1252.000,3.04494537E+2,
1253.000,3.02981201E+2,
1254.000,3.04500793E+2,
1255.000,3.10268616E+2,
1256.000,3.19012360E+2,
1257.000,3.27724121E+2,
1258.000,3.33935059E+2,
1259.000,3.38262665E+2,
1260.00,3.43546448E+2,
1261.000,3.51600067E+2,
1262.000,3.61323273E+2,
1263.000,3.70131256E+2,
1264.000,3.77359253E+2,
1265.000,3.85196106E+2,
1266.000,3.95502563E+2,
1267.000,4.07327209E+2,
1268.000,4.18535858E+2,
1269.000,4.28229736E+2,
1270.00,4.37109985E+2,
1271.000,4.46837280E+2,
1272.000,4.58461060E+2,
1273.000,4.70447815E+2,
1274.000,4.79649841E+2,
1275.000,4.85316040E+2,
1276.000,4.90684021E+2,
1277.000,4.99263275E+2,
1278.000,5.10829346E+2,
1279.000,5.22444397E+2,
1280.00,5.32421387E+2,
1281.000,5.42087036E+2,
1282.000,5.53501404E+2,
1283.000,5.66564453E+2,
1284.000,5.80110596E+2,
1285.000,5.94325745E+2,
1286.000,6.09723694E+2,
1287.000,6.25865479E+2,
1288.000,6.42573120E+2,
1289.000,6.60165405E+2,
1290.00,6.77951477E+2,
1291.000,6.93946289E+2,
1292.000,7.06900452E+2,
1293.000,7.18576416E+2,
1294.000,7.32446167E+2,
1295.000,7.49047607E+2,
1296.000,7.64360840E+2,
1297.000,7.74665039E+2,
1298.000,7.81990723E+2,
1299.000,7.92414185E+2,
1300.00,8.09403625E+2,
1301.000,8.30816284E+2,
1302.000,8.51557129E+2,
1303.000,8.68501343E+2,
1304.000,8.83844788E+2,
1305.000,9.02462646E+2,
1306.000,9.25905273E+2,
1307.000,9.51377991E+2,
1308.000,9.75744995E+2,
1309.000,9.98024902E+2,
1310.00,1.01851727E+3,
1311.000,1.03767773E+3,
1312.000,1.05636292E+3,
1313.000,1.07584534E+3,
1314.000,1.09693640E+3,
1315.000,1.11909302E+3,
1316.000,1.14050574E+3,
1317.000,1.16058130E+3,
1318.000,1.18233057E+3,
1319.000,1.20939795E+3,
1320.00,1.24080908E+3,
1321.000,1.27184619E+3,
1322.000,1.29965247E+3,
1323.000,1.32506970E+3,
1324.000,1.35005835E+3,
1325.000,1.37658679E+3,
1326.000,1.40645142E+3,
1327.000,1.43870447E+3,
1328.000,1.46994104E+3,
1329.000,1.49900037E+3,
1330.00,1.52634753E+3,
1331.000,1.54994434E+3,
1332.000,1.56931335E+3,
1333.000,1.58988733E+3,
1334.000,1.61559399E+3,
1335.000,1.64397852E+3,
1336.000,1.67488525E+3,
1337.000,1.71368347E+3,
1338.000,1.75993762E+3,
1339.000,1.80345166E+3,
1340.00,1.83733118E+3,
1341.000,1.86726648E+3,
1342.000,1.90314087E+3,
1343.000,1.94658179E+3,
1344.000,1.99101843E+3,
1345.000,2.03019446E+3,
1346.000,2.06385107E+3,
1347.000,2.09785474E+3,
1348.000,2.13715259E+3,
1349.000,2.17834473E+3,
1350.00,2.21681567E+3,
1351.000,2.25764282E+3,
1352.000,2.30888599E+3,
1353.000,2.37022778E+3,
1354.000,2.43477783E+3,
1355.000,2.49395825E+3,
1356.000,2.54137329E+3,
1357.000,2.58101343E+3,
1358.000,2.62748633E+3,
1359.000,2.69357788E+3,
1360.00,2.78014307E+3,
1361.000,2.87187622E+3,
1362.000,2.94269238E+3,
1363.000,2.97894067E+3,
1364.000,2.99444482E+3,
1365.000,3.01328076E+3,
1366.000,3.04849756E+3,
1367.000,3.10006738E+3,
1368.000,3.15889990E+3,
1369.000,3.21309302E+3,
1370.00,3.25641016E+3,
1371.000,3.28797656E+3,
1372.000,3.31015137E+3,
1373.000,3.33318286E+3,
1374.000,3.37219336E+3,
1375.000,3.43392188E+3,
1376.000,3.51144971E+3,
1377.000,3.59307227E+3,
1378.000,3.67666968E+3,
1379.000,3.77267334E+3,
1380.00,3.88314209E+3,
1381.000,3.98334180E+3,
1382.000,4.04031421E+3,
1383.000,4.04537256E+3,
1384.000,4.01995947E+3,
1385.000,3.99896094E+3,
1386.000,4.00973413E+3,
1387.000,4.05378125E+3,
1388.000,4.10774658E+3,
1389.000,4.15315723E+3,
1390.00,4.19855859E+3,
1391.000,4.25872559E+3,
1392.000,4.33002881E+3,
1393.000,4.40558594E+3,
1394.000,4.48850732E+3,
1395.000,4.56968604E+3,
1396.000,4.62385645E+3,
1397.000,4.65173438E+3,
1398.000,4.69722949E+3,
1399.000,4.79152344E+3,
1400.00,4.90017285E+3,
1401.000,4.96293457E+3,
1402.000,4.97611816E+3,
1403.000,4.99645020E+3,
1404.000,5.06285205E+3,
1405.000,5.15327100E+3,
1406.000,5.23154590E+3,
1407.000,5.30002051E+3,
1408.000,5.38006201E+3,
1409.000,5.46576807E+3,
1410.00,5.52884668E+3,
1411.000,5.56431104E+3,
1412.000,5.60314551E+3,
1413.000,5.66984717E+3,
1414.000,5.75054688E+3,
1415.000,5.81894678E+3,
1416.000,5.87522070E+3,
1417.000,5.94110596E+3,
1418.000,6.02687695E+3,
1419.000,6.11933057E+3,
1420.00,6.19941895E+3,
1421.000,6.26162695E+3,
1422.000,6.31584473E+3,
1423.000,6.37448975E+3,
1424.000,6.44164990E+3,
1425.000,6.51535352E+3,
1426.000,6.59235840E+3,
1427.000,6.66697705E+3,
1428.000,6.73532617E+3,
1429.000,6.80572656E+3,
1430.00,6.89288623E+3,
1431.000,6.99508203E+3,
1432.000,7.09241602E+3,
1433.000,7.17340723E+3,
1434.000,7.24355859E+3,
1435.000,7.30807471E+3,
1436.000,7.36938037E+3,
1437.000,7.43661377E+3,
1438.000,7.51846680E+3,
1439.000,7.61177246E+3,
1440.00,7.70446191E+3,
1441.000,7.78503223E+3,
1442.000,7.85141748E+3,
1443.000,7.91540332E+3,
1444.000,7.99262842E+3,
1445.000,8.08250488E+3,
1446.000,8.16538379E+3,
1447.000,8.23008594E+3,
1448.000,8.29430957E+3,
1449.000,8.37943359E+3,
1450.00,8.47498242E+3,
1451.000,8.55081152E+3,
1452.000,8.59849023E+3,
1453.000,8.63915527E+3,
1454.000,8.69389844E+3,
1455.000,8.76752734E+3,
1456.000,8.85694043E+3,
1457.000,8.95186719E+3,
1458.000,9.03482227E+3,
1459.000,9.10210352E+3,
1460.00,9.17106641E+3,
1461.000,9.25196094E+3,
1462.000,9.33444141E+3,
1463.000,9.41043066E+3,
1464.000,9.48698828E+3,
1465.000,9.57094043E+3,
1466.000,9.65647168E+3,
1467.000,9.73371582E+3,
1468.000,9.80532422E+3,
1469.000,9.88651855E+3,
1470.00,9.98354199E+3,
1471.000,1.00816963E+4,
1472.000,1.01638359E+4,
1473.000,1.02302617E+4,
1474.000,1.02913076E+4,
1475.000,1.03500547E+4,
1476.000,1.04023242E+4,
1477.000,1.04492568E+4,
1478.000,1.05002568E+4,
1479.000,1.05632002E+4,
1480.00,1.06370479E+4,
1481.000,1.07132930E+4,
1482.000,1.07853242E+4,
1483.000,1.08581709E+4,
1484.000,1.09403535E+4,
1485.000,1.10255518E+4,
1486.000,1.10979395E+4,
1487.000,1.11557471E+4,
1488.000,1.12125635E+4,
1489.000,1.12756865E+4,
1490.00,1.13390566E+4,
1491.000,1.13978037E+4,
1492.000,1.14563350E+4,
1493.000,1.15207813E+4,
1494.000,1.15903916E+4,
1495.000,1.16562725E+4,
1496.000,1.17094072E+4,
1497.000,1.17516113E+4,
1498.000,1.17933105E+4,
1499.000,1.18399121E+4,
1500.00,1.18874932E+4,
1501.000,1.19328271E+4,
1502.000,1.19815049E+4,
1503.000,1.20428047E+4,
1504.000,1.21193760E+4,
1505.000,1.22053906E+4,
1506.000,1.22926211E+4,
1507.000,1.23715186E+4,
1508.000,1.24281592E+4,
1509.000,1.24561250E+4,
1510.00,1.24726338E+4,
1511.000,1.25033594E+4,
1512.000,1.25545527E+4,
1513.000,1.26152715E+4,
1514.000,1.26724932E+4,
1515.000,1.27145293E+4,
1516.000,1.27370381E+4,
1517.000,1.27514189E+4,
1518.000,1.27781191E+4,
1519.000,1.28263721E+4,
1520.00,1.28816748E+4,
1521.000,1.29223926E+4,
1522.000,1.29486631E+4,
1523.000,1.29791709E+4,
1524.000,1.30217041E+4,
1525.000,1.30669844E+4,
1526.000,1.31061758E+4,
1527.000,1.31378945E+4,
1528.000,1.31680977E+4,
1529.000,1.32085137E+4,
1530.00,1.32603135E+4,
1531.000,1.33051172E+4,
1532.000,1.33271719E+4,
1533.000,1.33329834E+4,
1534.000,1.33393926E+4,
1535.000,1.33579053E+4,
1536.000,1.33960664E+4,
1537.000,1.34524746E+4,
1538.000,1.35047617E+4,
1539.000,1.35275820E+4,
1540.00,1.35267627E+4,
1541.000,1.35304746E+4,
1542.000,1.35489229E+4,
1543.000,1.35695137E+4,
1544.000,1.35853223E+4,
1545.000,1.36031055E+4,
1546.000,1.36279453E+4,
1547.000,1.36565947E+4,
1548.000,1.36838896E+4,
1549.000,1.37067129E+4,
1550.00,1.37227607E+4,
1551.000,1.37317266E+4,
1552.000,1.37357139E+4,
1553.000,1.37355957E+4,
1554.000,1.37317109E+4,
1555.000,1.37262686E+4,
1556.000,1.37210791E+4,
1557.000,1.37158613E+4,
1558.000,1.37090781E+4,
1559.000,1.37034414E+4,
1560.00,1.37100986E+4,
1561.000,1.37350508E+4,
1562.000,1.37663496E+4,
1563.000,1.37884941E+4,
1564.000,1.37975762E+4,
1565.000,1.37957031E+4,
1566.000,1.37862959E+4,
1567.000,1.37758594E+4,
1568.000,1.37706748E+4,
1569.000,1.37723242E+4,
1570.00,1.37779355E+4,
1571.000,1.37825996E+4,
1572.000,1.37796738E+4,
1573.000,1.37632334E+4,
1574.000,1.37376680E+4,
1575.000,1.37195313E+4,
1576.000,1.37197686E+4,
1577.000,1.37300557E+4,
1578.000,1.37352012E+4,
1579.000,1.37291094E+4,
1580.00,1.37111191E+4,
1581.000,1.36805596E+4,
1582.000,1.36432949E+4,
1583.000,1.36107354E+4,
1584.000,1.35850723E+4,
1585.000,1.35579277E+4,
1586.000,1.35274531E+4,
1587.000,1.35005088E+4,
1588.000,1.34790459E+4,
1589.000,1.34633184E+4,
1590.00,1.34604941E+4,
1591.000,1.34707129E+4,
1592.000,1.34773184E+4,
1593.000,1.34676338E+4,
1594.000,1.34477539E+4,
1595.000,1.34257871E+4,
1596.000,1.34013301E+4,
1597.000,1.33758887E+4,
1598.000,1.33513359E+4,
1599.000,1.33231162E+4,
1600.00,1.32929336E+4,
1601.000,1.32726689E+4,
1602.000,1.32634316E+4,
1603.000,1.32519766E+4,
1604.000,1.32348477E+4,
1605.000,1.32231348E+4,
1606.000,1.32202910E+4,
1607.000,1.32153730E+4,
1608.000,1.31956289E+4,
1609.000,1.31522344E+4,
1610.00,1.30852061E+4,
1611.000,1.30130869E+4,
1612.000,1.29630752E+4,
1613.000,1.29449463E+4,
1614.000,1.29468789E+4,
1615.000,1.29537148E+4,
1616.000,1.29554707E+4,
1617.000,1.29453516E+4,
1618.000,1.29218125E+4,
1619.000,1.28900078E+4,
1620.00,1.28591152E+4,
1621.000,1.28393965E+4,
1622.000,1.28360225E+4,
1623.000,1.28392090E+4,
1624.000,1.28286074E+4,
1625.000,1.27988428E+4,
1626.000,1.27687666E+4,
1627.000,1.27551982E+4,
1628.000,1.27541416E+4,
1629.000,1.27532852E+4,
1630.00,1.27496260E+4,
1631.000,1.27548867E+4,
1632.000,1.27846035E+4,
1633.000,1.28372266E+4,
1634.000,1.28921465E+4,
1635.000,1.29303086E+4,
1636.000,1.29450723E+4,
1637.000,1.29362861E+4,
1638.000,1.29099199E+4,
1639.000,1.28848691E+4,
1640.00,1.28800479E+4,
1641.000,1.28865977E+4,
1642.000,1.28772676E+4,
1643.000,1.28452695E+4,
1644.000,1.28047363E+4,
1645.000,1.27691816E+4,
1646.000,1.27587832E+4,
1647.000,1.27959854E+4,
1648.000,1.28690068E+4,
1649.000,1.29335664E+4,
1650.00,1.29605684E+4,
1651.000,1.29521543E+4,
1652.000,1.29197764E+4,
1653.000,1.28745635E+4,
1654.000,1.28227773E+4,
1655.000,1.27588145E+4,
1656.000,1.26822881E+4,
1657.000,1.26129609E+4,
1658.000,1.25712168E+4,
1659.000,1.25644512E+4,
1660.00,1.26005947E+4,
1661.000,1.26834805E+4,
1662.000,1.27763008E+4,
1663.000,1.27911992E+4,
1664.000,1.26583750E+4,
1665.000,1.24262646E+4,
1666.000,1.22517285E+4,
1667.000,1.22418867E+4,
1668.000,1.23386699E+4,
1669.000,1.24180137E+4,
1670.00,1.24567939E+4,
1671.000,1.25175146E+4,
1672.000,1.26157363E+4,
1673.000,1.27033662E+4,
1674.000,1.27573174E+4,
1675.000,1.27892871E+4,
1676.000,1.27723496E+4,
1677.000,1.26661621E+4,
1678.000,1.25289883E+4,
1679.000,1.25073252E+4,
1680.00,1.26999160E+4,
1681.000,1.30344893E+4,
1682.000,1.32646543E+4,
1683.000,1.31975518E+4,
1684.000,1.29631660E+4,
1685.000,1.28998047E+4,
1686.000,1.31187695E+4,
1687.000,1.33656748E+4,
1688.000,1.34281895E+4,
1689.000,1.34540547E+4,
1690.00,1.36552910E+4,
1691.000,1.39933730E+4,
1692.000,1.44160723E+4,
1693.000,1.50180518E+4,
1694.000,1.56869180E+4,
1695.000,1.59640586E+4,
1696.000,1.55470889E+4,
1697.000,1.47538008E+4,
1698.000,1.42531738E+4,
1699.000,1.43850176E+4,
1700.00,1.49501631E+4,
