Labels,0,
Type,Emission Scan,
Comment,,
Start,650.00,
Stop,1700.00,
Step,1.00,
Fixed/Offset,450.00,
Xaxis,Wavelength,
Yaxis,Counts,
Scan Corr. by File,True,
Corr. by Ref. Det.,True,
Fixed/Offset Corr. by File,False,
Repeats,1,
Dwell Time,0.10,
Lamp,Xenon,
Temp,27.650,
Scan Polariser,None,
Scan Slit,3.9999883,
Fixed/Offset Polariser,None,
Fixed/Offset Slit,4.0000019,
Detector,Det2,

650.00,1.18669884E+2,
651.00,7.93638229E+1,
652.00,5.95978470E+1,
653.00,5.71926918E+1,
654.00,5.27152023E+1,
655.00,3.62300873E+1,
656.00,2.36263046E+1,
657.00,3.75109940E+1,
658.00,7.22184219E+1,
659.00,9.38742294E+1,
660.00,8.16639023E+1,
661.00,4.98227768E+1,
662.00,2.40411758E+1,
663.00,1.71910057E+1,
664.00,2.85189686E+1,
665.00,4.65070381E+1,
666.00,5.22132721E+1,
667.00,3.64029808E+1,
668.00,1.53703651E+1,
669.00,1.44838934E+1,
670.00,3.42240791E+1,
671.00,5.20189247E+1,
672.00,6.04474411E+1,
673.00,7.58855438E+1,
674.00,1.02666702E+2,
675.00,1.22308784E+2,
676.00,1.25281769E+2,
677.00,1.21726913E+2,
678.00,1.21658447E+2,
679.00,1.30631027E+2,
680.00,1.55501251E+2,
681.00,1.93015259E+2,
682.00,2.24711700E+2,
683.00,2.36569412E+2,
684.00,2.29935318E+2,
685.00,2.14391541E+2,
686.00,2.08687515E+2,
687.00,2.33373703E+2,
688.00,2.82409149E+2,
689.00,3.25337769E+2,
690.00,3.51483337E+2,
691.00,3.83665283E+2,
692.00,4.38619263E+2,
693.00,5.00766479E+2,
694.00,5.44827393E+2,
695.00,5.65538025E+2,
696.00,5.71749390E+2,
697.00,5.64039307E+2,
698.00,5.41751465E+2,
699.00,5.23915649E+2,
700.00,5.35620239E+2,
701.00,5.80562500E+2,
702.00,6.40340942E+2,
703.00,6.84630127E+2,
704.00,6.86295654E+2,
705.00,6.50773010E+2,
706.00,6.16908081E+2,
707.00,6.12741882E+2,
708.00,6.34368713E+2,
709.00,6.74830750E+2,
710.00,7.41630127E+2,
711.00,8.31112488E+2,
712.00,9.07095642E+2,
713.00,9.30045532E+2,
714.00,9.04519165E+2,
715.00,8.73170959E+2,
716.00,8.61751709E+2,
717.00,8.57271729E+2,
718.00,8.46063171E+2,
719.00,8.42543579E+2,
720.00,8.65557251E+2,
721.00,9.10297729E+2,
722.00,9.57667480E+2,
723.00,9.93187988E+2,
724.00,1.01117432E+3,
725.00,1.01640894E+3,
726.00,1.02007178E+3,
727.00,1.02591309E+3,
728.00,1.02993518E+3,
729.00,1.03322412E+3,
730.00,1.04013831E+3,
731.00,1.04625122E+3,
732.00,1.04390576E+3,
733.00,1.03975403E+3,
734.00,1.05107642E+3,
735.00,1.08178186E+3,
736.00,1.11722253E+3,
737.00,1.14600000E+3,
738.00,1.17078320E+3,
739.00,1.19484827E+3,
740.00,1.21437866E+3,
741.00,1.22644824E+3,
742.00,1.23579932E+3,
743.00,1.25057324E+3,
744.00,1.26741541E+3,
745.00,1.27403442E+3,
746.00,1.27804065E+3,
747.00,1.30283398E+3,
748.00,1.34483545E+3,
749.00,1.37120337E+3,
750.00,1.36377808E+3,
751.00,1.34207312E+3,
752.00,1.34202759E+3,
753.00,1.37305103E+3,
754.00,1.40068591E+3,
755.00,1.38999060E+3,
756.00,1.35564197E+3,
757.00,1.34113257E+3,
758.00,1.35961462E+3,
759.00,1.38266309E+3,
760.00,1.38352686E+3,
761.00,1.37312891E+3,
762.00,1.38483130E+3,
763.00,1.42718469E+3,
764.00,1.46849561E+3,
765.00,1.47477551E+3,
766.00,1.44575586E+3,
767.00,1.40804248E+3,
768.00,1.38713477E+3,
769.00,1.38874634E+3,
770.00,1.40196216E+3,
771.00,1.41685791E+3,
772.00,1.42931287E+3,
773.00,1.43152551E+3,
774.00,1.41707166E+3,
775.00,1.39412915E+3,
776.00,1.37830261E+3,
777.00,1.37832117E+3,
778.00,1.39652393E+3,
779.00,1.43069836E+3,
780.00,1.46916064E+3,
781.00,1.49668799E+3,
782.00,1.51151196E+3,
783.00,1.52130151E+3,
784.00,1.52005542E+3,
785.00,1.50016528E+3,
786.00,1.48564880E+3,
787.00,1.50694189E+3,
788.00,1.54867456E+3,
789.00,1.56728699E+3,
790.00,1.54857458E+3,
791.00,1.51616516E+3,
792.00,1.49633325E+3,
793.00,1.49393945E+3,
794.00,1.49782349E+3,
795.00,1.49705835E+3,
796.00,1.48684619E+3,
797.00,1.46916968E+3,
798.00,1.45248193E+3,
799.00,1.43883069E+3,
800.00,1.41877734E+3,
801.00,1.39289856E+3,
802.00,1.37871448E+3,
803.00,1.38187866E+3,
804.00,1.38422217E+3,
805.00,1.37889990E+3,
806.00,1.39521899E+3,
807.00,1.45684363E+3,
808.00,1.52945776E+3,
809.00,1.55094958E+3,
810.00,1.50757800E+3,
811.00,1.44369165E+3,
812.00,1.40445349E+3,
813.00,1.40284631E+3,
814.00,1.43270728E+3,
815.00,1.47821460E+3,
816.00,1.51489282E+3,
817.00,1.52591187E+3,
818.00,1.50985205E+3,
819.00,1.46953650E+3,
820.00,1.41624658E+3,
821.00,1.37613770E+3,
822.00,1.36741699E+3,
823.00,1.38443225E+3,
824.00,1.41213257E+3,
825.00,1.43493701E+3,
826.00,1.43722827E+3,
827.00,1.41664795E+3,
828.00,1.38852551E+3,
829.00,1.37020471E+3,
830.00,1.36900952E+3,
831.00,1.38064673E+3,
832.00,1.39509521E+3,
833.00,1.40673560E+3,
834.00,1.41480420E+3,
835.00,1.41582715E+3,
836.00,1.40351855E+3,
837.00,1.37872437E+3,
838.00,1.35779285E+3,
839.00,1.36267017E+3,
840.00,1.39478369E+3,
841.00,1.42546179E+3,
842.00,1.42279395E+3,
843.00,1.38302332E+3,
844.00,1.32863574E+3,
845.00,1.28597021E+3,
846.00,1.27149463E+3,
847.00,1.28758740E+3,
848.00,1.32072290E+3,
849.00,1.34692810E+3,
850.00,1.34609705E+3,
851.00,1.31571191E+3,
852.00,1.27615857E+3,
853.00,1.25736841E+3,
854.00,1.26723279E+3,
855.00,1.28450757E+3,
856.00,1.29327075E+3,
857.00,1.29925549E+3,
858.00,1.30607556E+3,
859.00,1.30471680E+3,
860.00,1.29014722E+3,
861.00,1.27053870E+3,
862.00,1.25968091E+3,
863.00,1.26423572E+3,
864.00,1.27681885E+3,
865.00,1.28489111E+3,
866.00,1.28572742E+3,
867.00,1.28360242E+3,
868.00,1.27702539E+3,
869.00,1.26409595E+3,
870.00,1.25400000E+3,
871.00,1.25731824E+3,
872.00,1.26994507E+3,
873.00,1.27569458E+3,
874.00,1.26301123E+3,
875.00,1.23644287E+3,
876.00,1.21073486E+3,
877.00,1.19592517E+3,
878.00,1.19047021E+3,
879.00,1.18536597E+3,
880.00,1.17358398E+3,
881.00,1.15800415E+3,
882.00,1.14930200E+3,
883.00,1.15525769E+3,
884.00,1.17327417E+3,
885.00,1.19215393E+3,
886.00,1.20090869E+3,
887.00,1.19594324E+3,
888.00,1.17836914E+3,
889.00,1.15079614E+3,
890.00,1.12226514E+3,
891.00,1.10722571E+3,
892.00,1.11207666E+3,
893.00,1.12631946E+3,
894.00,1.13161792E+3,
895.00,1.11998132E+3,
896.00,1.09969055E+3,
897.00,1.08314990E+3,
898.00,1.07387598E+3,
899.00,1.06729346E+3,
900.00,1.05959326E+3,
901.00,1.04998633E+3,
902.00,1.03797412E+3,
903.00,1.02593030E+3,
904.00,1.01966998E+3,
905.00,1.02024792E+3,
906.00,1.02008502E+3,
907.00,1.01067102E+3,
908.00,9.90770752E+2,
909.00,9.66604675E+2,
910.00,9.47323486E+2,
911.00,9.39308899E+2,
912.00,9.40712036E+2,
913.00,9.42564087E+2,
914.00,9.37493835E+2,
915.00,9.25382202E+2,
916.00,9.10969666E+2,
917.00,8.99010681E+2,
918.00,8.91965759E+2,
919.00,8.90626831E+2,
920.00,8.93020813E+2,
921.00,8.91914307E+2,
922.00,8.80057617E+2,
923.00,8.59425964E+2,
924.00,8.39881226E+2,
925.00,8.29614990E+2,
926.00,8.29287415E+2,
927.00,8.31787231E+2,
928.00,8.27076050E+2,
929.00,8.11178345E+2,
930.00,7.90600342E+2,
931.00,7.75657593E+2,
932.00,7.69944763E+2,
933.00,7.68032715E+2,
934.00,7.62457520E+2,
935.00,7.51080566E+2,
936.00,7.38135681E+2,
937.00,7.29420044E+2,
938.00,7.27370667E+2,
939.00,7.29765015E+2,
940.00,7.30473877E+2,
941.00,7.23332886E+2,
942.00,7.08943970E+2,
943.00,6.94723938E+2,
944.00,6.85641296E+2,
945.00,6.78873901E+2,
946.00,6.69439636E+2,
947.00,6.57877319E+2,
948.00,6.49505493E+2,
949.00,6.46110168E+2,
950.00,6.42457703E+2,
951.00,6.33838623E+2,
952.00,6.22220825E+2,
953.00,6.11437805E+2,
954.00,6.01915283E+2,
955.00,5.92784058E+2,
956.00,5.83280090E+2,
957.00,5.72396179E+2,
958.00,5.62935547E+2,
959.00,5.61086121E+2,
960.00,5.66264404E+2,
961.00,5.68610413E+2,
962.00,5.60484131E+2,
963.00,5.43122009E+2,
964.00,5.21476990E+2,
965.00,5.00168274E+2,
966.00,4.83782806E+2,
967.00,4.75361511E+2,
968.00,4.74695496E+2,
969.00,4.78575500E+2,
970.00,4.81534302E+2,
971.00,4.79117310E+2,
972.00,4.71658081E+2,
973.00,4.62338867E+2,
974.00,4.53127960E+2,
975.00,4.44647491E+2,
976.00,4.37045593E+2,
977.00,4.29907806E+2,
978.00,4.23054932E+2,
979.00,4.17147003E+2,
980.00,4.12632294E+2,
981.00,4.07970154E+2,
982.00,4.00332489E+2,
983.00,3.89664246E+2,
984.00,3.79493286E+2,
985.00,3.72112579E+2,
986.00,3.66614624E+2,
987.00,3.62196594E+2,
988.00,3.59737152E+2,
989.00,3.60103241E+2,
990.00,3.62357635E+2,
991.00,3.63196320E+2,
992.00,3.59233246E+2,
993.00,3.50641327E+2,
994.00,3.40688232E+2,
995.00,3.31874115E+2,
996.00,3.24695618E+2,
997.00,3.19174072E+2,
998.00,3.15095123E+2,
999.00,3.11054138E+2,
1000.00,3.05141541E+2,
1001.000,2.97119232E+2,
1002.000,2.88952942E+2,
1003.000,2.82574249E+2,
1004.000,2.78023926E+2,
1005.000,2.74765503E+2,
1006.000,2.73381836E+2,
1007.000,2.74057220E+2,
1008.000,2.75374390E+2,
1009.000,2.76552032E+2,
1010.00,2.77876038E+2,
1011.000,2.77889008E+2,
1012.000,2.74359985E+2,
1013.000,2.68806671E+2,
1014.000,2.65749054E+2,
1015.000,2.66469177E+2,
1016.000,2.66682434E+2,
1017.000,2.61408752E+2,
1018.000,2.50800262E+2,
1019.000,2.39639114E+2,
1020.00,2.30685287E+2,
1021.000,2.22388596E+2,
1022.000,2.14787750E+2,
1023.000,2.11267258E+2,
1024.000,2.12713303E+2,
1025.000,2.15761475E+2,
1026.000,2.16939362E+2,
1027.000,2.14817657E+2,
1028.000,2.08870026E+2,
1029.000,1.98962006E+2,
1030.00,1.87166504E+2,
1031.000,1.78139038E+2,
1032.000,1.74768768E+2,
1033.000,1.74841141E+2,
1034.000,1.74227936E+2,
1035.000,1.71517487E+2,
1036.000,1.68185059E+2,
1037.000,1.65840714E+2,
1038.000,1.64487671E+2,
1039.000,1.63126999E+2,
1040.00,1.61178879E+2,
1041.000,1.59049316E+2,
1042.000,1.57488739E+2,
1043.000,1.56582748E+2,
1044.000,1.56070816E+2,
1045.000,1.56267731E+2,
1046.000,1.57350494E+2,
1047.000,1.58223358E+2,
1048.000,1.57239502E+2,
1049.000,1.53870834E+2,
1050.00,1.48928986E+2,
1051.000,1.43179596E+2,
1052.000,1.36903076E+2,
1053.000,1.30941528E+2,
1054.000,1.26709656E+2,
1055.000,1.24988571E+2,
1056.000,1.25164612E+2,
1057.000,1.25064056E+2,
1058.000,1.22258743E+2,
1059.000,1.16913101E+2,
1060.00,1.12170181E+2,
1061.000,1.10559387E+2,
1062.000,1.11378883E+2,
1063.000,1.12342995E+2,
1064.000,1.12689301E+2,
1065.000,1.13723099E+2,
1066.000,1.16056656E+2,
1067.000,1.17308144E+2,
1068.000,1.14482346E+2,
1069.000,1.08406319E+2,
1070.00,1.03292549E+2,
1071.000,1.01725838E+2,
1072.000,1.02371117E+2,
1073.000,1.02715973E+2,
1074.000,1.02320923E+2,
1075.000,1.02670715E+2,
1076.000,1.04333694E+2,
1077.000,1.05839401E+2,
1078.000,1.05819000E+2,
1079.000,1.04638000E+2,
1080.00,1.03514969E+2,
1081.000,1.02942619E+2,
1082.000,1.02218918E+2,
1083.000,1.00341019E+2,
1084.000,9.70816498E+1,
1085.000,9.31856079E+1,
1086.000,8.95382233E+1,
1087.000,8.60471954E+1,
1088.000,8.17963257E+1,
1089.000,7.64256210E+1,
1090.00,7.06026764E+1,
1091.000,6.54611435E+1,
1092.000,6.26858749E+1,
1093.000,6.36393776E+1,
1094.000,6.68782196E+1,
1095.000,6.92384491E+1,
1096.000,7.03428497E+1,
1097.000,7.24864960E+1,
1098.000,7.59906082E+1,
1099.000,7.83602676E+1,
1100.00,7.78358841E+1,
1101.000,7.46675339E+1,
1102.000,6.98529510E+1,
1103.000,6.54984131E+1,
1104.000,6.38941956E+1,
1105.000,6.36179504E+1,
1106.000,6.07618065E+1,
1107.000,5.58638382E+1,
1108.000,5.43828735E+1,
1109.000,5.86989594E+1,
1110.00,6.43829651E+1,
1111.000,6.61452713E+1,
1112.000,6.38701401E+1,
1113.000,6.06853065E+1,
1114.000,5.77247391E+1,
1115.000,5.36173897E+1,
1116.000,4.81872673E+1,
1117.000,4.40778923E+1,
1118.000,4.38355446E+1,
1119.000,4.64779892E+1,
1120.00,4.85923691E+1,
1121.000,4.86637497E+1,
1122.000,4.82465324E+1,
1123.000,4.88967018E+1,
1124.000,5.05956039E+1,
1125.000,5.32755508E+1,
1126.000,5.69666519E+1,
1127.000,6.01336060E+1,
1128.000,6.03376503E+1,
1129.000,5.67490463E+1,
1130.00,5.06835098E+1,
1131.000,4.44330444E+1,
1132.000,4.05991898E+1,
1133.000,4.11014786E+1,
1134.000,4.50238495E+1,
1135.000,4.84943428E+1,
1136.000,4.87822189E+1,
1137.000,4.74325333E+1,
1138.000,4.73280716E+1,
1139.000,4.86440430E+1,
1140.00,5.00414391E+1,
1141.000,5.13761787E+1,
1142.000,5.29123802E+1,
1143.000,5.40731239E+1,
1144.000,5.42966576E+1,
1145.000,5.33815613E+1,
1146.000,5.12513580E+1,
1147.000,4.86142426E+1,
1148.000,4.62615013E+1,
1149.000,4.34279442E+1,
1150.00,3.93364563E+1,
1151.000,3.59635086E+1,
1152.000,3.65090179E+1,
1153.000,4.10389061E+1,
1154.000,4.56296806E+1,
1155.000,4.64534950E+1,
1156.000,4.37036705E+1,
1157.000,4.12374268E+1,
1158.000,4.27073822E+1,
1159.000,4.77108231E+1,
1160.00,5.24625397E+1,
1161.000,5.45278893E+1,
1162.000,5.44081841E+1,
1163.000,5.28591919E+1,
1164.000,5.07732773E+1,
1165.000,5.04212761E+1,
1166.000,5.21174126E+1,
1167.000,5.23394775E+1,
1168.000,4.94929276E+1,
1169.000,4.70297585E+1,
1170.00,4.70765228E+1,
1171.000,4.66084290E+1,
1172.000,4.29872208E+1,
1173.000,3.82831726E+1,
1174.000,3.64167175E+1,
1175.000,3.89276619E+1,
1176.000,4.35820045E+1,
1177.000,4.65260086E+1,
1178.000,4.67720375E+1,
1179.000,4.70526581E+1,
1180.00,4.89723396E+1,
1181.000,5.09510880E+1,
1182.000,5.22350998E+1,
1183.000,5.38699608E+1,
1184.000,5.52655144E+1,
1185.000,5.49470596E+1,
1186.000,5.35986557E+1,
1187.000,5.25342369E+1,
1188.000,5.18948250E+1,
1189.000,5.23012085E+1,
1190.00,5.46372299E+1,
1191.000,5.77915344E+1,
1192.000,5.97156792E+1,
1193.000,6.02396393E+1,
1194.000,6.07772293E+1,
1195.000,6.12770996E+1,
1196.000,5.93505135E+1,
1197.000,5.42749252E+1,
1198.000,4.99353027E+1,
1199.000,5.04161377E+1,
1200.00,5.45318413E+1,
1201.000,5.85377426E+1,
1202.000,6.18688812E+1,
1203.000,6.57447205E+1,
1204.000,6.90674515E+1,
1205.000,7.04738312E+1,
1206.000,7.11978302E+1,
1207.000,7.27288437E+1,
1208.000,7.52870865E+1,
1209.000,7.88644104E+1,
1210.00,8.23529129E+1,
1211.000,8.38556747E+1,
1212.000,8.41591339E+1,
1213.000,8.68704453E+1,
1214.000,9.32728577E+1,
1215.000,9.92794418E+1,
1216.000,1.00059280E+2,
1217.000,9.63432770E+1,
1218.000,9.29715195E+1,
1219.000,9.26370392E+1,
1220.00,9.40163269E+1,
1221.000,9.47369003E+1,
1222.000,9.40851593E+1,
1223.000,9.28098831E+1,
1224.000,9.11167755E+1,
1225.000,8.83496323E+1,
1226.000,8.53710785E+1,
1227.000,8.54237976E+1,
1228.000,9.07124405E+1,
1229.000,9.93047638E+1,
1230.00,1.06900314E+2,
1231.000,1.10693802E+2,
1232.000,1.10911194E+2,
1233.000,1.09621674E+2,
1234.000,1.09124008E+2,
1235.000,1.10964355E+2,
1236.000,1.14685280E+2,
1237.000,1.18037674E+2,
1238.000,1.20094955E+2,
1239.000,1.22354332E+2,
1240.00,1.25734856E+2,
1241.000,1.29890015E+2,
1242.000,1.35304153E+2,
1243.000,1.41400681E+2,
1244.000,1.44816467E+2,
1245.000,1.44518463E+2,
1246.000,1.44129562E+2,
1247.000,1.45836395E+2,
1248.000,1.47950668E+2,
1249.000,1.49261795E+2,
1250.00,1.50729858E+2,
1251.000,1.53673843E+2,
1252.000,1.57723190E+2,
1253.000,1.60276230E+2,
1254.000,1.60642944E+2,
1255.000,1.62732697E+2,
1256.000,1.69136261E+2,
1257.000,1.76958313E+2,
1258.000,1.83162506E+2,
1259.000,1.88274811E+2,
1260.00,1.92892395E+2,
1261.000,1.96424530E+2,
1262.000,1.99604126E+2,
1263.000,2.03177429E+2,
1264.000,2.05578369E+2,
1265.000,2.05670761E+2,
1266.000,2.05407806E+2,
1267.000,2.07973541E+2,
1268.000,2.14897781E+2,
1269.000,2.24763962E+2,
1270.00,2.34363129E+2,
1271.000,2.41604187E+2,
1272.000,2.46454956E+2,
1273.000,2.49521576E+2,
1274.000,2.51999161E+2,
1275.000,2.56120728E+2,
1276.000,2.62481598E+2,
1277.000,2.68383514E+2,
1278.000,2.72058380E+2,
1279.000,2.75570435E+2,
1280.00,2.80988770E+2,
1281.000,2.88029419E+2,
1282.000,2.96604462E+2,
1283.000,3.06935608E+2,
1284.000,3.17163879E+2,
1285.000,3.24829987E+2,
1286.000,3.30050446E+2,
1287.000,3.34294556E+2,
1288.000,3.37523712E+2,
1289.000,3.39543823E+2,
1290.00,3.42355865E+2,
1291.000,3.47892456E+2,
1292.000,3.54976410E+2,
1293.000,3.61065460E+2,
1294.000,3.65492920E+2,
1295.000,3.69750000E+2,
1296.000,3.76127838E+2,
1297.000,3.85942230E+2,
1298.000,3.97824371E+2,
1299.000,4.08969421E+2,
1300.00,4.19035126E+2,
1301.000,4.30942261E+2,
1302.000,4.46199097E+2,
1303.000,4.61495972E+2,
1304.000,4.73148102E+2,
1305.000,4.82806213E+2,
1306.000,4.94623108E+2,
1307.000,5.09366028E+2,
1308.000,5.24506165E+2,
1309.000,5.37028870E+2,
1310.00,5.45375244E+2,
1311.000,5.51126343E+2,
1312.000,5.57772522E+2,
1313.000,5.67640076E+2,
1314.000,5.80996826E+2,
1315.000,5.95409363E+2,
1316.000,6.06256348E+2,
1317.000,6.12344360E+2,
1318.000,6.19543823E+2,
1319.000,6.34490845E+2,
1320.00,6.56763489E+2,
1321.000,6.80341431E+2,
1322.000,6.99968994E+2,
1323.000,7.14368774E+2,
1324.000,7.26243042E+2,
1325.000,7.39404175E+2,
1326.000,7.54175354E+2,
1327.000,7.67787964E+2,
1328.000,7.80114868E+2,
1329.000,7.94848633E+2,
1330.00,8.13127014E+2,
1331.000,8.30127319E+2,
1332.000,8.41836792E+2,
1333.000,8.51909058E+2,
1334.000,8.66336365E+2,
1335.000,8.84417603E+2,
1336.000,9.01475403E+2,
1337.000,9.16764587E+2,
1338.000,9.31899719E+2,
1339.000,9.46074463E+2,
1340.00,9.58680664E+2,
1341.000,9.71985107E+2,
1342.000,9.88375793E+2,
1343.000,1.00950842E+3,
1344.000,1.03754443E+3,
1345.000,1.07174158E+3,
1346.000,1.10508350E+3,
1347.000,1.12975293E+3,
1348.000,1.14555908E+3,
1349.000,1.15941309E+3,
1350.00,1.17756311E+3,
1351.000,1.20101099E+3,
1352.000,1.22735339E+3,
1353.000,1.25418640E+3,
1354.000,1.28020825E+3,
1355.000,1.30533582E+3,
1356.000,1.33144739E+3,
1357.000,1.36220093E+3,
1358.000,1.40063135E+3,
1359.000,1.44556384E+3,
1360.00,1.48978076E+3,
1361.000,1.52351025E+3,
1362.000,1.54261853E+3,
1363.000,1.55309119E+3,
1364.000,1.56466699E+3,
1365.000,1.58172021E+3,
1366.000,1.60373425E+3,
1367.000,1.63008447E+3,
1368.000,1.65848779E+3,
1369.000,1.68341309E+3,
1370.00,1.70189966E+3,
1371.000,1.71690063E+3,
1372.000,1.73304321E+3,
1373.000,1.75454358E+3,
1374.000,1.78407300E+3,
1375.000,1.81815625E+3,
1376.000,1.85112891E+3,
1377.000,1.88560071E+3,
1378.000,1.92811206E+3,
1379.000,1.97638098E+3,
1380.00,2.02379797E+3,
1381.000,2.07188428E+3,
1382.000,2.12287451E+3,
1383.000,2.16636475E+3,
1384.000,2.19106689E+3,
1385.000,2.20235864E+3,
1386.000,2.21351025E+3,
1387.000,2.22898535E+3,
1388.000,2.24523755E+3,
1389.000,2.25990283E+3,
1390.00,2.27575391E+3,
1391.000,2.29772217E+3,
1392.000,2.32726807E+3,
1393.000,2.36098706E+3,
1394.000,2.39355884E+3,
1395.000,2.41909399E+3,
1396.000,2.43287036E+3,
1397.000,2.44024170E+3,
1398.000,2.46066016E+3,
1399.000,2.50683228E+3,
1400.00,2.56168311E+3,
1401.000,2.59729785E+3,
1402.000,2.61466113E+3,
1403.000,2.64097192E+3,
1404.000,2.68993066E+3,
1405.000,2.74760840E+3,
1406.000,2.79674414E+3,
1407.000,2.83563867E+3,
1408.000,2.87012427E+3,
1409.000,2.89946606E+3,
1410.00,2.91832324E+3,
1411.000,2.92973169E+3,
1412.000,2.94636572E+3,
1413.000,2.97560083E+3,
1414.000,3.01032690E+3,
1415.000,3.03942188E+3,
1416.000,3.06569482E+3,
1417.000,3.10646997E+3,
1418.000,3.16915454E+3,
1419.000,3.23387207E+3,
1420.00,3.27431860E+3,
1421.000,3.28948438E+3,
1422.000,3.30051904E+3,
1423.000,3.32346240E+3,
1424.000,3.35891626E+3,
1425.000,3.40234912E+3,
1426.000,3.45041211E+3,
1427.000,3.49795898E+3,
1428.000,3.53943384E+3,
1429.000,3.57593237E+3,
1430.00,3.61583594E+3,
1431.000,3.66549805E+3,
1432.000,3.72003516E+3,
1433.000,3.76733984E+3,
1434.000,3.80322729E+3,
1435.000,3.83584180E+3,
1436.000,3.87273877E+3,
1437.000,3.91266748E+3,
1438.000,3.95122729E+3,
1439.000,3.98616260E+3,
1440.00,4.01688892E+3,
1441.000,4.04468359E+3,
1442.000,4.07420190E+3,
1443.000,4.11156250E+3,
1444.000,4.15809717E+3,
1445.000,4.20711670E+3,
1446.000,4.25097754E+3,
1447.000,4.28945996E+3,
1448.000,4.32635059E+3,
1449.000,4.36245947E+3,
1450.00,4.39664551E+3,
1451.000,4.42875928E+3,
1452.000,4.46027197E+3,
1453.000,4.49451465E+3,
1454.000,4.53364355E+3,
1455.000,4.57575488E+3,
1456.000,4.61868848E+3,
1457.000,4.66389307E+3,
1458.000,4.71302197E+3,
1459.000,4.76396875E+3,
1460.00,4.81277393E+3,
1461.000,4.85564014E+3,
1462.000,4.88967969E+3,
1463.000,4.91776758E+3,
1464.000,4.94775195E+3,
1465.000,4.98076855E+3,
1466.000,5.01111133E+3,
1467.000,5.04092236E+3,
1468.000,5.08003809E+3,
1469.000,5.13107422E+3,
1470.00,5.18875977E+3,
1471.000,5.25163428E+3,
1472.000,5.32039258E+3,
1473.000,5.38532715E+3,
1474.000,5.43045996E+3,
1475.000,5.45302148E+3,
1476.000,5.46741504E+3,
1477.000,5.48897363E+3,
1478.000,5.52034082E+3,
1479.000,5.55252637E+3,
1480.00,5.57707275E+3,
1481.000,5.59683545E+3,
1482.000,5.62142383E+3,
1483.000,5.65292236E+3,
1484.000,5.68442871E+3,
1485.000,5.71387012E+3,
1486.000,5.74905859E+3,
1487.000,5.79475049E+3,
1488.000,5.84226855E+3,
1489.000,5.87914893E+3,
1490.00,5.90776172E+3,
1491.000,5.94555908E+3,
1492.000,6.00068555E+3,
1493.000,6.05517871E+3,
1494.000,6.08551025E+3,
1495.000,6.09648926E+3,
1496.000,6.11680566E+3,
1497.000,6.15952539E+3,
1498.000,6.20694043E+3,
1499.000,6.23790967E+3,
1500.00,6.25273193E+3,
1501.000,6.26741846E+3,
1502.000,6.29431787E+3,
1503.000,6.33246094E+3,
1504.000,6.37084863E+3,
1505.000,6.39763037E+3,
1506.000,6.41281689E+3,
1507.000,6.43150488E+3,
1508.000,6.46589551E+3,
1509.000,6.51027930E+3,
1510.00,6.55011035E+3,
1511.000,6.57698145E+3,
1512.000,6.59307324E+3,
1513.000,6.60879980E+3,
1514.000,6.63686084E+3,
1515.000,6.68182617E+3,
1516.000,6.72967725E+3,
1517.000,6.75521387E+3,
1518.000,6.75225000E+3,
1519.000,6.74771045E+3,
1520.00,6.77054541E+3,
1521.000,6.81660547E+3,
1522.000,6.86084424E+3,
1523.000,6.89226563E+3,
1524.000,6.91632178E+3,
1525.000,6.93467822E+3,
1526.000,6.94450488E+3,
1527.000,6.95083691E+3,
1528.000,6.96476367E+3,
1529.000,6.98937891E+3,
1530.00,7.01363770E+3,
1531.000,7.02683008E+3,
1532.000,7.03642480E+3,
1533.000,7.05932910E+3,
1534.000,7.09758691E+3,
1535.000,7.13580371E+3,
1536.000,7.15940576E+3,
1537.000,7.16502344E+3,
1538.000,7.15831396E+3,
1539.000,7.15011279E+3,
1540.00,7.14993408E+3,
1541.000,7.15842236E+3,
1542.000,7.17058398E+3,
1543.000,7.18525879E+3,
1544.000,7.20333984E+3,
1545.000,7.22096680E+3,
1546.000,7.23544092E+3,
1547.000,7.25384668E+3,
1548.000,7.28434424E+3,
1549.000,7.32038965E+3,
1550.00,7.34387500E+3,
1551.000,7.34415381E+3,
1552.000,7.32761572E+3,
1553.000,7.31177734E+3,
1554.000,7.31276709E+3,
1555.000,7.33059131E+3,
1556.000,7.34697559E+3,
1557.000,7.34760156E+3,
1558.000,7.33910596E+3,
1559.000,7.33284180E+3,
1560.00,7.32961719E+3,
1561.000,7.33143066E+3,
1562.000,7.34293262E+3,
1563.000,7.35592383E+3,
1564.000,7.35765479E+3,
1565.000,7.35114551E+3,
1566.000,7.34808838E+3,
1567.000,7.35089258E+3,
1568.000,7.35615918E+3,
1569.000,7.36653027E+3,
1570.00,7.38460205E+3,
1571.000,7.39961621E+3,
1572.000,7.39504150E+3,
1573.000,7.37053760E+3,
1574.000,7.34604102E+3,
1575.000,7.34212988E+3,
1576.000,7.36018945E+3,
1577.000,7.38084277E+3,
1578.000,7.38395996E+3,
1579.000,7.37091992E+3,
1580.00,7.35752734E+3,
1581.000,7.35190723E+3,
1582.000,7.35538965E+3,
1583.000,7.36667236E+3,
1584.000,7.37122656E+3,
1585.000,7.35325391E+3,
1586.000,7.32326563E+3,
1587.000,7.30810986E+3,
1588.000,7.31539844E+3,
1589.000,7.32714941E+3,
1590.00,7.32526025E+3,
1591.000,7.30758789E+3,
1592.000,7.28177930E+3,
1593.000,7.25867773E+3,
1594.000,7.24828223E+3,
1595.000,7.24950293E+3,
1596.000,7.24925293E+3,
1597.000,7.23757178E+3,
1598.000,7.21604395E+3,
1599.000,7.19024316E+3,
1600.00,7.16440869E+3,
1601.000,7.14677490E+3,
1602.000,7.14620410E+3,
1603.000,7.15554395E+3,
1604.000,7.15500928E+3,
1605.000,7.13970752E+3,
1606.000,7.12442139E+3,
1607.000,7.11800732E+3,
1608.000,7.11463086E+3,
1609.000,7.10994629E+3,
1610.00,7.10614941E+3,
1611.000,7.10376563E+3,
1612.000,7.10011377E+3,
1613.000,7.09088574E+3,
1614.000,7.07285254E+3,
1615.000,7.04950488E+3,
1616.000,7.02768311E+3,
1617.000,7.01120752E+3,
1618.000,7.00381201E+3,
1619.000,7.00756445E+3,
1620.00,7.01537109E+3,
1621.000,7.01477637E+3,
1622.000,6.99961719E+3,
1623.000,6.97633105E+3,
1624.000,6.96010352E+3,
1625.000,6.96383984E+3,
1626.000,6.98809180E+3,
1627.000,7.01821680E+3,
1628.000,7.03784570E+3,
1629.000,7.04866064E+3,
1630.00,7.06224121E+3,
1631.000,7.07742773E+3,
1632.000,7.09026025E+3,
1633.000,7.11303369E+3,
1634.000,7.15481641E+3,
1635.000,7.19808252E+3,
1636.000,7.21858203E+3,
1637.000,7.21642480E+3,
1638.000,7.21288184E+3,
1639.000,7.22497412E+3,
1640.00,7.25491602E+3,
1641.000,7.30025146E+3,
1642.000,7.35828418E+3,
1643.000,7.42058105E+3,
1644.000,7.47950000E+3,
1645.000,7.53387988E+3,
1646.000,7.57118994E+3,
1647.000,7.56988916E+3,
1648.000,7.54846875E+3,
1649.000,7.56522510E+3,
1650.00,7.63353467E+3,
1651.000,7.70234766E+3,
1652.000,7.74541553E+3,
1653.000,7.79329395E+3,
1654.000,7.86131348E+3,
1655.000,7.91468457E+3,
1656.000,7.92408008E+3,
1657.000,7.90664795E+3,
1658.000,7.89623779E+3,
1659.000,7.91431152E+3,
1660.00,7.96383008E+3,
1661.000,8.01139258E+3,
1662.000,8.00572119E+3,
1663.000,7.93966797E+3,
1664.000,7.86697461E+3,
1665.000,7.85143311E+3,
1666.000,7.90088867E+3,
1667.000,7.97501221E+3,
1668.000,8.07413135E+3,
1669.000,8.24564746E+3,
1670.00,8.49089355E+3,
1671.000,8.75107227E+3,
1672.000,8.95549316E+3,
1673.000,9.02242383E+3,
1674.000,8.90271777E+3,
1675.000,8.70557422E+3,
1676.000,8.68161621E+3,
1677.000,8.97934961E+3,
1678.000,9.48302539E+3,
1679.000,9.92592969E+3,
1680.00,1.01228047E+4,
1681.000,1.01339961E+4,
1682.000,1.01787695E+4,
1683.000,1.03603076E+4,
1684.000,1.06249570E+4,
1685.000,1.09030146E+4,
1686.000,1.10842031E+4,
1687.000,1.11263418E+4,
1688.000,1.13192979E+4,
1689.000,1.20242715E+4,
1690.00,1.31162109E+4,
1691.000,1.40658037E+4,
1692.000,1.45056191E+4,
1693.000,1.44518311E+4,
1694.000,1.41184941E+4,
1695.000,1.37522920E+4,
1696.000,1.36366367E+4,
1697.000,1.40298594E+4,
1698.000,1.47591143E+4,
1699.000,1.51026133E+4,
1700.00,1.47287334E+4,
