Labels,0,
Type,Time Scan,
Comment,,
Start,0.00,
Stop,1.999E006,
Step,1000.00,
Fixed/Offset, ,
XAxis,Time(ns),
YAxis,Counts,

0.00,1.63000000E+2,
1000.00,1.36000000E+2,
2000.00,1.56000000E+2,
3000.00,1.75000000E+2,
4000.00,1.70000000E+2,
5000.00,1.57000000E+2,
6000.00,1.49000000E+2,
7000.00,1.56000000E+2,
8000.00,1.54000000E+2,
9000.00,1.39000000E+2,
1E04,1.61000000E+2,
1.1E04,1.44000000E+2,
1.2E04,1.31000000E+2,
1.3E04,1.51000000E+2,
1.4E04,1.44000000E+2,
1.5E04,1.63000000E+2,
1.6E04,1.42000000E+2,
1.7E04,1.56000000E+2,
1.8E04,1.55000000E+2,
1.9E04,1.33000000E+2,
2E04,1.40000000E+2,
2.1E04,1.58000000E+2,
2.2E04,1.28000000E+2,
2.3E04,1.45000000E+2,
2.4E04,1.73000000E+2,
2.5E04,1.63000000E+2,
2.6E04,1.86000000E+2,
2.7E04,1.56000000E+2,
2.8E04,1.66000000E+2,
2.9E04,1.73000000E+2,
3E04,1.41000000E+2,
3.1E04,1.42000000E+2,
3.2E04,1.60000000E+2,
3.3E04,1.63000000E+2,
3.4E04,1.47000000E+2,
3.5E04,1.51000000E+2,
3.6E04,1.56000000E+2,
3.7E04,1.27000000E+2,
3.8E04,1.41000000E+2,
3.9E04,1.70000000E+2,
4E04,1.60000000E+2,
4.1E04,1.55000000E+2,
4.2E04,1.61000000E+2,
4.3E04,1.48000000E+2,
4.4E04,1.81000000E+2,
4.5E04,1.62000000E+2,
4.6E04,1.33000000E+2,
4.7E04,1.74000000E+2,
4.8E04,1.58000000E+2,
4.9E04,1.84000000E+2,
5E04,1.49000000E+2,
5.1E04,1.31000000E+2,
5.2E04,1.58000000E+2,
5.3E04,1.40000000E+2,
5.4E04,1.65000000E+2,
5.5E04,1.43000000E+2,
5.6E04,1.39000000E+2,
5.7E04,1.56000000E+2,
5.8E04,1.48000000E+2,
5.9E04,1.71000000E+2,
6E04,1.24000000E+2,
6.1E04,1.53000000E+2,
6.2E04,1.57000000E+2,
6.3E04,1.63000000E+2,
6.4E04,1.53000000E+2,
6.5E04,1.51000000E+2,
6.6E04,1.63000000E+2,
6.7E04,1.69000000E+2,
6.8E04,1.61000000E+2,
6.9E04,1.71000000E+2,
7E04,1.69000000E+2,
7.1E04,1.65000000E+2,
7.2E04,1.52000000E+2,
7.3E04,1.29000000E+2,
7.4E04,1.44000000E+2,
7.5E04,1.63000000E+2,
7.6E04,1.35000000E+2,
7.7E04,1.52000000E+2,
7.8E04,1.40000000E+2,
7.9E04,1.60000000E+2,
8E04,1.75000000E+2,
8.1E04,1.65000000E+2,
8.2E04,1.55000000E+2,
8.3E04,1.42000000E+2,
8.4E04,1.61000000E+2,
8.5E04,1.65000000E+2,
8.6E04,1.44000000E+2,
8.7E04,1.78000000E+2,
8.8E04,1.70000000E+2,
8.9E04,1.50000000E+2,
9E04,1.52000000E+2,
9.1E04,1.86000000E+2,
9.2E04,1.63000000E+2,
9.3E04,1.43000000E+2,
9.4E04,1.49000000E+2,
9.5E04,1.95000000E+2,
9.6E04,1.68000000E+2,
9.7E04,1.58000000E+2,
9.8E04,1.53000000E+2,
9.9E04,1.45000000E+2,
1E05,1.58000000E+2,
1.01E05,1.74000000E+2,
1.02E05,1.68000000E+2,
1.03E05,1.53000000E+2,
1.04E05,1.71000000E+2,
1.05E05,3.32000000E+2,
1.06E05,1.56300000E+3,
1.07E05,1.67000000E+2,
1.08E05,1.61000000E+2,
1.09E05,3.38000000E+2,
1.1E05,2.14800000E+3,
1.11E05,5.20100000E+3,
1.12E05,7.37900000E+3,
1.13E05,7.99200000E+3,
1.14E05,7.87200000E+3,
1.15E05,7.90500000E+3,
1.16E05,8.00000000E+3,
1.17E05,7.89400000E+3,
1.18E05,7.75800000E+3,
1.19E05,7.64300000E+3,
1.2E05,7.50000000E+3,
1.21E05,7.49600000E+3,
1.22E05,7.23100000E+3,
1.23E05,7.31300000E+3,
1.24E05,7.08100000E+3,
1.25E05,6.95700000E+3,
1.26E05,6.89700000E+3,
1.27E05,6.77400000E+3,
1.28E05,6.62800000E+3,
1.29E05,6.46100000E+3,
1.3E05,6.51000000E+3,
1.31E05,6.26200000E+3,
1.32E05,6.11000000E+3,
1.33E05,6.02100000E+3,
1.34E05,5.95700000E+3,
1.35E05,5.75700000E+3,
1.36E05,5.69600000E+3,
1.37E05,5.57500000E+3,
1.38E05,5.44900000E+3,
1.39E05,5.43900000E+3,
1.4E05,5.21600000E+3,
1.41E05,5.28200000E+3,
1.42E05,5.03100000E+3,
1.43E05,5.05100000E+3,
1.44E05,4.92000000E+3,
1.45E05,4.86400000E+3,
1.46E05,4.70500000E+3,
1.47E05,4.51900000E+3,
1.48E05,4.53100000E+3,
1.49E05,4.45100000E+3,
1.5E05,4.33700000E+3,
1.51E05,4.22100000E+3,
1.52E05,4.17700000E+3,
1.53E05,4.11100000E+3,
1.54E05,4.11100000E+3,
1.55E05,3.94700000E+3,
1.56E05,3.84600000E+3,
1.57E05,3.68000000E+3,
1.58E05,3.72100000E+3,
1.59E05,3.68800000E+3,
1.6E05,3.64200000E+3,
1.61E05,3.50600000E+3,
1.62E05,3.48500000E+3,
1.63E05,3.42500000E+3,
1.64E05,3.32400000E+3,
1.65E05,3.33200000E+3,
1.66E05,3.25800000E+3,
1.67E05,3.19900000E+3,
1.68E05,3.10000000E+3,
1.69E05,3.10400000E+3,
1.7E05,2.95300000E+3,
1.71E05,2.95600000E+3,
1.72E05,2.89900000E+3,
1.73E05,2.91600000E+3,
1.74E05,2.91900000E+3,
1.75E05,2.76400000E+3,
1.76E05,2.65800000E+3,
1.77E05,2.65400000E+3,
1.78E05,2.56600000E+3,
1.79E05,2.55000000E+3,
1.8E05,2.58900000E+3,
1.81E05,2.46400000E+3,
1.82E05,2.38200000E+3,
1.83E05,2.34700000E+3,
1.84E05,2.41800000E+3,
1.85E05,2.32800000E+3,
1.86E05,2.24600000E+3,
1.87E05,2.17800000E+3,
1.88E05,2.26900000E+3,
1.89E05,2.23800000E+3,
1.9E05,2.14900000E+3,
1.91E05,2.05000000E+3,
1.92E05,2.00400000E+3,
1.93E05,2.02100000E+3,
1.94E05,2.05600000E+3,
1.95E05,2.04100000E+3,
1.96E05,1.89500000E+3,
1.97E05,1.90700000E+3,
1.98E05,1.82900000E+3,
1.99E05,1.84200000E+3,
2E05,1.83300000E+3,
2.01E05,1.79200000E+3,
2.02E05,1.70400000E+3,
2.03E05,1.70800000E+3,
2.04E05,1.75600000E+3,
2.05E05,1.67500000E+3,
2.06E05,1.64500000E+3,
2.07E05,1.65400000E+3,
2.08E05,1.54100000E+3,
2.09E05,1.58500000E+3,
2.1E05,1.57200000E+3,
2.11E05,1.47700000E+3,
2.12E05,1.47000000E+3,
2.13E05,1.47300000E+3,
2.14E05,1.40200000E+3,
2.15E05,1.37000000E+3,
2.16E05,1.40300000E+3,
2.17E05,1.38900000E+3,
2.18E05,1.31900000E+3,
2.19E05,1.35500000E+3,
2.2E05,1.29000000E+3,
2.21E05,1.32800000E+3,
2.22E05,1.29500000E+3,
2.23E05,1.27400000E+3,
2.24E05,1.26100000E+3,
2.25E05,1.20400000E+3,
2.26E05,1.25400000E+3,
2.27E05,1.18300000E+3,
2.28E05,1.11300000E+3,
2.29E05,1.20400000E+3,
2.3E05,1.21700000E+3,
2.31E05,1.11200000E+3,
2.32E05,1.04800000E+3,
2.33E05,1.07100000E+3,
2.34E05,1.07000000E+3,
2.35E05,1.16000000E+3,
2.36E05,1.09200000E+3,
2.37E05,1.06600000E+3,
2.38E05,1.01300000E+3,
2.39E05,9.83000000E+2,
2.4E05,9.97000000E+2,
2.41E05,1.00200000E+3,
2.42E05,9.08000000E+2,
2.43E05,9.72000000E+2,
2.44E05,9.36000000E+2,
2.45E05,9.78000000E+2,
2.46E05,9.41000000E+2,
2.47E05,8.84000000E+2,
2.48E05,8.69000000E+2,
2.49E05,8.80000000E+2,
2.5E05,8.84000000E+2,
2.51E05,8.22000000E+2,
2.52E05,8.55000000E+2,
2.53E05,7.90000000E+2,
2.54E05,9.05000000E+2,
2.55E05,8.25000000E+2,
2.56E05,8.20000000E+2,
2.57E05,7.79000000E+2,
2.58E05,8.28000000E+2,
2.59E05,7.62000000E+2,
2.6E05,8.51000000E+2,
2.61E05,7.29000000E+2,
2.62E05,7.58000000E+2,
2.63E05,7.80000000E+2,
2.64E05,7.17000000E+2,
2.65E05,7.01000000E+2,
2.66E05,7.25000000E+2,
2.67E05,6.71000000E+2,
2.68E05,6.99000000E+2,
2.69E05,6.68000000E+2,
2.7E05,6.77000000E+2,
2.71E05,6.91000000E+2,
2.72E05,6.84000000E+2,
2.73E05,6.48000000E+2,
2.74E05,6.49000000E+2,
2.75E05,6.56000000E+2,
2.76E05,6.18000000E+2,
2.77E05,6.10000000E+2,
2.78E05,6.05000000E+2,
2.79E05,6.52000000E+2,
2.8E05,6.05000000E+2,
2.81E05,5.82000000E+2,
2.82E05,5.86000000E+2,
2.83E05,5.96000000E+2,
2.84E05,5.92000000E+2,
2.85E05,5.62000000E+2,
2.86E05,5.90000000E+2,
2.87E05,5.35000000E+2,
2.88E05,5.56000000E+2,
2.89E05,5.75000000E+2,
2.9E05,5.71000000E+2,
2.91E05,5.42000000E+2,
2.92E05,5.24000000E+2,
2.93E05,5.39000000E+2,
2.94E05,5.09000000E+2,
2.95E05,5.36000000E+2,
2.96E05,5.18000000E+2,
2.97E05,5.22000000E+2,
2.98E05,5.15000000E+2,
2.99E05,4.89000000E+2,
3E05,4.79000000E+2,
3.01E05,5.10000000E+2,
3.02E05,4.76000000E+2,
3.03E05,4.57000000E+2,
3.04E05,4.58000000E+2,
3.05E05,4.70000000E+2,
3.06E05,4.82000000E+2,
3.07E05,4.31000000E+2,
3.08E05,4.76000000E+2,
3.09E05,4.73000000E+2,
3.1E05,4.31000000E+2,
3.11E05,4.16000000E+2,
3.12E05,4.59000000E+2,
3.13E05,4.06000000E+2,
3.14E05,4.12000000E+2,
3.15E05,4.35000000E+2,
3.16E05,4.46000000E+2,
3.17E05,4.45000000E+2,
3.18E05,3.76000000E+2,
3.19E05,3.91000000E+2,
3.2E05,4.06000000E+2,
3.21E05,4.08000000E+2,
3.22E05,4.08000000E+2,
3.23E05,3.64000000E+2,
3.24E05,3.96000000E+2,
3.25E05,4.31000000E+2,
3.26E05,3.76000000E+2,
3.27E05,4.47000000E+2,
3.28E05,4.12000000E+2,
3.29E05,4.18000000E+2,
3.3E05,3.81000000E+2,
3.31E05,3.56000000E+2,
3.32E05,3.64000000E+2,
3.33E05,3.53000000E+2,
3.34E05,3.70000000E+2,
3.35E05,3.71000000E+2,
3.36E05,3.46000000E+2,
3.37E05,3.53000000E+2,
3.38E05,3.69000000E+2,
3.39E05,3.54000000E+2,
3.4E05,3.29000000E+2,
3.41E05,3.22000000E+2,
3.42E05,3.14000000E+2,
3.43E05,3.48000000E+2,
3.44E05,3.57000000E+2,
3.45E05,3.34000000E+2,
3.46E05,2.97000000E+2,
3.47E05,3.03000000E+2,
3.48E05,3.23000000E+2,
3.49E05,3.45000000E+2,
3.5E05,2.94000000E+2,
3.51E05,2.78000000E+2,
3.52E05,3.21000000E+2,
3.53E05,3.25000000E+2,
3.54E05,2.94000000E+2,
3.55E05,3.15000000E+2,
3.56E05,2.85000000E+2,
3.57E05,3.29000000E+2,
3.58E05,2.94000000E+2,
3.59E05,2.91000000E+2,
3.6E05,3.13000000E+2,
3.61E05,3.14000000E+2,
3.62E05,2.92000000E+2,
3.63E05,2.86000000E+2,
3.64E05,3.16000000E+2,
3.65E05,2.59000000E+2,
3.66E05,2.80000000E+2,
3.67E05,2.95000000E+2,
3.68E05,2.80000000E+2,
3.69E05,2.99000000E+2,
3.7E05,2.77000000E+2,
3.71E05,2.70000000E+2,
3.72E05,2.59000000E+2,
3.73E05,2.64000000E+2,
3.74E05,2.93000000E+2,
3.75E05,2.83000000E+2,
3.76E05,2.57000000E+2,
3.77E05,2.59000000E+2,
3.78E05,2.74000000E+2,
3.79E05,2.72000000E+2,
3.8E05,2.82000000E+2,
3.81E05,2.67000000E+2,
3.82E05,2.62000000E+2,
3.83E05,2.59000000E+2,
3.84E05,2.54000000E+2,
3.85E05,2.55000000E+2,
3.86E05,2.89000000E+2,
3.87E05,2.45000000E+2,
3.88E05,2.46000000E+2,
3.89E05,2.51000000E+2,
3.9E05,2.59000000E+2,
3.91E05,2.72000000E+2,
3.92E05,2.36000000E+2,
3.93E05,2.36000000E+2,
3.94E05,2.35000000E+2,
3.95E05,2.82000000E+2,
3.96E05,2.25000000E+2,
3.97E05,2.28000000E+2,
3.98E05,2.57000000E+2,
3.99E05,2.33000000E+2,
4E05,2.32000000E+2,
4.01E05,2.37000000E+2,
4.02E05,2.34000000E+2,
4.03E05,2.44000000E+2,
4.04E05,2.42000000E+2,
4.05E05,2.44000000E+2,
4.06E05,2.20000000E+2,
4.07E05,2.07000000E+2,
4.08E05,2.32000000E+2,
4.09E05,2.27000000E+2,
4.1E05,2.65000000E+2,
4.11E05,2.37000000E+2,
4.12E05,2.15000000E+2,
4.13E05,2.01000000E+2,
4.14E05,2.02000000E+2,
4.15E05,2.13000000E+2,
4.16E05,2.37000000E+2,
4.17E05,2.67000000E+2,
4.18E05,2.34000000E+2,
4.19E05,2.16000000E+2,
4.2E05,2.18000000E+2,
4.21E05,2.05000000E+2,
4.22E05,2.14000000E+2,
4.23E05,2.23000000E+2,
4.24E05,2.11000000E+2,
4.25E05,2.03000000E+2,
4.26E05,2.01000000E+2,
4.27E05,2.33000000E+2,
4.28E05,2.08000000E+2,
4.29E05,2.17000000E+2,
4.3E05,2.19000000E+2,
4.31E05,1.95000000E+2,
4.32E05,2.11000000E+2,
4.33E05,2.05000000E+2,
4.34E05,2.08000000E+2,
4.35E05,2.11000000E+2,
4.36E05,2.12000000E+2,
4.37E05,1.96000000E+2,
4.38E05,1.71000000E+2,
4.39E05,2.00000000E+2,
4.4E05,2.31000000E+2,
4.41E05,2.17000000E+2,
4.42E05,1.76000000E+2,
4.43E05,1.84000000E+2,
4.44E05,1.86000000E+2,
4.45E05,2.08000000E+2,
4.46E05,2.07000000E+2,
4.47E05,2.01000000E+2,
4.48E05,1.86000000E+2,
4.49E05,1.82000000E+2,
4.5E05,1.94000000E+2,
4.51E05,1.86000000E+2,
4.52E05,2.24000000E+2,
4.53E05,1.85000000E+2,
4.54E05,1.74000000E+2,
4.55E05,1.92000000E+2,
4.56E05,1.86000000E+2,
4.57E05,2.06000000E+2,
4.58E05,2.13000000E+2,
4.59E05,1.92000000E+2,
4.6E05,1.89000000E+2,
4.61E05,1.84000000E+2,
4.62E05,1.95000000E+2,
4.63E05,1.75000000E+2,
4.64E05,1.99000000E+2,
4.65E05,1.93000000E+2,
4.66E05,2.13000000E+2,
4.67E05,1.81000000E+2,
4.68E05,1.98000000E+2,
4.69E05,1.86000000E+2,
4.7E05,1.71000000E+2,
4.71E05,1.74000000E+2,
4.72E05,1.84000000E+2,
4.73E05,1.91000000E+2,
4.74E05,1.76000000E+2,
4.75E05,2.04000000E+2,
4.76E05,1.84000000E+2,
4.77E05,1.72000000E+2,
4.78E05,1.90000000E+2,
4.79E05,1.78000000E+2,
4.8E05,1.84000000E+2,
4.81E05,1.99000000E+2,
4.82E05,1.75000000E+2,
4.83E05,1.76000000E+2,
4.84E05,1.93000000E+2,
4.85E05,1.82000000E+2,
4.86E05,2.00000000E+2,
4.87E05,1.94000000E+2,
4.88E05,1.80000000E+2,
4.89E05,1.87000000E+2,
4.9E05,1.97000000E+2,
4.91E05,1.85000000E+2,
4.92E05,1.88000000E+2,
4.93E05,1.71000000E+2,
4.94E05,1.91000000E+2,
4.95E05,1.81000000E+2,
4.96E05,1.77000000E+2,
4.97E05,1.70000000E+2,
4.98E05,1.71000000E+2,
4.99E05,1.72000000E+2,
5E05,1.77000000E+2,
5.01E05,1.82000000E+2,
5.02E05,1.87000000E+2,
5.03E05,1.75000000E+2,
5.04E05,1.69000000E+2,
5.05E05,1.69000000E+2,
5.06E05,1.59000000E+2,
5.07E05,1.59000000E+2,
5.08E05,1.88000000E+2,
5.09E05,1.71000000E+2,
5.1E05,1.48000000E+2,
5.11E05,1.75000000E+2,
5.12E05,1.60000000E+2,
5.13E05,1.83000000E+2,
5.14E05,1.72000000E+2,
5.15E05,1.56000000E+2,
5.16E05,1.79000000E+2,
5.17E05,1.82000000E+2,
5.18E05,1.71000000E+2,
5.19E05,1.96000000E+2,
5.2E05,1.84000000E+2,
5.21E05,1.84000000E+2,
5.22E05,1.89000000E+2,
5.23E05,1.90000000E+2,
5.24E05,1.71000000E+2,
5.25E05,1.56000000E+2,
5.26E05,1.87000000E+2,
5.27E05,1.76000000E+2,
5.28E05,1.95000000E+2,
5.29E05,1.63000000E+2,
5.3E05,1.74000000E+2,
5.31E05,1.73000000E+2,
5.32E05,1.67000000E+2,
5.33E05,1.73000000E+2,
5.34E05,1.91000000E+2,
5.35E05,1.64000000E+2,
5.36E05,1.63000000E+2,
5.37E05,1.79000000E+2,
5.38E05,1.62000000E+2,
5.39E05,1.84000000E+2,
5.4E05,1.84000000E+2,
5.41E05,1.88000000E+2,
5.42E05,1.69000000E+2,
5.43E05,1.55000000E+2,
5.44E05,1.85000000E+2,
5.45E05,1.62000000E+2,
5.46E05,1.52000000E+2,
5.47E05,1.69000000E+2,
5.48E05,1.60000000E+2,
5.49E05,1.70000000E+2,
5.5E05,1.55000000E+2,
5.51E05,1.57000000E+2,
5.52E05,1.76000000E+2,
5.53E05,1.93000000E+2,
5.54E05,1.59000000E+2,
5.55E05,1.53000000E+2,
5.56E05,1.54000000E+2,
5.57E05,1.52000000E+2,
5.58E05,1.84000000E+2,
5.59E05,1.81000000E+2,
5.6E05,1.76000000E+2,
5.61E05,1.75000000E+2,
5.62E05,1.63000000E+2,
5.63E05,1.77000000E+2,
5.64E05,1.72000000E+2,
5.65E05,1.79000000E+2,
5.66E05,1.56000000E+2,
5.67E05,1.56000000E+2,
5.68E05,1.80000000E+2,
5.69E05,1.41000000E+2,
5.7E05,1.67000000E+2,
5.71E05,1.65000000E+2,
5.72E05,1.82000000E+2,
5.73E05,1.78000000E+2,
5.74E05,1.55000000E+2,
5.75E05,1.55000000E+2,
5.76E05,1.64000000E+2,
5.77E05,1.65000000E+2,
5.78E05,1.68000000E+2,
5.79E05,1.66000000E+2,
5.8E05,1.59000000E+2,
5.81E05,1.64000000E+2,
5.82E05,1.89000000E+2,
5.83E05,1.45000000E+2,
5.84E05,1.75000000E+2,
5.85E05,1.75000000E+2,
5.86E05,1.63000000E+2,
5.87E05,1.84000000E+2,
5.88E05,1.51000000E+2,
5.89E05,1.71000000E+2,
5.9E05,1.68000000E+2,
5.91E05,1.70000000E+2,
5.92E05,1.74000000E+2,
5.93E05,1.65000000E+2,
5.94E05,1.72000000E+2,
5.95E05,1.70000000E+2,
5.96E05,1.51000000E+2,
5.97E05,1.40000000E+2,
5.98E05,1.72000000E+2,
5.99E05,1.63000000E+2,
6E05,1.50000000E+2,
6.01E05,1.61000000E+2,
6.02E05,1.71000000E+2,
6.03E05,1.80000000E+2,
6.04E05,1.67000000E+2,
6.05E05,1.93000000E+2,
6.06E05,1.75000000E+2,
6.07E05,1.64000000E+2,
6.08E05,1.84000000E+2,
6.09E05,1.66000000E+2,
6.1E05,1.55000000E+2,
6.11E05,1.75000000E+2,
6.12E05,1.56000000E+2,
6.13E05,1.57000000E+2,
6.14E05,1.52000000E+2,
6.15E05,1.59000000E+2,
6.16E05,1.62000000E+2,
6.17E05,1.52000000E+2,
6.18E05,1.57000000E+2,
6.19E05,1.60000000E+2,
6.2E05,1.59000000E+2,
6.21E05,1.40000000E+2,
6.22E05,1.62000000E+2,
6.23E05,1.52000000E+2,
6.24E05,1.80000000E+2,
6.25E05,1.50000000E+2,
6.26E05,1.56000000E+2,
6.27E05,1.85000000E+2,
6.28E05,1.48000000E+2,
6.29E05,1.65000000E+2,
6.3E05,1.51000000E+2,
6.31E05,1.75000000E+2,
6.32E05,1.60000000E+2,
6.33E05,1.74000000E+2,
6.34E05,1.73000000E+2,
6.35E05,1.61000000E+2,
6.36E05,1.57000000E+2,
6.37E05,1.53000000E+2,
6.38E05,1.53000000E+2,
6.39E05,1.71000000E+2,
6.4E05,1.64000000E+2,
6.41E05,1.59000000E+2,
6.42E05,1.56000000E+2,
6.43E05,1.90000000E+2,
6.44E05,1.83000000E+2,
6.45E05,1.54000000E+2,
6.46E05,1.39000000E+2,
6.47E05,1.64000000E+2,
6.48E05,1.55000000E+2,
6.49E05,1.54000000E+2,
6.5E05,1.76000000E+2,
6.51E05,1.41000000E+2,
6.52E05,1.47000000E+2,
6.53E05,1.64000000E+2,
6.54E05,1.62000000E+2,
6.55E05,1.55000000E+2,
6.56E05,1.40000000E+2,
6.57E05,1.61000000E+2,
6.58E05,1.48000000E+2,
6.59E05,1.88000000E+2,
6.6E05,1.32000000E+2,
6.61E05,1.50000000E+2,
6.62E05,1.56000000E+2,
6.63E05,1.71000000E+2,
6.64E05,1.57000000E+2,
6.65E05,1.54000000E+2,
6.66E05,1.46000000E+2,
6.67E05,1.57000000E+2,
6.68E05,1.59000000E+2,
6.69E05,1.65000000E+2,
6.7E05,1.37000000E+2,
6.71E05,1.58000000E+2,
6.72E05,1.64000000E+2,
6.73E05,1.57000000E+2,
6.74E05,1.55000000E+2,
6.75E05,1.59000000E+2,
6.76E05,1.44000000E+2,
6.77E05,1.57000000E+2,
6.78E05,1.80000000E+2,
6.79E05,1.55000000E+2,
6.8E05,1.90000000E+2,
6.81E05,1.70000000E+2,
6.82E05,1.57000000E+2,
6.83E05,1.65000000E+2,
6.84E05,1.42000000E+2,
6.85E05,1.63000000E+2,
6.86E05,1.54000000E+2,
6.87E05,1.52000000E+2,
6.88E05,1.45000000E+2,
6.89E05,1.64000000E+2,
6.9E05,1.57000000E+2,
6.91E05,1.52000000E+2,
6.92E05,1.58000000E+2,
6.93E05,1.32000000E+2,
6.94E05,1.46000000E+2,
6.95E05,1.58000000E+2,
6.96E05,1.62000000E+2,
6.97E05,1.75000000E+2,
6.98E05,1.57000000E+2,
6.99E05,1.58000000E+2,
7E05,1.65000000E+2,
7.01E05,1.54000000E+2,
7.02E05,1.58000000E+2,
7.03E05,1.57000000E+2,
7.04E05,1.70000000E+2,
7.05E05,1.54000000E+2,
7.06E05,1.51000000E+2,
7.07E05,1.70000000E+2,
7.08E05,1.52000000E+2,
7.09E05,1.53000000E+2,
7.1E05,1.41000000E+2,
7.11E05,1.79000000E+2,
7.12E05,1.47000000E+2,
7.13E05,1.49000000E+2,
7.14E05,1.56000000E+2,
7.15E05,1.59000000E+2,
7.16E05,1.78000000E+2,
7.17E05,1.52000000E+2,
7.18E05,1.84000000E+2,
7.19E05,1.73000000E+2,
7.2E05,1.64000000E+2,
7.21E05,1.76000000E+2,
7.22E05,1.54000000E+2,
7.23E05,1.59000000E+2,
7.24E05,1.58000000E+2,
7.25E05,1.57000000E+2,
7.26E05,1.66000000E+2,
7.27E05,1.53000000E+2,
7.28E05,1.55000000E+2,
7.29E05,1.51000000E+2,
7.3E05,1.69000000E+2,
7.31E05,1.43000000E+2,
7.32E05,1.53000000E+2,
7.33E05,1.62000000E+2,
7.34E05,1.40000000E+2,
7.35E05,1.57000000E+2,
7.36E05,1.56000000E+2,
7.37E05,1.53000000E+2,
7.38E05,1.49000000E+2,
7.39E05,1.81000000E+2,
7.4E05,1.62000000E+2,
7.41E05,1.53000000E+2,
7.42E05,1.71000000E+2,
7.43E05,1.46000000E+2,
7.44E05,1.84000000E+2,
7.45E05,1.60000000E+2,
7.46E05,1.66000000E+2,
7.47E05,1.63000000E+2,
7.48E05,1.53000000E+2,
7.49E05,1.59000000E+2,
7.5E05,1.65000000E+2,
7.51E05,1.55000000E+2,
7.52E05,1.62000000E+2,
7.53E05,1.54000000E+2,
7.54E05,1.51000000E+2,
7.55E05,1.78000000E+2,
7.56E05,1.59000000E+2,
7.57E05,1.53000000E+2,
7.58E05,1.64000000E+2,
7.59E05,1.60000000E+2,
7.6E05,1.68000000E+2,
7.61E05,1.44000000E+2,
7.62E05,1.65000000E+2,
7.63E05,1.26000000E+2,
7.64E05,1.39000000E+2,
7.65E05,1.41000000E+2,
7.66E05,1.40000000E+2,
7.67E05,1.55000000E+2,
7.68E05,1.30000000E+2,
7.69E05,1.57000000E+2,
7.7E05,1.62000000E+2,
7.71E05,1.60000000E+2,
7.72E05,1.42000000E+2,
7.73E05,1.52000000E+2,
7.74E05,1.58000000E+2,
7.75E05,1.56000000E+2,
7.76E05,1.57000000E+2,
7.77E05,1.33000000E+2,
7.78E05,1.62000000E+2,
7.79E05,1.56000000E+2,
7.8E05,1.52000000E+2,
7.81E05,1.58000000E+2,
7.82E05,1.47000000E+2,
7.83E05,1.58000000E+2,
7.84E05,1.40000000E+2,
7.85E05,1.69000000E+2,
7.86E05,1.50000000E+2,
7.87E05,1.45000000E+2,
7.88E05,1.52000000E+2,
7.89E05,1.53000000E+2,
7.9E05,1.47000000E+2,
7.91E05,1.69000000E+2,
7.92E05,1.46000000E+2,
7.93E05,1.77000000E+2,
7.94E05,1.44000000E+2,
7.95E05,1.46000000E+2,
7.96E05,1.73000000E+2,
7.97E05,1.66000000E+2,
7.98E05,1.51000000E+2,
7.99E05,1.34000000E+2,
8E05,1.40000000E+2,
8.01E05,1.49000000E+2,
8.02E05,1.60000000E+2,
8.03E05,1.32000000E+2,
8.04E05,1.49000000E+2,
8.05E05,1.67000000E+2,
8.06E05,1.80000000E+2,
8.07E05,1.59000000E+2,
8.08E05,1.28000000E+2,
8.09E05,1.54000000E+2,
8.1E05,1.58000000E+2,
8.11E05,1.61000000E+2,
8.12E05,1.72000000E+2,
8.13E05,1.30000000E+2,
8.14E05,1.41000000E+2,
8.15E05,1.67000000E+2,
8.16E05,1.63000000E+2,
8.17E05,1.61000000E+2,
8.18E05,1.65000000E+2,
8.19E05,1.63000000E+2,
8.2E05,1.56000000E+2,
8.21E05,1.55000000E+2,
8.22E05,1.46000000E+2,
8.23E05,1.61000000E+2,
8.24E05,1.20000000E+2,
8.25E05,1.49000000E+2,
8.26E05,1.30000000E+2,
8.27E05,1.49000000E+2,
8.28E05,1.56000000E+2,
8.29E05,1.52000000E+2,
8.3E05,1.67000000E+2,
8.31E05,1.59000000E+2,
8.32E05,1.62000000E+2,
8.33E05,1.47000000E+2,
8.34E05,1.74000000E+2,
8.35E05,1.55000000E+2,
8.36E05,1.72000000E+2,
8.37E05,1.76000000E+2,
8.38E05,1.70000000E+2,
8.39E05,1.70000000E+2,
8.4E05,1.80000000E+2,
8.41E05,1.72000000E+2,
8.42E05,1.67000000E+2,
8.43E05,1.60000000E+2,
8.44E05,1.50000000E+2,
8.45E05,1.66000000E+2,
8.46E05,1.43000000E+2,
8.47E05,1.57000000E+2,
8.48E05,1.89000000E+2,
8.49E05,1.44000000E+2,
8.5E05,1.75000000E+2,
8.51E05,1.46000000E+2,
8.52E05,1.60000000E+2,
8.53E05,1.54000000E+2,
8.54E05,1.80000000E+2,
8.55E05,1.49000000E+2,
8.56E05,1.53000000E+2,
8.57E05,1.53000000E+2,
8.58E05,1.55000000E+2,
8.59E05,1.51000000E+2,
8.6E05,1.63000000E+2,
8.61E05,1.44000000E+2,
8.62E05,1.64000000E+2,
8.63E05,1.55000000E+2,
8.64E05,1.76000000E+2,
8.65E05,1.50000000E+2,
8.66E05,1.53000000E+2,
8.67E05,1.55000000E+2,
8.68E05,1.67000000E+2,
8.69E05,1.64000000E+2,
8.7E05,1.64000000E+2,
8.71E05,1.44000000E+2,
8.72E05,1.72000000E+2,
8.73E05,1.46000000E+2,
8.74E05,1.53000000E+2,
8.75E05,1.57000000E+2,
8.76E05,1.79000000E+2,
8.77E05,1.69000000E+2,
8.78E05,1.60000000E+2,
8.79E05,1.60000000E+2,
8.8E05,1.47000000E+2,
8.81E05,1.41000000E+2,
8.82E05,1.60000000E+2,
8.83E05,1.55000000E+2,
8.84E05,1.64000000E+2,
8.85E05,1.37000000E+2,
8.86E05,1.61000000E+2,
8.87E05,1.36000000E+2,
8.88E05,1.59000000E+2,
8.89E05,1.69000000E+2,
8.9E05,1.49000000E+2,
8.91E05,1.74000000E+2,
8.92E05,1.68000000E+2,
8.93E05,1.59000000E+2,
8.94E05,1.48000000E+2,
8.95E05,1.44000000E+2,
8.96E05,1.52000000E+2,
8.97E05,1.58000000E+2,
8.98E05,1.46000000E+2,
8.99E05,1.69000000E+2,
9E05,1.37000000E+2,
9.01E05,1.46000000E+2,
9.02E05,1.55000000E+2,
9.03E05,1.40000000E+2,
9.04E05,1.68000000E+2,
9.05E05,1.57000000E+2,
9.06E05,1.59000000E+2,
9.07E05,1.61000000E+2,
9.08E05,1.56000000E+2,
9.09E05,1.31000000E+2,
9.1E05,1.30000000E+2,
9.11E05,1.58000000E+2,
9.12E05,1.57000000E+2,
9.13E05,1.40000000E+2,
9.14E05,1.50000000E+2,
9.15E05,1.63000000E+2,
9.16E05,1.40000000E+2,
9.17E05,1.46000000E+2,
9.18E05,1.47000000E+2,
9.19E05,1.45000000E+2,
9.2E05,1.70000000E+2,
9.21E05,1.64000000E+2,
9.22E05,1.62000000E+2,
9.23E05,1.68000000E+2,
9.24E05,1.38000000E+2,
9.25E05,1.49000000E+2,
9.26E05,1.59000000E+2,
9.27E05,1.44000000E+2,
9.28E05,1.46000000E+2,
9.29E05,1.54000000E+2,
9.3E05,1.49000000E+2,
9.31E05,1.60000000E+2,
9.32E05,1.43000000E+2,
9.33E05,1.56000000E+2,
9.34E05,1.64000000E+2,
9.35E05,1.53000000E+2,
9.36E05,1.46000000E+2,
9.37E05,1.50000000E+2,
9.38E05,1.61000000E+2,
9.39E05,1.55000000E+2,
9.4E05,1.71000000E+2,
9.41E05,1.65000000E+2,
9.42E05,1.56000000E+2,
9.43E05,1.54000000E+2,
9.44E05,1.49000000E+2,
9.45E05,1.48000000E+2,
9.46E05,1.43000000E+2,
9.47E05,1.62000000E+2,
9.48E05,1.42000000E+2,
9.49E05,1.61000000E+2,
9.5E05,1.51000000E+2,
9.51E05,1.46000000E+2,
9.52E05,1.50000000E+2,
9.53E05,1.39000000E+2,
9.54E05,1.61000000E+2,
9.55E05,1.49000000E+2,
9.56E05,1.65000000E+2,
9.57E05,1.44000000E+2,
9.58E05,1.56000000E+2,
9.59E05,1.53000000E+2,
9.6E05,1.39000000E+2,
9.61E05,1.47000000E+2,
9.62E05,1.57000000E+2,
9.63E05,1.45000000E+2,
9.64E05,1.51000000E+2,
9.65E05,1.59000000E+2,
9.66E05,1.40000000E+2,
9.67E05,1.65000000E+2,
9.68E05,1.51000000E+2,
9.69E05,1.35000000E+2,
9.7E05,1.75000000E+2,
9.71E05,1.64000000E+2,
9.72E05,1.53000000E+2,
9.73E05,1.24000000E+2,
9.74E05,1.57000000E+2,
9.75E05,1.62000000E+2,
9.76E05,1.60000000E+2,
9.77E05,1.47000000E+2,
9.78E05,1.24000000E+2,
9.79E05,1.82000000E+2,
9.8E05,1.55000000E+2,
9.81E05,1.57000000E+2,
9.82E05,1.50000000E+2,
9.83E05,1.50000000E+2,
9.84E05,1.51000000E+2,
9.85E05,1.37000000E+2,
9.86E05,1.49000000E+2,
9.87E05,1.37000000E+2,
9.88E05,1.36000000E+2,
9.89E05,1.35000000E+2,
9.9E05,1.36000000E+2,
9.91E05,1.72000000E+2,
9.92E05,1.75000000E+2,
9.93E05,1.54000000E+2,
9.94E05,1.65000000E+2,
9.95E05,1.43000000E+2,
9.96E05,1.61000000E+2,
9.97E05,1.63000000E+2,
9.98E05,1.46000000E+2,
9.99E05,1.70000000E+2,
1E06,1.62000000E+2,
1.001E006,1.75000000E+2,
1.002E006,1.46000000E+2,
1.003E006,1.72000000E+2,
1.004E006,1.56000000E+2,
1.005E006,1.46000000E+2,
1.006E006,1.56000000E+2,
1.007E006,1.44000000E+2,
1.008E006,1.61000000E+2,
1.009E006,1.40000000E+2,
1.01E06,1.52000000E+2,
1.011E006,1.50000000E+2,
1.012E006,1.37000000E+2,
1.013E006,1.20000000E+2,
1.014E006,1.59000000E+2,
1.015E006,1.47000000E+2,
1.016E006,1.67000000E+2,
1.017E006,1.61000000E+2,
1.018E006,1.67000000E+2,
1.019E006,1.62000000E+2,
1.02E06,1.50000000E+2,
1.021E006,1.54000000E+2,
1.022E006,1.53000000E+2,
1.023E006,1.65000000E+2,
1.024E006,1.34000000E+2,
1.025E006,1.28000000E+2,
1.026E006,1.39000000E+2,
1.027E006,1.56000000E+2,
1.028E006,1.68000000E+2,
1.029E006,1.24000000E+2,
1.03E06,1.48000000E+2,
1.031E006,1.31000000E+2,
1.032E006,1.51000000E+2,
1.033E006,1.49000000E+2,
1.034E006,1.60000000E+2,
1.035E006,1.45000000E+2,
1.036E006,1.57000000E+2,
1.037E006,1.63000000E+2,
1.038E006,1.51000000E+2,
1.039E006,1.46000000E+2,
1.04E06,1.70000000E+2,
1.041E006,1.60000000E+2,
1.042E006,1.42000000E+2,
1.043E006,1.78000000E+2,
1.044E006,1.62000000E+2,
1.045E006,1.52000000E+2,
1.046E006,1.62000000E+2,
1.047E006,1.40000000E+2,
1.048E006,1.40000000E+2,
1.049E006,1.53000000E+2,
1.05E06,1.70000000E+2,
1.051E006,1.61000000E+2,
1.052E006,1.41000000E+2,
1.053E006,1.40000000E+2,
1.054E006,1.29000000E+2,
1.055E006,1.59000000E+2,
1.056E006,1.56000000E+2,
1.057E006,1.59000000E+2,
1.058E006,1.57000000E+2,
1.059E006,1.67000000E+2,
1.06E06,1.55000000E+2,
1.061E006,1.44000000E+2,
1.062E006,1.43000000E+2,
1.063E006,1.47000000E+2,
1.064E006,1.38000000E+2,
1.065E006,1.69000000E+2,
1.066E006,1.44000000E+2,
1.067E006,1.78000000E+2,
1.068E006,1.85000000E+2,
1.069E006,1.40000000E+2,
1.07E06,1.45000000E+2,
1.071E006,1.62000000E+2,
1.072E006,1.50000000E+2,
1.073E006,1.51000000E+2,
1.074E006,1.44000000E+2,
1.075E006,1.48000000E+2,
1.076E006,1.59000000E+2,
1.077E006,1.62000000E+2,
1.078E006,1.61000000E+2,
1.079E006,1.58000000E+2,
1.08E06,1.46000000E+2,
1.081E006,1.56000000E+2,
1.082E006,1.63000000E+2,
1.083E006,1.79000000E+2,
1.084E006,1.40000000E+2,
1.085E006,1.48000000E+2,
1.086E006,1.64000000E+2,
1.087E006,1.56000000E+2,
1.088E006,1.55000000E+2,
1.089E006,1.44000000E+2,
1.09E06,1.61000000E+2,
1.091E006,1.37000000E+2,
1.092E006,1.48000000E+2,
1.093E006,1.55000000E+2,
1.094E006,1.51000000E+2,
1.095E006,1.68000000E+2,
1.096E006,1.54000000E+2,
1.097E006,1.69000000E+2,
1.098E006,1.65000000E+2,
1.099E006,1.41000000E+2,
1.1E06,1.58000000E+2,
1.101E006,1.53000000E+2,
1.102E006,1.56000000E+2,
1.103E006,1.69000000E+2,
1.104E006,1.66000000E+2,
1.105E006,1.63000000E+2,
1.106E006,1.64000000E+2,
1.107E006,1.56000000E+2,
1.108E006,1.44000000E+2,
1.109E006,1.70000000E+2,
1.11E06,1.59000000E+2,
1.111E006,1.52000000E+2,
1.112E006,1.63000000E+2,
1.113E006,1.30000000E+2,
1.114E006,1.49000000E+2,
1.115E006,1.58000000E+2,
1.116E006,1.58000000E+2,
1.117E006,1.47000000E+2,
1.118E006,1.31000000E+2,
1.119E006,1.65000000E+2,
1.12E06,1.60000000E+2,
1.121E006,1.66000000E+2,
1.122E006,1.43000000E+2,
1.123E006,1.58000000E+2,
1.124E006,1.35000000E+2,
1.125E006,1.74000000E+2,
1.126E006,1.42000000E+2,
1.127E006,1.45000000E+2,
1.128E006,1.31000000E+2,
1.129E006,1.45000000E+2,
1.13E06,1.64000000E+2,
1.131E006,1.39000000E+2,
1.132E006,1.67000000E+2,
1.133E006,1.38000000E+2,
1.134E006,1.46000000E+2,
1.135E006,1.42000000E+2,
1.136E006,1.42000000E+2,
1.137E006,1.57000000E+2,
1.138E006,1.41000000E+2,
1.139E006,1.43000000E+2,
1.14E06,1.57000000E+2,
1.141E006,1.36000000E+2,
1.142E006,1.75000000E+2,
1.143E006,1.63000000E+2,
1.144E006,1.45000000E+2,
1.145E006,1.49000000E+2,
1.146E006,1.50000000E+2,
1.147E006,1.60000000E+2,
1.148E006,1.49000000E+2,
1.149E006,1.72000000E+2,
1.15E06,1.47000000E+2,
1.151E006,1.30000000E+2,
1.152E006,1.57000000E+2,
1.153E006,1.73000000E+2,
1.154E006,1.81000000E+2,
1.155E006,1.53000000E+2,
1.156E006,1.36000000E+2,
1.157E006,1.49000000E+2,
1.158E006,1.69000000E+2,
1.159E006,1.60000000E+2,
1.16E06,1.40000000E+2,
1.161E006,1.69000000E+2,
1.162E006,1.60000000E+2,
1.163E006,1.55000000E+2,
1.164E006,1.43000000E+2,
1.165E006,1.53000000E+2,
1.166E006,1.41000000E+2,
1.167E006,1.69000000E+2,
1.168E006,1.28000000E+2,
1.169E006,1.67000000E+2,
1.17E06,1.75000000E+2,
1.171E006,1.28000000E+2,
1.172E006,1.86000000E+2,
1.173E006,1.47000000E+2,
1.174E006,1.61000000E+2,
1.175E006,1.76000000E+2,
1.176E006,1.49000000E+2,
1.177E006,1.65000000E+2,
1.178E006,1.51000000E+2,
1.179E006,1.70000000E+2,
1.18E06,1.50000000E+2,
1.181E006,1.60000000E+2,
1.182E006,1.85000000E+2,
1.183E006,1.47000000E+2,
1.184E006,1.51000000E+2,
1.185E006,1.55000000E+2,
1.186E006,1.42000000E+2,
1.187E006,1.47000000E+2,
1.188E006,1.49000000E+2,
1.189E006,1.41000000E+2,
1.19E06,1.40000000E+2,
1.191E006,1.76000000E+2,
1.192E006,1.33000000E+2,
1.193E006,1.59000000E+2,
1.194E006,1.55000000E+2,
1.195E006,1.42000000E+2,
1.196E006,1.36000000E+2,
1.197E006,1.55000000E+2,
1.198E006,1.75000000E+2,
1.199E006,1.56000000E+2,
1.2E06,1.40000000E+2,
1.201E006,1.42000000E+2,
1.202E006,1.55000000E+2,
1.203E006,1.52000000E+2,
1.204E006,1.76000000E+2,
1.205E006,1.40000000E+2,
1.206E006,1.46000000E+2,
1.207E006,1.48000000E+2,
1.208E006,1.44000000E+2,
1.209E006,1.55000000E+2,
1.21E06,1.42000000E+2,
1.211E006,1.40000000E+2,
1.212E006,1.51000000E+2,
1.213E006,1.47000000E+2,
1.214E006,1.44000000E+2,
1.215E006,1.48000000E+2,
1.216E006,1.58000000E+2,
1.217E006,1.51000000E+2,
1.218E006,1.38000000E+2,
1.219E006,1.75000000E+2,
1.22E06,1.20000000E+2,
1.221E006,1.68000000E+2,
1.222E006,1.78000000E+2,
1.223E006,1.53000000E+2,
1.224E006,1.63000000E+2,
1.225E006,1.42000000E+2,
1.226E006,1.35000000E+2,
1.227E006,1.35000000E+2,
1.228E006,1.57000000E+2,
1.229E006,1.36000000E+2,
1.23E06,1.60000000E+2,
1.231E006,1.62000000E+2,
1.232E006,1.51000000E+2,
1.233E006,1.54000000E+2,
1.234E006,1.86000000E+2,
1.235E006,1.56000000E+2,
1.236E006,1.73000000E+2,
1.237E006,1.68000000E+2,
1.238E006,1.49000000E+2,
1.239E006,1.62000000E+2,
1.24E06,1.46000000E+2,
1.241E006,1.51000000E+2,
1.242E006,1.69000000E+2,
1.243E006,1.55000000E+2,
1.244E006,1.81000000E+2,
1.245E006,1.45000000E+2,
1.246E006,1.48000000E+2,
1.247E006,1.60000000E+2,
1.248E006,1.44000000E+2,
1.249E006,1.64000000E+2,
1.25E06,1.40000000E+2,
1.251E006,1.70000000E+2,
1.252E006,1.75000000E+2,
1.253E006,1.32000000E+2,
1.254E006,1.55000000E+2,
1.255E006,1.76000000E+2,
1.256E006,1.57000000E+2,
1.257E006,1.63000000E+2,
1.258E006,1.45000000E+2,
1.259E006,1.62000000E+2,
1.26E06,1.48000000E+2,
1.261E006,1.46000000E+2,
1.262E006,1.33000000E+2,
1.263E006,1.74000000E+2,
1.264E006,1.61000000E+2,
1.265E006,1.73000000E+2,
1.266E006,1.67000000E+2,
1.267E006,1.37000000E+2,
1.268E006,1.74000000E+2,
1.269E006,1.58000000E+2,
1.27E06,1.54000000E+2,
1.271E006,1.37000000E+2,
1.272E006,1.59000000E+2,
1.273E006,1.36000000E+2,
1.274E006,1.49000000E+2,
1.275E006,1.67000000E+2,
1.276E006,1.72000000E+2,
1.277E006,1.43000000E+2,
1.278E006,1.52000000E+2,
1.279E006,1.53000000E+2,
1.28E06,1.52000000E+2,
1.281E006,1.84000000E+2,
1.282E006,1.59000000E+2,
1.283E006,1.62000000E+2,
1.284E006,1.58000000E+2,
1.285E006,1.45000000E+2,
1.286E006,1.49000000E+2,
1.287E006,1.50000000E+2,
1.288E006,1.55000000E+2,
1.289E006,1.54000000E+2,
1.29E06,1.38000000E+2,
1.291E006,1.52000000E+2,
1.292E006,1.60000000E+2,
1.293E006,1.44000000E+2,
1.294E006,1.58000000E+2,
1.295E006,1.57000000E+2,
1.296E006,1.69000000E+2,
1.297E006,1.60000000E+2,
1.298E006,1.75000000E+2,
1.299E006,1.75000000E+2,
1.3E06,1.41000000E+2,
1.301E006,1.68000000E+2,
1.302E006,1.51000000E+2,
1.303E006,1.54000000E+2,
1.304E006,1.40000000E+2,
1.305E006,1.71000000E+2,
1.306E006,1.37000000E+2,
1.307E006,1.52000000E+2,
1.308E006,1.58000000E+2,
1.309E006,1.51000000E+2,
1.31E06,1.48000000E+2,
1.311E006,1.58000000E+2,
1.312E006,1.51000000E+2,
1.313E006,1.19000000E+2,
1.314E006,1.17000000E+2,
1.315E006,1.58000000E+2,
1.316E006,1.60000000E+2,
1.317E006,1.56000000E+2,
1.318E006,1.56000000E+2,
1.319E006,1.60000000E+2,
1.32E06,1.61000000E+2,
1.321E006,1.36000000E+2,
1.322E006,1.67000000E+2,
1.323E006,1.59000000E+2,
1.324E006,1.47000000E+2,
1.325E006,1.76000000E+2,
1.326E006,1.47000000E+2,
1.327E006,1.47000000E+2,
1.328E006,1.60000000E+2,
1.329E006,1.71000000E+2,
1.33E06,1.30000000E+2,
1.331E006,1.53000000E+2,
1.332E006,1.61000000E+2,
1.333E006,1.67000000E+2,
1.334E006,1.50000000E+2,
1.335E006,1.71000000E+2,
1.336E006,1.49000000E+2,
1.337E006,1.59000000E+2,
1.338E006,1.29000000E+2,
1.339E006,1.76000000E+2,
1.34E06,1.52000000E+2,
1.341E006,1.50000000E+2,
1.342E006,1.71000000E+2,
1.343E006,1.65000000E+2,
1.344E006,1.55000000E+2,
1.345E006,1.49000000E+2,
1.346E006,1.77000000E+2,
1.347E006,1.48000000E+2,
1.348E006,1.84000000E+2,
1.349E006,1.32000000E+2,
1.35E06,1.54000000E+2,
1.351E006,1.45000000E+2,
1.352E006,1.51000000E+2,
1.353E006,1.67000000E+2,
1.354E006,1.61000000E+2,
1.355E006,1.50000000E+2,
1.356E006,1.60000000E+2,
1.357E006,1.42000000E+2,
1.358E006,1.50000000E+2,
1.359E006,1.27000000E+2,
1.36E06,1.67000000E+2,
1.361E006,1.74000000E+2,
1.362E006,1.40000000E+2,
1.363E006,1.61000000E+2,
1.364E006,1.43000000E+2,
1.365E006,1.41000000E+2,
1.366E006,1.59000000E+2,
1.367E006,1.55000000E+2,
1.368E006,1.78000000E+2,
1.369E006,1.24000000E+2,
1.37E06,1.63000000E+2,
1.371E006,1.51000000E+2,
1.372E006,1.48000000E+2,
1.373E006,1.44000000E+2,
1.374E006,1.60000000E+2,
1.375E006,1.49000000E+2,
1.376E006,1.43000000E+2,
1.377E006,1.77000000E+2,
1.378E006,1.62000000E+2,
1.379E006,1.63000000E+2,
1.38E06,1.43000000E+2,
1.381E006,1.51000000E+2,
1.382E006,1.40000000E+2,
1.383E006,1.51000000E+2,
1.384E006,1.52000000E+2,
1.385E006,1.53000000E+2,
1.386E006,1.31000000E+2,
1.387E006,1.30000000E+2,
1.388E006,1.57000000E+2,
1.389E006,1.61000000E+2,
1.39E06,1.54000000E+2,
1.391E006,1.46000000E+2,
1.392E006,1.55000000E+2,
1.393E006,1.52000000E+2,
1.394E006,1.46000000E+2,
1.395E006,1.60000000E+2,
1.396E006,1.48000000E+2,
1.397E006,1.47000000E+2,
1.398E006,1.79000000E+2,
1.399E006,1.34000000E+2,
1.4E06,1.41000000E+2,
1.401E006,1.84000000E+2,
1.402E006,1.49000000E+2,
1.403E006,1.72000000E+2,
1.404E006,1.60000000E+2,
1.405E006,1.49000000E+2,
1.406E006,1.57000000E+2,
1.407E006,1.54000000E+2,
1.408E006,1.32000000E+2,
1.409E006,1.67000000E+2,
1.41E06,1.51000000E+2,
1.411E006,1.34000000E+2,
1.412E006,1.55000000E+2,
1.413E006,1.59000000E+2,
1.414E006,1.43000000E+2,
1.415E006,1.38000000E+2,
1.416E006,1.56000000E+2,
1.417E006,1.61000000E+2,
1.418E006,1.70000000E+2,
1.419E006,1.63000000E+2,
1.42E06,1.74000000E+2,
1.421E006,1.62000000E+2,
1.422E006,1.41000000E+2,
1.423E006,1.47000000E+2,
1.424E006,1.50000000E+2,
1.425E006,1.64000000E+2,
1.426E006,1.57000000E+2,
1.427E006,1.49000000E+2,
1.428E006,1.38000000E+2,
1.429E006,1.29000000E+2,
1.43E06,1.68000000E+2,
1.431E006,1.61000000E+2,
1.432E006,1.55000000E+2,
1.433E006,1.77000000E+2,
1.434E006,1.60000000E+2,
1.435E006,1.33000000E+2,
1.436E006,1.50000000E+2,
1.437E006,1.57000000E+2,
1.438E006,1.62000000E+2,
1.439E006,1.51000000E+2,
1.44E06,1.46000000E+2,
1.441E006,1.52000000E+2,
1.442E006,1.26000000E+2,
1.443E006,1.58000000E+2,
1.444E006,1.54000000E+2,
1.445E006,1.36000000E+2,
1.446E006,1.61000000E+2,
1.447E006,1.53000000E+2,
1.448E006,1.30000000E+2,
1.449E006,1.51000000E+2,
1.45E06,1.26000000E+2,
1.451E006,1.27000000E+2,
1.452E006,1.40000000E+2,
1.453E006,1.52000000E+2,
1.454E006,1.41000000E+2,
1.455E006,1.49000000E+2,
1.456E006,1.36000000E+2,
1.457E006,1.49000000E+2,
1.458E006,1.57000000E+2,
1.459E006,1.70000000E+2,
1.46E06,1.52000000E+2,
1.461E006,1.33000000E+2,
1.462E006,1.60000000E+2,
1.463E006,1.72000000E+2,
1.464E006,1.62000000E+2,
1.465E006,1.46000000E+2,
1.466E006,1.50000000E+2,
1.467E006,1.81000000E+2,
1.468E006,1.69000000E+2,
1.469E006,1.72000000E+2,
1.47E06,1.65000000E+2,
1.471E006,1.59000000E+2,
1.472E006,1.40000000E+2,
1.473E006,1.36000000E+2,
1.474E006,1.53000000E+2,
1.475E006,1.63000000E+2,
1.476E006,1.64000000E+2,
1.477E006,1.53000000E+2,
1.478E006,1.62000000E+2,
1.479E006,1.48000000E+2,
1.48E06,1.42000000E+2,
1.481E006,1.42000000E+2,
1.482E006,1.58000000E+2,
1.483E006,1.60000000E+2,
1.484E006,1.30000000E+2,
1.485E006,1.46000000E+2,
1.486E006,1.73000000E+2,
1.487E006,1.39000000E+2,
1.488E006,1.63000000E+2,
1.489E006,1.44000000E+2,
1.49E06,1.54000000E+2,
1.491E006,1.70000000E+2,
1.492E006,1.58000000E+2,
1.493E006,1.65000000E+2,
1.494E006,1.47000000E+2,
1.495E006,1.34000000E+2,
1.496E006,1.53000000E+2,
1.497E006,1.65000000E+2,
1.498E006,1.47000000E+2,
1.499E006,1.45000000E+2,
1.5E06,1.48000000E+2,
1.501E006,1.58000000E+2,
1.502E006,1.74000000E+2,
1.503E006,1.43000000E+2,
1.504E006,1.48000000E+2,
1.505E006,1.59000000E+2,
1.506E006,1.47000000E+2,
1.507E006,1.75000000E+2,
1.508E006,1.46000000E+2,
1.509E006,1.44000000E+2,
1.51E06,1.28000000E+2,
1.511E006,1.42000000E+2,
1.512E006,1.78000000E+2,
1.513E006,1.71000000E+2,
1.514E006,1.71000000E+2,
1.515E006,1.52000000E+2,
1.516E006,1.37000000E+2,
1.517E006,1.42000000E+2,
1.518E006,1.39000000E+2,
1.519E006,1.66000000E+2,
1.52E06,1.51000000E+2,
1.521E006,1.47000000E+2,
1.522E006,1.61000000E+2,
1.523E006,1.50000000E+2,
1.524E006,1.50000000E+2,
1.525E006,1.64000000E+2,
1.526E006,1.59000000E+2,
1.527E006,1.66000000E+2,
1.528E006,1.38000000E+2,
1.529E006,1.72000000E+2,
1.53E06,1.46000000E+2,
1.531E006,1.47000000E+2,
1.532E006,1.73000000E+2,
1.533E006,1.65000000E+2,
1.534E006,1.48000000E+2,
1.535E006,1.45000000E+2,
1.536E006,1.60000000E+2,
1.537E006,1.59000000E+2,
1.538E006,1.44000000E+2,
1.539E006,1.63000000E+2,
1.54E06,1.50000000E+2,
1.541E006,1.71000000E+2,
1.542E006,1.67000000E+2,
1.543E006,1.46000000E+2,
1.544E006,1.48000000E+2,
1.545E006,1.36000000E+2,
1.546E006,1.51000000E+2,
1.547E006,1.61000000E+2,
1.548E006,1.64000000E+2,
1.549E006,1.55000000E+2,
1.55E06,1.57000000E+2,
1.551E006,1.40000000E+2,
1.552E006,1.58000000E+2,
1.553E006,1.51000000E+2,
1.554E006,1.74000000E+2,
1.555E006,1.45000000E+2,
1.556E006,1.61000000E+2,
1.557E006,1.60000000E+2,
1.558E006,1.62000000E+2,
1.559E006,1.40000000E+2,
1.56E06,1.63000000E+2,
1.561E006,1.55000000E+2,
1.562E006,1.43000000E+2,
1.563E006,1.56000000E+2,
1.564E006,1.38000000E+2,
1.565E006,1.39000000E+2,
1.566E006,1.66000000E+2,
1.567E006,1.24000000E+2,
1.568E006,1.57000000E+2,
1.569E006,1.48000000E+2,
1.57E06,1.58000000E+2,
1.571E006,1.52000000E+2,
1.572E006,1.46000000E+2,
1.573E006,1.68000000E+2,
1.574E006,1.92000000E+2,
1.575E006,1.45000000E+2,
1.576E006,1.74000000E+2,
1.577E006,1.61000000E+2,
1.578E006,1.61000000E+2,
1.579E006,1.48000000E+2,
1.58E06,1.53000000E+2,
1.581E006,1.63000000E+2,
1.582E006,1.72000000E+2,
1.583E006,1.51000000E+2,
1.584E006,1.53000000E+2,
1.585E006,1.63000000E+2,
1.586E006,1.31000000E+2,
1.587E006,1.63000000E+2,
1.588E006,1.62000000E+2,
1.589E006,1.68000000E+2,
1.59E06,1.21000000E+2,
1.591E006,1.70000000E+2,
1.592E006,1.65000000E+2,
1.593E006,1.48000000E+2,
1.594E006,1.34000000E+2,
1.595E006,1.24000000E+2,
1.596E006,1.66000000E+2,
1.597E006,1.54000000E+2,
1.598E006,1.60000000E+2,
1.599E006,1.47000000E+2,
1.6E06,1.53000000E+2,
1.601E006,1.52000000E+2,
1.602E006,1.64000000E+2,
1.603E006,1.51000000E+2,
1.604E006,1.46000000E+2,
1.605E006,1.61000000E+2,
1.606E006,1.24000000E+2,
1.607E006,1.30000000E+2,
1.608E006,1.88000000E+2,
1.609E006,1.67000000E+2,
1.61E06,1.43000000E+2,
1.611E006,1.55000000E+2,
1.612E006,1.37000000E+2,
1.613E006,1.51000000E+2,
1.614E006,1.59000000E+2,
1.615E006,1.35000000E+2,
1.616E006,1.79000000E+2,
1.617E006,1.52000000E+2,
1.618E006,1.48000000E+2,
1.619E006,1.44000000E+2,
1.62E06,1.61000000E+2,
1.621E006,1.35000000E+2,
1.622E006,1.43000000E+2,
1.623E006,1.74000000E+2,
1.624E006,1.48000000E+2,
1.625E006,1.64000000E+2,
1.626E006,1.36000000E+2,
1.627E006,1.56000000E+2,
1.628E006,1.46000000E+2,
1.629E006,1.68000000E+2,
1.63E06,1.47000000E+2,
1.631E006,1.41000000E+2,
1.632E006,1.39000000E+2,
1.633E006,1.51000000E+2,
1.634E006,1.72000000E+2,
1.635E006,1.38000000E+2,
1.636E006,1.52000000E+2,
1.637E006,1.58000000E+2,
1.638E006,1.47000000E+2,
1.639E006,1.52000000E+2,
1.64E06,1.76000000E+2,
1.641E006,1.61000000E+2,
1.642E006,1.58000000E+2,
1.643E006,1.53000000E+2,
1.644E006,1.53000000E+2,
1.645E006,1.41000000E+2,
1.646E006,1.49000000E+2,
1.647E006,1.59000000E+2,
1.648E006,1.66000000E+2,
1.649E006,1.58000000E+2,
1.65E06,1.40000000E+2,
1.651E006,1.31000000E+2,
1.652E006,1.45000000E+2,
1.653E006,1.30000000E+2,
1.654E006,1.60000000E+2,
1.655E006,1.60000000E+2,
1.656E006,1.38000000E+2,
1.657E006,1.39000000E+2,
1.658E006,1.60000000E+2,
1.659E006,1.57000000E+2,
1.66E06,1.38000000E+2,
1.661E006,1.42000000E+2,
1.662E006,1.85000000E+2,
1.663E006,1.57000000E+2,
1.664E006,1.56000000E+2,
1.665E006,1.70000000E+2,
1.666E006,1.51000000E+2,
1.667E006,1.45000000E+2,
1.668E006,1.68000000E+2,
1.669E006,1.53000000E+2,
1.67E06,1.58000000E+2,
1.671E006,1.74000000E+2,
1.672E006,1.62000000E+2,
1.673E006,1.56000000E+2,
1.674E006,1.53000000E+2,
1.675E006,1.56000000E+2,
1.676E006,1.39000000E+2,
1.677E006,1.44000000E+2,
1.678E006,1.46000000E+2,
1.679E006,1.73000000E+2,
1.68E06,1.36000000E+2,
1.681E006,1.56000000E+2,
1.682E006,1.85000000E+2,
1.683E006,1.33000000E+2,
1.684E006,1.58000000E+2,
1.685E006,1.56000000E+2,
1.686E006,1.77000000E+2,
1.687E006,1.40000000E+2,
1.688E006,1.56000000E+2,
1.689E006,1.63000000E+2,
1.69E06,1.51000000E+2,
1.691E006,1.52000000E+2,
1.692E006,1.65000000E+2,
1.693E006,1.40000000E+2,
1.694E006,1.54000000E+2,
1.695E006,1.66000000E+2,
1.696E006,1.41000000E+2,
1.697E006,1.35000000E+2,
1.698E006,1.53000000E+2,
1.699E006,1.59000000E+2,
1.7E06,1.43000000E+2,
1.701E006,1.56000000E+2,
1.702E006,1.74000000E+2,
1.703E006,1.55000000E+2,
1.704E006,1.68000000E+2,
1.705E006,1.62000000E+2,
1.706E006,1.41000000E+2,
1.707E006,1.51000000E+2,
1.708E006,1.41000000E+2,
1.709E006,1.52000000E+2,
1.71E06,1.59000000E+2,
1.711E006,1.65000000E+2,
1.712E006,1.69000000E+2,
1.713E006,1.54000000E+2,
1.714E006,1.40000000E+2,
1.715E006,1.32000000E+2,
1.716E006,1.54000000E+2,
1.717E006,1.33000000E+2,
1.718E006,1.53000000E+2,
1.719E006,1.43000000E+2,
1.72E06,1.59000000E+2,
1.721E006,1.41000000E+2,
1.722E006,1.69000000E+2,
1.723E006,1.49000000E+2,
1.724E006,1.52000000E+2,
1.725E006,1.69000000E+2,
1.726E006,1.57000000E+2,
1.727E006,1.46000000E+2,
1.728E006,1.62000000E+2,
1.729E006,1.26000000E+2,
1.73E06,1.42000000E+2,
1.731E006,1.58000000E+2,
1.732E006,1.70000000E+2,
1.733E006,1.63000000E+2,
1.734E006,1.58000000E+2,
1.735E006,1.30000000E+2,
1.736E006,1.62000000E+2,
1.737E006,1.56000000E+2,
1.738E006,1.43000000E+2,
1.739E006,1.65000000E+2,
1.74E06,1.63000000E+2,
1.741E006,1.64000000E+2,
1.742E006,1.64000000E+2,
1.743E006,1.45000000E+2,
1.744E006,1.28000000E+2,
1.745E006,1.66000000E+2,
1.746E006,1.72000000E+2,
1.747E006,1.47000000E+2,
1.748E006,1.53000000E+2,
1.749E006,1.57000000E+2,
1.75E06,1.39000000E+2,
1.751E006,1.51000000E+2,
1.752E006,1.49000000E+2,
1.753E006,1.45000000E+2,
1.754E006,1.71000000E+2,
1.755E006,1.56000000E+2,
1.756E006,1.39000000E+2,
1.757E006,1.54000000E+2,
1.758E006,1.59000000E+2,
1.759E006,1.58000000E+2,
1.76E06,1.40000000E+2,
1.761E006,1.40000000E+2,
1.762E006,1.63000000E+2,
1.763E006,1.39000000E+2,
1.764E006,1.68000000E+2,
1.765E006,1.28000000E+2,
1.766E006,1.39000000E+2,
1.767E006,1.52000000E+2,
1.768E006,1.79000000E+2,
1.769E006,1.61000000E+2,
1.77E06,1.72000000E+2,
1.771E006,1.42000000E+2,
1.772E006,1.39000000E+2,
1.773E006,1.63000000E+2,
1.774E006,1.50000000E+2,
1.775E006,1.38000000E+2,
1.776E006,1.34000000E+2,
1.777E006,1.43000000E+2,
1.778E006,1.59000000E+2,
1.779E006,1.49000000E+2,
1.78E06,1.48000000E+2,
1.781E006,1.49000000E+2,
1.782E006,1.78000000E+2,
1.783E006,1.45000000E+2,
1.784E006,1.68000000E+2,
1.785E006,1.42000000E+2,
1.786E006,1.63000000E+2,
1.787E006,1.67000000E+2,
1.788E006,1.75000000E+2,
1.789E006,1.53000000E+2,
1.79E06,1.76000000E+2,
1.791E006,1.65000000E+2,
1.792E006,1.74000000E+2,
1.793E006,1.67000000E+2,
1.794E006,1.52000000E+2,
1.795E006,1.36000000E+2,
1.796E006,1.71000000E+2,
1.797E006,1.48000000E+2,
1.798E006,1.40000000E+2,
1.799E006,1.54000000E+2,
1.8E06,1.53000000E+2,
1.801E006,1.61000000E+2,
1.802E006,1.41000000E+2,
1.803E006,1.70000000E+2,
1.804E006,1.55000000E+2,
1.805E006,1.64000000E+2,
1.806E006,1.74000000E+2,
1.807E006,1.42000000E+2,
1.808E006,1.45000000E+2,
1.809E006,1.47000000E+2,
1.81E06,1.40000000E+2,
1.811E006,1.61000000E+2,
1.812E006,1.82000000E+2,
1.813E006,1.57000000E+2,
1.814E006,1.43000000E+2,
1.815E006,1.70000000E+2,
1.816E006,1.52000000E+2,
1.817E006,1.42000000E+2,
1.818E006,1.46000000E+2,
1.819E006,1.50000000E+2,
1.82E06,1.40000000E+2,
1.821E006,1.71000000E+2,
1.822E006,1.67000000E+2,
1.823E006,1.66000000E+2,
1.824E006,1.52000000E+2,
1.825E006,1.65000000E+2,
1.826E006,1.48000000E+2,
1.827E006,1.48000000E+2,
1.828E006,1.50000000E+2,
1.829E006,1.74000000E+2,
1.83E06,1.50000000E+2,
1.831E006,1.51000000E+2,
1.832E006,1.65000000E+2,
1.833E006,1.55000000E+2,
1.834E006,1.41000000E+2,
1.835E006,1.51000000E+2,
1.836E006,1.67000000E+2,
1.837E006,1.50000000E+2,
1.838E006,1.50000000E+2,
1.839E006,1.50000000E+2,
1.84E06,1.63000000E+2,
1.841E006,1.58000000E+2,
1.842E006,1.51000000E+2,
1.843E006,1.54000000E+2,
1.844E006,1.33000000E+2,
1.845E006,1.51000000E+2,
1.846E006,1.54000000E+2,
1.847E006,1.47000000E+2,
1.848E006,1.71000000E+2,
1.849E006,1.42000000E+2,
1.85E06,1.72000000E+2,
1.851E006,1.71000000E+2,
1.852E006,1.60000000E+2,
1.853E006,1.47000000E+2,
1.854E006,1.54000000E+2,
1.855E006,1.25000000E+2,
1.856E006,1.38000000E+2,
1.857E006,1.59000000E+2,
1.858E006,1.62000000E+2,
1.859E006,1.60000000E+2,
1.86E06,1.53000000E+2,
1.861E006,1.82000000E+2,
1.862E006,1.68000000E+2,
1.863E006,1.32000000E+2,
1.864E006,1.12000000E+2,
1.865E006,1.51000000E+2,
1.866E006,1.61000000E+2,
1.867E006,1.40000000E+2,
1.868E006,1.57000000E+2,
1.869E006,1.57000000E+2,
1.87E06,1.63000000E+2,
1.871E006,1.43000000E+2,
1.872E006,1.45000000E+2,
1.873E006,1.43000000E+2,
1.874E006,1.89000000E+2,
1.875E006,1.36000000E+2,
1.876E006,1.76000000E+2,
1.877E006,1.65000000E+2,
1.878E006,1.69000000E+2,
1.879E006,1.64000000E+2,
1.88E06,1.70000000E+2,
1.881E006,1.49000000E+2,
1.882E006,1.56000000E+2,
1.883E006,1.65000000E+2,
1.884E006,1.49000000E+2,
1.885E006,1.71000000E+2,
1.886E006,1.61000000E+2,
1.887E006,1.52000000E+2,
1.888E006,1.38000000E+2,
1.889E006,1.29000000E+2,
1.89E06,1.69000000E+2,
1.891E006,1.62000000E+2,
1.892E006,1.53000000E+2,
1.893E006,1.67000000E+2,
1.894E006,1.49000000E+2,
1.895E006,1.61000000E+2,
1.896E006,1.61000000E+2,
1.897E006,1.58000000E+2,
1.898E006,1.60000000E+2,
1.899E006,1.60000000E+2,
1.9E06,1.59000000E+2,
1.901E006,1.51000000E+2,
1.902E006,1.67000000E+2,
1.903E006,1.60000000E+2,
1.904E006,1.36000000E+2,
1.905E006,1.51000000E+2,
1.906E006,1.64000000E+2,
1.907E006,1.47000000E+2,
1.908E006,1.85000000E+2,
1.909E006,1.42000000E+2,
1.91E06,1.65000000E+2,
1.911E006,1.74000000E+2,
1.912E006,1.41000000E+2,
1.913E006,1.56000000E+2,
1.914E006,1.58000000E+2,
1.915E006,1.64000000E+2,
1.916E006,1.39000000E+2,
1.917E006,1.53000000E+2,
1.918E006,1.61000000E+2,
1.919E006,1.59000000E+2,
1.92E06,1.70000000E+2,
1.921E006,1.68000000E+2,
1.922E006,1.59000000E+2,
1.923E006,1.36000000E+2,
1.924E006,1.61000000E+2,
1.925E006,1.31000000E+2,
1.926E006,1.41000000E+2,
1.927E006,1.55000000E+2,
1.928E006,1.52000000E+2,
1.929E006,1.70000000E+2,
1.93E06,1.31000000E+2,
1.931E006,1.63000000E+2,
1.932E006,1.46000000E+2,
1.933E006,1.26000000E+2,
1.934E006,1.59000000E+2,
1.935E006,1.53000000E+2,
1.936E006,1.53000000E+2,
1.937E006,1.57000000E+2,
1.938E006,1.68000000E+2,
1.939E006,1.45000000E+2,
1.94E06,1.54000000E+2,
1.941E006,1.76000000E+2,
1.942E006,1.37000000E+2,
1.943E006,1.80000000E+2,
1.944E006,1.57000000E+2,
1.945E006,1.51000000E+2,
1.946E006,1.59000000E+2,
1.947E006,1.60000000E+2,
1.948E006,1.51000000E+2,
1.949E006,1.89000000E+2,
1.95E06,1.50000000E+2,
1.951E006,1.53000000E+2,
1.952E006,1.69000000E+2,
1.953E006,1.37000000E+2,
1.954E006,1.41000000E+2,
1.955E006,1.36000000E+2,
1.956E006,1.36000000E+2,
1.957E006,1.46000000E+2,
1.958E006,1.55000000E+2,
1.959E006,1.34000000E+2,
1.96E06,1.60000000E+2,
1.961E006,1.55000000E+2,
1.962E006,1.67000000E+2,
1.963E006,1.65000000E+2,
1.964E006,1.65000000E+2,
1.965E006,1.58000000E+2,
1.966E006,1.54000000E+2,
1.967E006,1.62000000E+2,
1.968E006,1.40000000E+2,
1.969E006,1.43000000E+2,
1.97E06,1.44000000E+2,
1.971E006,1.43000000E+2,
1.972E006,1.52000000E+2,
1.973E006,1.43000000E+2,
1.974E006,1.49000000E+2,
1.975E006,1.66000000E+2,
1.976E006,1.49000000E+2,
1.977E006,1.48000000E+2,
1.978E006,1.50000000E+2,
1.979E006,1.66000000E+2,
1.98E06,1.52000000E+2,
1.981E006,1.60000000E+2,
1.982E006,1.56000000E+2,
1.983E006,1.47000000E+2,
1.984E006,1.62000000E+2,
1.985E006,1.46000000E+2,
1.986E006,1.34000000E+2,
1.987E006,1.45000000E+2,
1.988E006,1.68000000E+2,
1.989E006,1.53000000E+2,
1.99E06,1.51000000E+2,
1.991E006,1.62000000E+2,
1.992E006,1.30000000E+2,
1.993E006,1.60000000E+2,
1.994E006,1.36000000E+2,
1.995E006,1.71000000E+2,
1.996E006,1.45000000E+2,
1.997E006,1.53000000E+2,
1.998E006,1.21000000E+2,
1.999E006,1.56000000E+2,
