Labels,100,
Type,Emission Scan,
Comment,,
Start,650.00,
Stop,1700.00,
Step,1.00,
Fixed/Offset,450.00,
Xaxis,Wavelength,
Yaxis,Counts,
Scan Corr. by File,True,
Corr. by Ref. Det.,True,
Fixed/Offset Corr. by File,False,
Repeats,1,
Dwell Time,0.10,
Lamp,Xenon,
Temp,28.650,
Scan Polariser,None,
Scan Slit,5.0999708,
Fixed/Offset Polariser,None,
Fixed/Offset Slit,5.1000133,
Detector,Det2,

650.00,5.21559448E+2,
651.00,5.67721252E+2,
652.00,6.07485474E+2,
653.00,6.43662476E+2,
654.00,6.87101868E+2,
655.00,7.45186462E+2,
656.00,8.12376465E+2,
657.00,8.77221436E+2,
658.00,9.38886658E+2,
659.00,1.00680554E+3,
660.00,1.08327820E+3,
661.00,1.16025415E+3,
662.00,1.23386255E+3,
663.00,1.30978235E+3,
664.00,1.39533923E+3,
665.00,1.49092419E+3,
666.00,1.58744946E+3,
667.00,1.67883643E+3,
668.00,1.77750684E+3,
669.00,1.90164954E+3,
670.00,2.04688196E+3,
671.00,2.18687158E+3,
672.00,2.30094678E+3,
673.00,2.39183887E+3,
674.00,2.48499512E+3,
675.00,2.61545850E+3,
676.00,2.79741113E+3,
677.00,3.00189111E+3,
678.00,3.18726343E+3,
679.00,3.35438989E+3,
680.00,3.54584619E+3,
681.00,3.78733569E+3,
682.00,4.05447900E+3,
683.00,4.30443018E+3,
684.00,4.52291602E+3,
685.00,4.72904639E+3,
686.00,4.94279004E+3,
687.00,5.16606885E+3,
688.00,5.39674609E+3,
689.00,5.64240918E+3,
690.00,5.91708789E+3,
691.00,6.23248682E+3,
692.00,6.58569287E+3,
693.00,6.95599707E+3,
694.00,7.32242480E+3,
695.00,7.67485840E+3,
696.00,8.00797363E+3,
697.00,8.32603418E+3,
698.00,8.65121680E+3,
699.00,9.00125977E+3,
700.00,9.35987402E+3,
701.00,9.69151465E+3,
702.00,9.98275391E+3,
703.00,1.02545332E+4,
704.00,1.05437246E+4,
705.00,1.08846289E+4,
706.00,1.12940742E+4,
707.00,1.17534385E+4,
708.00,1.22102090E+4,
709.00,1.26208760E+4,
710.00,1.29927646E+4,
711.00,1.33662578E+4,
712.00,1.37627051E+4,
713.00,1.41703848E+4,
714.00,1.45757725E+4,
715.00,1.49780244E+4,
716.00,1.53640391E+4,
717.00,1.57018047E+4,
718.00,1.59773320E+4,
719.00,1.62139375E+4,
720.00,1.64478906E+4,
721.00,1.67069980E+4,
722.00,1.70005977E+4,
723.00,1.73099316E+4,
724.00,1.76060430E+4,
725.00,1.78798633E+4,
726.00,1.81415879E+4,
727.00,1.84047500E+4,
728.00,1.86749258E+4,
729.00,1.89387148E+4,
730.00,1.91736602E+4,
731.00,1.93831367E+4,
732.00,1.96000449E+4,
733.00,1.98399570E+4,
734.00,2.00806406E+4,
735.00,2.03046914E+4,
736.00,2.05290879E+4,
737.00,2.07766777E+4,
738.00,2.10433359E+4,
739.00,2.13065508E+4,
740.00,2.15566484E+4,
741.00,2.18012520E+4,
742.00,2.20352461E+4,
743.00,2.22399453E+4,
744.00,2.24164355E+4,
745.00,2.25754219E+4,
746.00,2.27152344E+4,
747.00,2.28583672E+4,
748.00,2.30566289E+4,
749.00,2.33114805E+4,
750.00,2.35484785E+4,
751.00,2.37065605E+4,
752.00,2.38076016E+4,
753.00,2.39197578E+4,
754.00,2.40803008E+4,
755.00,2.42676328E+4,
756.00,2.44369316E+4,
757.00,2.45640117E+4,
758.00,2.46586465E+4,
759.00,2.47550313E+4,
760.00,2.48796602E+4,
761.00,2.50199258E+4,
762.00,2.51452344E+4,
763.00,2.52548906E+4,
764.00,2.53732949E+4,
765.00,2.55001699E+4,
766.00,2.56055449E+4,
767.00,2.56827188E+4,
768.00,2.57597480E+4,
769.00,2.58473125E+4,
770.00,2.59293711E+4,
771.00,2.60062715E+4,
772.00,2.60893457E+4,
773.00,2.61682227E+4,
774.00,2.62308359E+4,
775.00,2.62878613E+4,
776.00,2.63529082E+4,
777.00,2.64273457E+4,
778.00,2.65065273E+4,
779.00,2.65818887E+4,
780.00,2.66473320E+4,
781.00,2.67109219E+4,
782.00,2.67830000E+4,
783.00,2.68460977E+4,
784.00,2.68601680E+4,
785.00,2.68201523E+4,
786.00,2.67848633E+4,
787.00,2.68109063E+4,
788.00,2.68813691E+4,
789.00,2.69383770E+4,
790.00,2.69561367E+4,
791.00,2.69533555E+4,
792.00,2.69641094E+4,
793.00,2.70078926E+4,
794.00,2.70687109E+4,
795.00,2.71111953E+4,
796.00,2.71213281E+4,
797.00,2.71117598E+4,
798.00,2.70981523E+4,
799.00,2.70883945E+4,
800.00,2.70771816E+4,
801.00,2.70547402E+4,
802.00,2.70396680E+4,
803.00,2.70717695E+4,
804.00,2.71514883E+4,
805.00,2.72177012E+4,
806.00,2.72000254E+4,
807.00,2.70851699E+4,
808.00,2.69337773E+4,
809.00,2.68282793E+4,
810.00,2.67973750E+4,
811.00,2.68009414E+4,
812.00,2.67884531E+4,
813.00,2.67469219E+4,
814.00,2.66936914E+4,
815.00,2.66531152E+4,
816.00,2.66399180E+4,
817.00,2.66489883E+4,
818.00,2.66549453E+4,
819.00,2.66244375E+4,
820.00,2.65501523E+4,
821.00,2.64685742E+4,
822.00,2.64151992E+4,
823.00,2.63763281E+4,
824.00,2.63122695E+4,
825.00,2.62165801E+4,
826.00,2.61272246E+4,
827.00,2.60698438E+4,
828.00,2.60139531E+4,
829.00,2.59171191E+4,
830.00,2.57899453E+4,
831.00,2.56740820E+4,
832.00,2.55789414E+4,
833.00,2.54827031E+4,
834.00,2.53750703E+4,
835.00,2.52692070E+4,
836.00,2.51824102E+4,
837.00,2.51168164E+4,
838.00,2.50600020E+4,
839.00,2.49956289E+4,
840.00,2.49059668E+4,
841.00,2.47864121E+4,
842.00,2.46632969E+4,
843.00,2.45694531E+4,
844.00,2.45040703E+4,
845.00,2.44318359E+4,
846.00,2.43198320E+4,
847.00,2.41747969E+4,
848.00,2.40301816E+4,
849.00,2.38997031E+4,
850.00,2.37848711E+4,
851.00,2.37148086E+4,
852.00,2.37149121E+4,
853.00,2.37443398E+4,
854.00,2.37213242E+4,
855.00,2.36068594E+4,
856.00,2.34286426E+4,
857.00,2.32367266E+4,
858.00,2.30657656E+4,
859.00,2.29298457E+4,
860.00,2.28266094E+4,
861.00,2.27425547E+4,
862.00,2.26669336E+4,
863.00,2.25967324E+4,
864.00,2.25177969E+4,
865.00,2.24033633E+4,
866.00,2.22488398E+4,
867.00,2.20835156E+4,
868.00,2.19376602E+4,
869.00,2.18165547E+4,
870.00,2.17083477E+4,
871.00,2.16042363E+4,
872.00,2.15019531E+4,
873.00,2.13960840E+4,
874.00,2.12810195E+4,
875.00,2.11570449E+4,
876.00,2.10220059E+4,
877.00,2.08718203E+4,
878.00,2.07161836E+4,
879.00,2.05738184E+4,
880.00,2.04438301E+4,
881.00,2.03034883E+4,
882.00,2.01485313E+4,
883.00,2.00062383E+4,
884.00,1.98869512E+4,
885.00,1.97632539E+4,
886.00,1.96204180E+4,
887.00,1.94790000E+4,
888.00,1.93490879E+4,
889.00,1.92111719E+4,
890.00,1.90566074E+4,
891.00,1.89057695E+4,
892.00,1.87744844E+4,
893.00,1.86516895E+4,
894.00,1.85165684E+4,
895.00,1.83566758E+4,
896.00,1.81735332E+4,
897.00,1.79922773E+4,
898.00,1.78497246E+4,
899.00,1.77476914E+4,
900.00,1.76444922E+4,
901.00,1.75163613E+4,
902.00,1.73886465E+4,
903.00,1.72810176E+4,
904.00,1.71685840E+4,
905.00,1.70283164E+4,
906.00,1.68806680E+4,
907.00,1.67554199E+4,
908.00,1.66489707E+4,
909.00,1.65369238E+4,
910.00,1.64092305E+4,
911.00,1.62773340E+4,
912.00,1.61532109E+4,
913.00,1.60347490E+4,
914.00,1.59138496E+4,
915.00,1.57862744E+4,
916.00,1.56482100E+4,
917.00,1.54965352E+4,
918.00,1.53374160E+4,
919.00,1.51802646E+4,
920.00,1.50257842E+4,
921.00,1.48757930E+4,
922.00,1.47389316E+4,
923.00,1.46087002E+4,
924.00,1.44607158E+4,
925.00,1.42887910E+4,
926.00,1.41174893E+4,
927.00,1.39673057E+4,
928.00,1.38322148E+4,
929.00,1.36974268E+4,
930.00,1.35577158E+4,
931.00,1.34153398E+4,
932.00,1.32733535E+4,
933.00,1.31323506E+4,
934.00,1.29905986E+4,
935.00,1.28475859E+4,
936.00,1.27061533E+4,
937.00,1.25702070E+4,
938.00,1.24364834E+4,
939.00,1.22898086E+4,
940.00,1.21207354E+4,
941.00,1.19467256E+4,
942.00,1.17961777E+4,
943.00,1.16732744E+4,
944.00,1.15565293E+4,
945.00,1.14292656E+4,
946.00,1.12948809E+4,
947.00,1.11614580E+4,
948.00,1.10262793E+4,
949.00,1.08833086E+4,
950.00,1.07376563E+4,
951.00,1.06004961E+4,
952.00,1.04724746E+4,
953.00,1.03467188E+4,
954.00,1.02247930E+4,
955.00,1.01105557E+4,
956.00,9.99397461E+3,
957.00,9.86289160E+3,
958.00,9.72365527E+3,
959.00,9.59305664E+3,
960.00,9.47866797E+3,
961.00,9.37406445E+3,
962.00,9.26461328E+3,
963.00,9.13972754E+3,
964.00,9.00395703E+3,
965.00,8.87127637E+3,
966.00,8.75156641E+3,
967.00,8.64641797E+3,
968.00,8.54944238E+3,
969.00,8.45001758E+3,
970.00,8.34519922E+3,
971.00,8.24176270E+3,
972.00,8.14070947E+3,
973.00,8.03394873E+3,
974.00,7.92226416E+3,
975.00,7.81934570E+3,
976.00,7.73028613E+3,
977.00,7.64304199E+3,
978.00,7.54962646E+3,
979.00,7.45745801E+3,
980.00,7.37085547E+3,
981.00,7.28039258E+3,
982.00,7.17892773E+3,
983.00,7.07161963E+3,
984.00,6.96616016E+3,
985.00,6.86705225E+3,
986.00,6.77729395E+3,
987.00,6.69389209E+3,
988.00,6.60775488E+3,
989.00,6.51514453E+3,
990.00,6.42133545E+3,
991.00,6.33121875E+3,
992.00,6.24357129E+3,
993.00,6.15386523E+3,
994.00,6.05983301E+3,
995.00,5.96456396E+3,
996.00,5.87194238E+3,
997.00,5.78151758E+3,
998.00,5.69325244E+3,
999.00,5.61187109E+3,
1000.00,5.53949902E+3,
1001.000,5.46977344E+3,
1002.000,5.39529639E+3,
1003.000,5.31602051E+3,
1004.000,5.23649121E+3,
1005.000,5.15907764E+3,
1006.000,5.08350781E+3,
1007.000,5.00959668E+3,
1008.000,4.93548438E+3,
1009.000,4.85772949E+3,
1010.00,4.77831445E+3,
1011.000,4.70404541E+3,
1012.000,4.63677148E+3,
1013.000,4.57352393E+3,
1014.000,4.51275342E+3,
1015.000,4.45147852E+3,
1016.000,4.38411035E+3,
1017.000,4.31062793E+3,
1018.000,4.23874316E+3,
1019.000,4.17567871E+3,
1020.00,4.12146094E+3,
1021.000,4.06924414E+3,
1022.000,4.01166577E+3,
1023.000,3.94815234E+3,
1024.000,3.88410718E+3,
1025.000,3.82333057E+3,
1026.000,3.76519653E+3,
1027.000,3.70915161E+3,
1028.000,3.65721191E+3,
1029.000,3.60962695E+3,
1030.00,3.56155469E+3,
1031.000,3.50725806E+3,
1032.000,3.44631982E+3,
1033.000,3.38489868E+3,
1034.000,3.33029346E+3,
1035.000,3.28310352E+3,
1036.000,3.23744580E+3,
1037.000,3.18944067E+3,
1038.000,3.14092749E+3,
1039.000,3.09563184E+3,
1040.00,3.05510254E+3,
1041.000,3.01664404E+3,
1042.000,2.97476709E+3,
1043.000,2.92667725E+3,
1044.000,2.87609766E+3,
1045.000,2.83003198E+3,
1046.000,2.79007373E+3,
1047.000,2.74959741E+3,
1048.000,2.70318091E+3,
1049.000,2.65318677E+3,
1050.00,2.60362305E+3,
1051.000,2.55628516E+3,
1052.000,2.51439697E+3,
1053.000,2.47944946E+3,
1054.000,2.44551465E+3,
1055.000,2.40702710E+3,
1056.000,2.36769214E+3,
1057.000,2.33277783E+3,
1058.000,2.29973804E+3,
1059.000,2.26382520E+3,
1060.00,2.22653149E+3,
1061.000,2.19271436E+3,
1062.000,2.16382935E+3,
1063.000,2.13913403E+3,
1064.000,2.11915942E+3,
1065.000,2.10200122E+3,
1066.000,2.08064941E+3,
1067.000,2.04975000E+3,
1068.000,2.01209131E+3,
1069.000,1.97478882E+3,
1070.00,1.94122046E+3,
1071.000,1.91002393E+3,
1072.000,1.87944556E+3,
1073.000,1.84847021E+3,
1074.000,1.81726538E+3,
1075.000,1.78931775E+3,
1076.000,1.76795837E+3,
1077.000,1.75050928E+3,
1078.000,1.73049048E+3,
1079.000,1.70405591E+3,
1080.00,1.67273804E+3,
1081.000,1.64214185E+3,
1082.000,1.61699731E+3,
1083.000,1.59571533E+3,
1084.000,1.57140894E+3,
1085.000,1.53945544E+3,
1086.000,1.50281262E+3,
1087.000,1.46937915E+3,
1088.000,1.44558240E+3,
1089.000,1.43240576E+3,
1090.00,1.42498218E+3,
1091.000,1.41530957E+3,
1092.000,1.39802869E+3,
1093.000,1.37494519E+3,
1094.000,1.35187390E+3,
1095.000,1.33106995E+3,
1096.000,1.31044836E+3,
1097.000,1.28972607E+3,
1098.000,1.27159717E+3,
1099.000,1.25638318E+3,
1100.00,1.24107556E+3,
1101.000,1.22400610E+3,
1102.000,1.20616711E+3,
1103.000,1.18898950E+3,
1104.000,1.17402856E+3,
1105.000,1.16233069E+3,
1106.000,1.15203857E+3,
1107.000,1.13979309E+3,
1108.000,1.12469397E+3,
1109.000,1.10799146E+3,
1110.00,1.09060437E+3,
1111.000,1.07301465E+3,
1112.000,1.05565845E+3,
1113.000,1.03854395E+3,
1114.000,1.02179144E+3,
1115.000,1.00639563E+3,
1116.000,9.92759399E+2,
1117.000,9.79185974E+2,
1118.000,9.64564453E+2,
1119.000,9.51064453E+2,
1120.00,9.40894653E+2,
1121.000,9.32844299E+2,
1122.000,9.24623840E+2,
1123.000,9.15501526E+2,
1124.000,9.05594666E+2,
1125.000,8.95719299E+2,
1126.000,8.87144165E+2,
1127.000,8.78978638E+2,
1128.000,8.68538635E+2,
1129.000,8.55943115E+2,
1130.00,8.44596924E+2,
1131.000,8.36412598E+2,
1132.000,8.29566833E+2,
1133.000,8.20947083E+2,
1134.000,8.09291138E+2,
1135.000,7.96126892E+2,
1136.000,7.84538757E+2,
1137.000,7.77014221E+2,
1138.000,7.73322144E+2,
1139.000,7.70315369E+2,
1140.00,7.64672729E+2,
1141.000,7.55862488E+2,
1142.000,7.46407349E+2,
1143.000,7.39043945E+2,
1144.000,7.33247314E+2,
1145.000,7.25968384E+2,
1146.000,7.16505615E+2,
1147.000,7.08342896E+2,
1148.000,7.04998047E+2,
1149.000,7.05539673E+2,
1150.00,7.05201599E+2,
1151.000,7.00102417E+2,
1152.000,6.90235901E+2,
1153.000,6.77964783E+2,
1154.000,6.66224915E+2,
1155.000,6.57913208E+2,
1156.000,6.53735718E+2,
1157.000,6.51744812E+2,
1158.000,6.50473877E+2,
1159.000,6.49602173E+2,
1160.00,6.47987244E+2,
1161.000,6.44619446E+2,
1162.000,6.40552734E+2,
1163.000,6.37787231E+2,
1164.000,6.36976990E+2,
1165.000,6.36547363E+2,
1166.000,6.33878418E+2,
1167.000,6.28604248E+2,
1168.000,6.24616028E+2,
1169.000,6.25808655E+2,
1170.00,6.29706055E+2,
1171.000,6.29829712E+2,
1172.000,6.24941895E+2,
1173.000,6.20656250E+2,
1174.000,6.21135925E+2,
1175.000,6.24477051E+2,
1176.000,6.27235718E+2,
1177.000,6.28695923E+2,
1178.000,6.29091431E+2,
1179.000,6.27432251E+2,
1180.00,6.23493042E+2,
1181.000,6.19578186E+2,
1182.000,6.17798889E+2,
1183.000,6.17073730E+2,
1184.000,6.15558655E+2,
1185.000,6.14854126E+2,
1186.000,6.17939697E+2,
1187.000,6.23951843E+2,
1188.000,6.29786133E+2,
1189.000,6.35416626E+2,
1190.00,6.42577148E+2,
1191.000,6.50135437E+2,
1192.000,6.55310547E+2,
1193.000,6.57528442E+2,
1194.000,6.57927002E+2,
1195.000,6.57166626E+2,
1196.000,6.56135559E+2,
1197.000,6.56853149E+2,
1198.000,6.60299988E+2,
1199.000,6.64921631E+2,
1200.00,6.69223022E+2,
1201.000,6.74200928E+2,
1202.000,6.81730713E+2,
1203.000,6.91219482E+2,
1204.000,6.98680908E+2,
1205.000,7.00560242E+2,
1206.000,6.98664795E+2,
1207.000,6.98956665E+2,
1208.000,7.05039429E+2,
1209.000,7.14710632E+2,
1210.00,7.23055176E+2,
1211.000,7.28051697E+2,
1212.000,7.32879211E+2,
1213.000,7.41944702E+2,
1214.000,7.55140747E+2,
1215.000,7.68485107E+2,
1216.000,7.79835205E+2,
1217.000,7.90123718E+2,
1218.000,7.99409546E+2,
1219.000,8.06452454E+2,
1220.00,8.11947266E+2,
1221.000,8.18257324E+2,
1222.000,8.27134277E+2,
1223.000,8.39118225E+2,
1224.000,8.52214600E+2,
1225.000,8.62577271E+2,
1226.000,8.70178955E+2,
1227.000,8.79918457E+2,
1228.000,8.93956055E+2,
1229.000,9.08187378E+2,
1230.00,9.18828857E+2,
1231.000,9.27867676E+2,
1232.000,9.39804871E+2,
1233.000,9.55583679E+2,
1234.000,9.71896118E+2,
1235.000,9.85887268E+2,
1236.000,9.98555054E+2,
1237.000,1.01331958E+3,
1238.000,1.03241821E+3,
1239.000,1.05468250E+3,
1240.00,1.07631897E+3,
1241.000,1.09384973E+3,
1242.000,1.10699011E+3,
1243.000,1.11879065E+3,
1244.000,1.13155249E+3,
1245.000,1.14393323E+3,
1246.000,1.15566943E+3,
1247.000,1.17247229E+3,
1248.000,1.19995508E+3,
1249.000,1.23412256E+3,
1250.00,1.26378418E+3,
1251.000,1.28192456E+3,
1252.000,1.29104688E+3,
1253.000,1.29924414E+3,
1254.000,1.31350159E+3,
1255.000,1.33355627E+3,
1256.000,1.35191577E+3,
1257.000,1.36405884E+3,
1258.000,1.37538135E+3,
1259.000,1.39275806E+3,
1260.00,1.41493823E+3,
1261.000,1.43731470E+3,
1262.000,1.45978723E+3,
1263.000,1.48380652E+3,
1264.000,1.50768115E+3,
1265.000,1.53014758E+3,
1266.000,1.55377344E+3,
1267.000,1.58093188E+3,
1268.000,1.60946289E+3,
1269.000,1.63546143E+3,
1270.00,1.65922998E+3,
1271.000,1.68504126E+3,
1272.000,1.71457092E+3,
1273.000,1.74449707E+3,
1274.000,1.77206750E+3,
1275.000,1.79912341E+3,
1276.000,1.82870300E+3,
1277.000,1.86108911E+3,
1278.000,1.89480505E+3,
1279.000,1.92799951E+3,
1280.00,1.95795276E+3,
1281.000,1.98362549E+3,
1282.000,2.00888330E+3,
1283.000,2.03830420E+3,
1284.000,2.07076611E+3,
1285.000,2.10232666E+3,
1286.000,2.13339746E+3,
1287.000,2.16706738E+3,
1288.000,2.20267310E+3,
1289.000,2.23785352E+3,
1290.00,2.27480762E+3,
1291.000,2.31791968E+3,
1292.000,2.36652832E+3,
1293.000,2.41481738E+3,
1294.000,2.45806787E+3,
1295.000,2.49640576E+3,
1296.000,2.53330420E+3,
1297.000,2.57240625E+3,
1298.000,2.61556738E+3,
1299.000,2.66173389E+3,
1300.00,2.70698633E+3,
1301.000,2.74839209E+3,
1302.000,2.78829663E+3,
1303.000,2.83113574E+3,
1304.000,2.87667188E+3,
1305.000,2.92116797E+3,
1306.000,2.96437476E+3,
1307.000,3.01042920E+3,
1308.000,3.06178369E+3,
1309.000,3.11602148E+3,
1310.00,3.16888599E+3,
1311.000,3.21803760E+3,
1312.000,3.26477783E+3,
1313.000,3.31313818E+3,
1314.000,3.36530078E+3,
1315.000,3.41875464E+3,
1316.000,3.47026489E+3,
1317.000,3.52070654E+3,
1318.000,3.57381250E+3,
1319.000,3.63186890E+3,
1320.00,3.69458203E+3,
1321.000,3.76043286E+3,
1322.000,3.82695605E+3,
1323.000,3.89071924E+3,
1324.000,3.94900146E+3,
1325.000,4.00315674E+3,
1326.000,4.05905933E+3,
1327.000,4.11994824E+3,
1328.000,4.18160742E+3,
1329.000,4.24029883E+3,
1330.00,4.29906299E+3,
1331.000,4.36046484E+3,
1332.000,4.42278027E+3,
1333.000,4.48730469E+3,
1334.000,4.55797754E+3,
1335.000,4.63190625E+3,
1336.000,4.70022900E+3,
1337.000,4.76023291E+3,
1338.000,4.82120752E+3,
1339.000,4.89421826E+3,
1340.00,4.97757666E+3,
1341.000,5.05849121E+3,
1342.000,5.12871240E+3,
1343.000,5.19272607E+3,
1344.000,5.26111279E+3,
1345.000,5.34107275E+3,
1346.000,5.43266797E+3,
1347.000,5.52763965E+3,
1348.000,5.61383789E+3,
1349.000,5.68864258E+3,
1350.00,5.76337988E+3,
1351.000,5.85005127E+3,
1352.000,5.95244434E+3,
1353.000,6.07000928E+3,
1354.000,6.19716748E+3,
1355.000,6.31700781E+3,
1356.000,6.40990039E+3,
1357.000,6.47768945E+3,
1358.000,6.55194336E+3,
1359.000,6.66820703E+3,
1360.00,6.82741406E+3,
1361.000,6.98255469E+3,
1362.000,7.07840137E+3,
1363.000,7.11147803E+3,
1364.000,7.12776172E+3,
1365.000,7.16454834E+3,
1366.000,7.22982080E+3,
1367.000,7.32069775E+3,
1368.000,7.42258594E+3,
1369.000,7.51285205E+3,
1370.00,7.58518359E+3,
1371.000,7.64616162E+3,
1372.000,7.69499707E+3,
1373.000,7.73321240E+3,
1374.000,7.78019922E+3,
1375.000,7.85911865E+3,
1376.000,7.97384473E+3,
1377.000,8.10914355E+3,
1378.000,8.25331738E+3,
1379.000,8.41226367E+3,
1380.00,8.58940137E+3,
1381.000,8.75521484E+3,
1382.000,8.85747559E+3,
1383.000,8.86851074E+3,
1384.000,8.81113672E+3,
1385.000,8.74179590E+3,
1386.000,8.71642676E+3,
1387.000,8.75327832E+3,
1388.000,8.81962598E+3,
1389.000,8.87830957E+3,
1390.00,8.93877832E+3,
1391.000,9.02842676E+3,
1392.000,9.14106543E+3,
1393.000,9.25898242E+3,
1394.000,9.38872070E+3,
1395.000,9.52374902E+3,
1396.000,9.61537500E+3,
1397.000,9.64464063E+3,
1398.000,9.68538770E+3,
1399.000,9.81819336E+3,
1400.00,1.00031230E+4,
1401.000,1.01240352E+4,
1402.000,1.01555898E+4,
1403.000,1.01939199E+4,
1404.000,1.03072734E+4,
1405.000,1.04519785E+4,
1406.000,1.05664707E+4,
1407.000,1.06565674E+4,
1408.000,1.07467598E+4,
1409.000,1.08208047E+4,
1410.00,1.08551885E+4,
1411.000,1.08735078E+4,
1412.000,1.09324102E+4,
1413.000,1.10534033E+4,
1414.000,1.11867344E+4,
1415.000,1.12690420E+4,
1416.000,1.13098164E+4,
1417.000,1.13776953E+4,
1418.000,1.15023848E+4,
1419.000,1.16397549E+4,
1420.00,1.17389521E+4,
1421.000,1.18021025E+4,
1422.000,1.18655010E+4,
1423.000,1.19486885E+4,
1424.000,1.20426895E+4,
1425.000,1.21360742E+4,
1426.000,1.22279199E+4,
1427.000,1.23195098E+4,
1428.000,1.24120547E+4,
1429.000,1.25071660E+4,
1430.00,1.26026875E+4,
1431.000,1.26961084E+4,
1432.000,1.27864941E+4,
1433.000,1.28671299E+4,
1434.000,1.29319590E+4,
1435.000,1.29927188E+4,
1436.000,1.30716348E+4,
1437.000,1.31733613E+4,
1438.000,1.32778916E+4,
1439.000,1.33663193E+4,
1440.00,1.34423809E+4,
1441.000,1.35189775E+4,
1442.000,1.35955742E+4,
1443.000,1.36684111E+4,
1444.000,1.37505420E+4,
1445.000,1.38511768E+4,
1446.000,1.39483174E+4,
1447.000,1.40187852E+4,
1448.000,1.40792949E+4,
1449.000,1.41616055E+4,
1450.00,1.42646465E+4,
1451.000,1.43610605E+4,
1452.000,1.44361592E+4,
1453.000,1.44972109E+4,
1454.000,1.45532803E+4,
1455.000,1.46038242E+4,
1456.000,1.46459990E+4,
1457.000,1.46856797E+4,
1458.000,1.47384268E+4,
1459.000,1.48153008E+4,
1460.00,1.49102646E+4,
1461.000,1.50109922E+4,
1462.000,1.51155732E+4,
1463.000,1.52238789E+4,
1464.000,1.53233105E+4,
1465.000,1.54023242E+4,
1466.000,1.54660391E+4,
1467.000,1.55237451E+4,
1468.000,1.55779092E+4,
1469.000,1.56354287E+4,
1470.00,1.57092861E+4,
1471.000,1.57969043E+4,
1472.000,1.58721904E+4,
1473.000,1.59131748E+4,
1474.000,1.59290332E+4,
1475.000,1.59492598E+4,
1476.000,1.59936230E+4,
1477.000,1.60597832E+4,
1478.000,1.61355928E+4,
1479.000,1.62139883E+4,
1480.00,1.62870254E+4,
1481.000,1.63365762E+4,
1482.000,1.63548057E+4,
1483.000,1.63677988E+4,
1484.000,1.64128027E+4,
1485.000,1.64919336E+4,
1486.000,1.65696738E+4,
1487.000,1.66199082E+4,
1488.000,1.66533613E+4,
1489.000,1.66904453E+4,
1490.00,1.67318242E+4,
1491.000,1.67690684E+4,
1492.000,1.68053066E+4,
1493.000,1.68516602E+4,
1494.000,1.69118633E+4,
1495.000,1.69770273E+4,
1496.000,1.70293027E+4,
1497.000,1.70557246E+4,
1498.000,1.70699922E+4,
1499.000,1.71042656E+4,
1500.00,1.71642715E+4,
1501.000,1.72160254E+4,
1502.000,1.72337695E+4,
1503.000,1.72361445E+4,
1504.000,1.72546523E+4,
1505.000,1.72904746E+4,
1506.000,1.73252969E+4,
1507.000,1.73515059E+4,
1508.000,1.73737598E+4,
1509.000,1.73985859E+4,
1510.00,1.74259531E+4,
1511.000,1.74436387E+4,
1512.000,1.74426211E+4,
1513.000,1.74370117E+4,
1514.000,1.74487695E+4,
1515.000,1.74755254E+4,
1516.000,1.74931230E+4,
1517.000,1.74927148E+4,
1518.000,1.74962461E+4,
1519.000,1.75239551E+4,
1520.00,1.75655332E+4,
1521.000,1.75965352E+4,
1522.000,1.76085273E+4,
1523.000,1.76167891E+4,
1524.000,1.76421152E+4,
1525.000,1.76829785E+4,
1526.000,1.77137500E+4,
1527.000,1.77152656E+4,
1528.000,1.76928672E+4,
1529.000,1.76619688E+4,
1530.00,1.76323652E+4,
1531.000,1.76100508E+4,
1532.000,1.76031738E+4,
1533.000,1.76182188E+4,
1534.000,1.76479297E+4,
1535.000,1.76689922E+4,
1536.000,1.76610977E+4,
1537.000,1.76284395E+4,
1538.000,1.75985313E+4,
1539.000,1.75956719E+4,
1540.00,1.76125176E+4,
1541.000,1.76173730E+4,
1542.000,1.75946406E+4,
1543.000,1.75608086E+4,
1544.000,1.75359453E+4,
1545.000,1.75221250E+4,
1546.000,1.75134805E+4,
1547.000,1.75048086E+4,
1548.000,1.74876270E+4,
1549.000,1.74551719E+4,
1550.00,1.74119707E+4,
1551.000,1.73694668E+4,
1552.000,1.73349043E+4,
1553.000,1.73088125E+4,
1554.000,1.72894688E+4,
1555.000,1.72735625E+4,
1556.000,1.72535273E+4,
1557.000,1.72214102E+4,
1558.000,1.71745898E+4,
1559.000,1.71186191E+4,
1560.00,1.70685430E+4,
1561.000,1.70357422E+4,
1562.000,1.70145059E+4,
1563.000,1.69984102E+4,
1564.000,1.69933262E+4,
1565.000,1.69969473E+4,
1566.000,1.69889609E+4,
1567.000,1.69532734E+4,
1568.000,1.68935859E+4,
1569.000,1.68270352E+4,
1570.00,1.67717344E+4,
1571.000,1.67327910E+4,
1572.000,1.66961973E+4,
1573.000,1.66466094E+4,
1574.000,1.65894063E+4,
1575.000,1.65433496E+4,
1576.000,1.65167148E+4,
1577.000,1.65014453E+4,
1578.000,1.64854609E+4,
1579.000,1.64631602E+4,
1580.00,1.64349980E+4,
1581.000,1.64001797E+4,
1582.000,1.63542695E+4,
1583.000,1.62954229E+4,
1584.000,1.62284980E+4,
1585.000,1.61593320E+4,
1586.000,1.60908643E+4,
1587.000,1.60333643E+4,
1588.000,1.60035703E+4,
1589.000,1.59953516E+4,
1590.00,1.59758184E+4,
1591.000,1.59311416E+4,
1592.000,1.58819873E+4,
1593.000,1.58404307E+4,
1594.000,1.57958076E+4,
1595.000,1.57506875E+4,
1596.000,1.57250498E+4,
1597.000,1.57167549E+4,
1598.000,1.56938643E+4,
1599.000,1.56380020E+4,
1600.00,1.55718584E+4,
1601.000,1.55274180E+4,
1602.000,1.55021816E+4,
1603.000,1.54657178E+4,
1604.000,1.53993838E+4,
1605.000,1.53121289E+4,
1606.000,1.52234414E+4,
1607.000,1.51477246E+4,
1608.000,1.50950244E+4,
1609.000,1.50682871E+4,
1610.00,1.50528066E+4,
1611.000,1.50245430E+4,
1612.000,1.49738887E+4,
1613.000,1.49089893E+4,
1614.000,1.48422051E+4,
1615.000,1.47845449E+4,
1616.000,1.47403652E+4,
1617.000,1.47017285E+4,
1618.000,1.46591582E+4,
1619.000,1.46145664E+4,
1620.00,1.45761563E+4,
1621.000,1.45476729E+4,
1622.000,1.45278555E+4,
1623.000,1.45144531E+4,
1624.000,1.45003770E+4,
1625.000,1.44713682E+4,
1626.000,1.44230156E+4,
1627.000,1.43716816E+4,
1628.000,1.43342012E+4,
1629.000,1.43180713E+4,
1630.00,1.43351426E+4,
1631.000,1.43856338E+4,
1632.000,1.44322031E+4,
1633.000,1.44296250E+4,
1634.000,1.43763115E+4,
1635.000,1.43165039E+4,
1636.000,1.42941475E+4,
1637.000,1.43135986E+4,
1638.000,1.43510273E+4,
1639.000,1.43862178E+4,
1640.00,1.44046777E+4,
1641.000,1.43952559E+4,
1642.000,1.43645869E+4,
1643.000,1.43302813E+4,
1644.000,1.42995732E+4,
1645.000,1.42724453E+4,
1646.000,1.42465254E+4,
1647.000,1.42066973E+4,
1648.000,1.41370518E+4,
1649.000,1.40539063E+4,
1650.00,1.40053574E+4,
1651.000,1.40212588E+4,
1652.000,1.40736621E+4,
1653.000,1.41021191E+4,
1654.000,1.40611182E+4,
1655.000,1.39401182E+4,
1656.000,1.37814395E+4,
1657.000,1.36673145E+4,
1658.000,1.36333135E+4,
1659.000,1.36255244E+4,
1660.00,1.35870986E+4,
1661.000,1.35372979E+4,
1662.000,1.35266445E+4,
1663.000,1.35548438E+4,
1664.000,1.35766035E+4,
1665.000,1.35725166E+4,
1666.000,1.35766836E+4,
1667.000,1.36383682E+4,
1668.000,1.37552617E+4,
1669.000,1.38385029E+4,
1670.00,1.38043320E+4,
1671.000,1.36968711E+4,
1672.000,1.36128535E+4,
1673.000,1.35448682E+4,
1674.000,1.34372217E+4,
1675.000,1.33399131E+4,
1676.000,1.33744404E+4,
1677.000,1.35827090E+4,
1678.000,1.38875693E+4,
1679.000,1.41940723E+4,
1680.00,1.44842139E+4,
1681.000,1.47283232E+4,
1682.000,1.47453516E+4,
1683.000,1.43852988E+4,
1684.000,1.38161318E+4,
1685.000,1.33581289E+4,
1686.000,1.31521172E+4,
1687.000,1.31967949E+4,
1688.000,1.34627617E+4,
1689.000,1.38383359E+4,
1690.00,1.42204004E+4,
1691.000,1.46737949E+4,
1692.000,1.53153535E+4,
1693.000,1.60804023E+4,
1694.000,1.67086035E+4,
1695.000,1.70086602E+4,
1696.000,1.71051133E+4,
1697.000,1.72199336E+4,
1698.000,1.71548477E+4,
1699.000,1.63523457E+4,
1700.00,1.47423105E+4,
