Labels,75,
Type,Emission Scan,
Comment,,
Start,1200.00,
Stop,1650.00,
Step,1.00,
Fixed/Offset,410.00,
Xaxis,Wavelength,
Yaxis,Counts,
Scan Corr. by File,True,
Corr. by Ref. Det.,True,
Fixed/Offset Corr. by File,False,
Repeats,1,
Dwell Time,0.10,
Lamp,Xenon,
Temp,0.00,
Scan Polariser,None,
Scan Slit,5.4999132,
Fixed/Offset Polariser,None,
Fixed/Offset Slit,5.7000065,
Detector,Det2,

1200.00,3.77080505E+2,
1201.000,3.67520355E+2,
1202.000,3.83472504E+2,
1203.000,4.14523346E+2,
1204.000,4.13022430E+2,
1205.000,4.08068665E+2,
1206.000,4.00119904E+2,
1207.000,4.74553131E+2,
1208.000,4.38260345E+2,
1209.000,4.70993713E+2,
1210.00,4.66825592E+2,
1211.000,4.72226318E+2,
1212.000,4.90999634E+2,
1213.000,5.28936401E+2,
1214.000,5.27369690E+2,
1215.000,5.15881287E+2,
1216.000,5.27965820E+2,
1217.000,5.22055603E+2,
1218.000,5.64182373E+2,
1219.000,5.66569092E+2,
1220.00,5.94458496E+2,
1221.000,5.95792358E+2,
1222.000,6.32848389E+2,
1223.000,5.82323120E+2,
1224.000,6.56092224E+2,
1225.000,6.40725342E+2,
1226.000,6.45117920E+2,
1227.000,6.96058289E+2,
1228.000,6.69672485E+2,
1229.000,6.80580566E+2,
1230.00,7.15328003E+2,
1231.000,7.03326477E+2,
1232.000,7.50622742E+2,
1233.000,7.51052551E+2,
1234.000,7.85012329E+2,
1235.000,7.87579956E+2,
1236.000,8.05770630E+2,
1237.000,8.36731873E+2,
1238.000,8.10604614E+2,
1239.000,8.41314453E+2,
1240.00,8.79402039E+2,
1241.000,9.00296204E+2,
1242.000,8.92654114E+2,
1243.000,9.28136475E+2,
1244.000,9.40043579E+2,
1245.000,9.67109009E+2,
1246.000,9.82980713E+2,
1247.000,1.03041052E+3,
1248.000,1.02244940E+3,
1249.000,1.05965491E+3,
1250.00,1.12707422E+3,
1251.000,1.10561792E+3,
1252.000,1.13985535E+3,
1253.000,1.15620935E+3,
1254.000,1.14043591E+3,
1255.000,1.20132043E+3,
1256.000,1.18356702E+3,
1257.000,1.21321643E+3,
1258.000,1.21761084E+3,
1259.000,1.29563708E+3,
1260.00,1.29274744E+3,
1261.000,1.31692676E+3,
1262.000,1.33313757E+3,
1263.000,1.36384326E+3,
1264.000,1.39859290E+3,
1265.000,1.41982593E+3,
1266.000,1.47457068E+3,
1267.000,1.46941003E+3,
1268.000,1.47355359E+3,
1269.000,1.52683484E+3,
1270.00,1.57672168E+3,
1271.000,1.60011841E+3,
1272.000,1.64167041E+3,
1273.000,1.66593604E+3,
1274.000,1.69204822E+3,
1275.000,1.74669226E+3,
1276.000,1.78732520E+3,
1277.000,1.77823486E+3,
1278.000,1.83057581E+3,
1279.000,1.84074280E+3,
1280.00,1.88710876E+3,
1281.000,1.89407813E+3,
1282.000,2.01787305E+3,
1283.000,2.00296301E+3,
1284.000,2.05280859E+3,
1285.000,2.09299561E+3,
1286.000,2.16492383E+3,
1287.000,2.19224829E+3,
1288.000,2.23938989E+3,
1289.000,2.27534204E+3,
1290.00,2.30336548E+3,
1291.000,2.34952148E+3,
1292.000,2.37223340E+3,
1293.000,2.48109106E+3,
1294.000,2.52384741E+3,
1295.000,2.57318359E+3,
1296.000,2.64966479E+3,
1297.000,2.61915625E+3,
1298.000,2.71959058E+3,
1299.000,2.80077490E+3,
1300.00,2.77513745E+3,
1301.000,2.87040625E+3,
1302.000,2.92873535E+3,
1303.000,2.97676172E+3,
1304.000,3.05557422E+3,
1305.000,3.08447534E+3,
1306.000,3.14444751E+3,
1307.000,3.20839917E+3,
1308.000,3.25639551E+3,
1309.000,3.35303833E+3,
1310.00,3.41218872E+3,
1311.000,3.45591504E+3,
1312.000,3.49753906E+3,
1313.000,3.61412744E+3,
1314.000,3.60223120E+3,
1315.000,3.74564868E+3,
1316.000,3.75501392E+3,
1317.000,3.84281885E+3,
1318.000,3.95373120E+3,
1319.000,4.01594214E+3,
1320.00,4.05239258E+3,
1321.000,4.13631152E+3,
1322.000,4.17062451E+3,
1323.000,4.29050244E+3,
1324.000,4.33714160E+3,
1325.000,4.44281006E+3,
1326.000,4.55878906E+3,
1327.000,4.54304346E+3,
1328.000,4.71262939E+3,
1329.000,4.73443896E+3,
1330.00,4.82092480E+3,
1331.000,4.89151709E+3,
1332.000,4.94304785E+3,
1333.000,5.05428564E+3,
1334.000,5.21408398E+3,
1335.000,5.21155957E+3,
1336.000,5.33052344E+3,
1337.000,5.41523730E+3,
1338.000,5.45193213E+3,
1339.000,5.56246533E+3,
1340.00,5.69236084E+3,
1341.000,5.80964307E+3,
1342.000,5.85623828E+3,
1343.000,5.92690967E+3,
1344.000,6.06258203E+3,
1345.000,6.18143115E+3,
1346.000,6.22790137E+3,
1347.000,6.39564063E+3,
1348.000,6.50176221E+3,
1349.000,6.57563770E+3,
1350.00,6.70631152E+3,
1351.000,6.79140039E+3,
1352.000,7.01766357E+3,
1353.000,6.97766406E+3,
1354.000,7.25585156E+3,
1355.000,7.34745313E+3,
1356.000,7.53044482E+3,
1357.000,7.55407373E+3,
1358.000,7.52978760E+3,
1359.000,7.74061816E+3,
1360.00,7.87800244E+3,
1361.000,8.21004297E+3,
1362.000,8.44220898E+3,
1363.000,8.38371191E+3,
1364.000,8.20384473E+3,
1365.000,8.39859180E+3,
1366.000,8.43569043E+3,
1367.000,8.49828516E+3,
1368.000,8.83014160E+3,
1369.000,8.91822852E+3,
1370.00,8.98022363E+3,
1371.000,9.19290918E+3,
1372.000,9.19046484E+3,
1373.000,9.19222266E+3,
1374.000,9.18216309E+3,
1375.000,9.40483105E+3,
1376.000,9.69596484E+3,
1377.000,9.87313379E+3,
1378.000,9.90125684E+3,
1379.000,1.01458389E+4,
1380.00,1.04265684E+4,
1381.000,1.06534072E+4,
1382.000,1.07692500E+4,
1383.000,1.08439580E+4,
1384.000,1.05137539E+4,
1385.000,1.02864990E+4,
1386.000,1.01567432E+4,
1387.000,1.03147129E+4,
1388.000,1.07925850E+4,
1389.000,1.06974170E+4,
1390.00,1.05637012E+4,
1391.000,1.08267061E+4,
1392.000,1.12443096E+4,
1393.000,1.13652012E+4,
1394.000,1.12763164E+4,
1395.000,1.17726035E+4,
1396.000,1.21756787E+4,
1397.000,1.18424482E+4,
1398.000,1.14284912E+4,
1399.000,1.17809717E+4,
1400.00,1.26461328E+4,
1401.000,1.28845957E+4,
1402.000,1.24358838E+4,
1403.000,1.21725430E+4,
1404.000,1.27419014E+4,
1405.000,1.33148096E+4,
1406.000,1.31429150E+4,
1407.000,1.31198115E+4,
1408.000,1.33968037E+4,
1409.000,1.35813848E+4,
1410.00,1.37882637E+4,
1411.000,1.36214551E+4,
1412.000,1.37645986E+4,
1413.000,1.40099717E+4,
1414.000,1.43619229E+4,
1415.000,1.45668789E+4,
1416.000,1.42589697E+4,
1417.000,1.44313740E+4,
1418.000,1.47081992E+4,
1419.000,1.51552051E+4,
1420.00,1.51817539E+4,
1421.000,1.51053564E+4,
1422.000,1.50407432E+4,
1423.000,1.54021094E+4,
1424.000,1.55376338E+4,
1425.000,1.56533018E+4,
1426.000,1.57909795E+4,
1427.000,1.56888916E+4,
1428.000,1.61412617E+4,
1429.000,1.60979063E+4,
1430.00,1.62240117E+4,
1431.000,1.64278340E+4,
1432.000,1.67983223E+4,
1433.000,1.67493457E+4,
1434.000,1.69750449E+4,
1435.000,1.68260625E+4,
1436.000,1.69467578E+4,
1437.000,1.71943652E+4,
1438.000,1.73873457E+4,
1439.000,1.74632988E+4,
1440.00,1.74344512E+4,
1441.000,1.76384238E+4,
1442.000,1.78544473E+4,
1443.000,1.79531133E+4,
1444.000,1.79421836E+4,
1445.000,1.82867520E+4,
1446.000,1.86607871E+4,
1447.000,1.85246621E+4,
1448.000,1.83677148E+4,
1449.000,1.87530137E+4,
1450.00,1.90189551E+4,
1451.000,1.90794219E+4,
1452.000,1.91517090E+4,
1453.000,1.91604902E+4,
1454.000,1.92695449E+4,
1455.000,1.95813242E+4,
1456.000,1.96704141E+4,
1457.000,1.97006934E+4,
1458.000,1.98009629E+4,
1459.000,1.98057305E+4,
1460.00,1.99291172E+4,
1461.000,2.02562813E+4,
1462.000,2.03922949E+4,
1463.000,2.03684785E+4,
1464.000,2.05111094E+4,
1465.000,2.05097793E+4,
1466.000,2.08630254E+4,
1467.000,2.08408652E+4,
1468.000,2.08048770E+4,
1469.000,2.10067813E+4,
1470.00,2.11520859E+4,
1471.000,2.13267168E+4,
1472.000,2.12792012E+4,
1473.000,2.14185879E+4,
1474.000,2.13862871E+4,
1475.000,2.15037148E+4,
1476.000,2.16417910E+4,
1477.000,2.19049531E+4,
1478.000,2.19405918E+4,
1479.000,2.17575566E+4,
1480.00,2.19380918E+4,
1481.000,2.22374238E+4,
1482.000,2.21154785E+4,
1483.000,2.21059395E+4,
1484.000,2.22291680E+4,
1485.000,2.22570273E+4,
1486.000,2.25597090E+4,
1487.000,2.26145703E+4,
1488.000,2.26179609E+4,
1489.000,2.26475820E+4,
1490.00,2.28756348E+4,
1491.000,2.28659570E+4,
1492.000,2.30219609E+4,
1493.000,2.32684805E+4,
1494.000,2.32169316E+4,
1495.000,2.34562266E+4,
1496.000,2.33338477E+4,
1497.000,2.34933379E+4,
1498.000,2.36006602E+4,
1499.000,2.35518281E+4,
1500.00,2.36077773E+4,
1501.000,2.34402676E+4,
1502.000,2.36977988E+4,
1503.000,2.38187539E+4,
1504.000,2.38091836E+4,
1505.000,2.39374551E+4,
1506.000,2.41306563E+4,
1507.000,2.40118652E+4,
1508.000,2.41867559E+4,
1509.000,2.41165449E+4,
1510.00,2.40625938E+4,
1511.000,2.42423418E+4,
1512.000,2.43293164E+4,
1513.000,2.42884902E+4,
1514.000,2.43224180E+4,
1515.000,2.43166836E+4,
1516.000,2.43511133E+4,
1517.000,2.45303887E+4,
1518.000,2.45005957E+4,
1519.000,2.45710527E+4,
1520.00,2.46322480E+4,
1521.000,2.46411621E+4,
1522.000,2.46431035E+4,
1523.000,2.44612344E+4,
1524.000,2.45242637E+4,
1525.000,2.46246348E+4,
1526.000,2.48698262E+4,
1527.000,2.46159570E+4,
1528.000,2.45642930E+4,
1529.000,2.46434648E+4,
1530.00,2.47981055E+4,
1531.000,2.47555742E+4,
1532.000,2.45095566E+4,
1533.000,2.47086426E+4,
1534.000,2.46788672E+4,
1535.000,2.48214805E+4,
1536.000,2.47994160E+4,
1537.000,2.48613496E+4,
1538.000,2.47371758E+4,
1539.000,2.47289004E+4,
1540.00,2.47766855E+4,
1541.000,2.48209395E+4,
1542.000,2.45870684E+4,
1543.000,2.47009375E+4,
1544.000,2.48477930E+4,
1545.000,2.49698691E+4,
1546.000,2.47298066E+4,
1547.000,2.48889023E+4,
1548.000,2.49214551E+4,
1549.000,2.48757090E+4,
1550.00,2.46858672E+4,
1551.000,2.47672598E+4,
1552.000,2.48149590E+4,
1553.000,2.47569395E+4,
1554.000,2.47607500E+4,
1555.000,2.45296016E+4,
1556.000,2.45731523E+4,
1557.000,2.43518594E+4,
1558.000,2.45875215E+4,
1559.000,2.46606113E+4,
1560.00,2.44018633E+4,
1561.000,2.43784199E+4,
1562.000,2.43649590E+4,
1563.000,2.42093145E+4,
1564.000,2.42243359E+4,
1565.000,2.44038047E+4,
1566.000,2.44337988E+4,
1567.000,2.43439043E+4,
1568.000,2.40660605E+4,
1569.000,2.41113047E+4,
1570.00,2.40951035E+4,
1571.000,2.40374492E+4,
1572.000,2.40580352E+4,
1573.000,2.38701152E+4,
1574.000,2.37571992E+4,
1575.000,2.36422031E+4,
1576.000,2.38235527E+4,
1577.000,2.37613438E+4,
1578.000,2.37519961E+4,
1579.000,2.34907480E+4,
1580.00,2.35144102E+4,
1581.000,2.34440840E+4,
1582.000,2.34371035E+4,
1583.000,2.32601172E+4,
1584.000,2.32083535E+4,
1585.000,2.32864863E+4,
1586.000,2.31558125E+4,
1587.000,2.32325859E+4,
1588.000,2.29875215E+4,
1589.000,2.29193848E+4,
1590.00,2.31184199E+4,
1591.000,2.31537637E+4,
1592.000,2.28916348E+4,
1593.000,2.27742090E+4,
1594.000,2.27431035E+4,
1595.000,2.27763262E+4,
1596.000,2.27250898E+4,
1597.000,2.26662617E+4,
1598.000,2.24018906E+4,
1599.000,2.25223926E+4,
1600.00,2.22586133E+4,
1601.000,2.23328281E+4,
1602.000,2.22043223E+4,
1603.000,2.23952891E+4,
1604.000,2.23093066E+4,
1605.000,2.22260684E+4,
1606.000,2.20229453E+4,
1607.000,2.19517813E+4,
1608.000,2.19136289E+4,
1609.000,2.18016445E+4,
1610.00,2.16765234E+4,
1611.000,2.18377520E+4,
1612.000,2.18689199E+4,
1613.000,2.16414766E+4,
1614.000,2.15898750E+4,
1615.000,2.15109063E+4,
1616.000,2.14540703E+4,
1617.000,2.14734941E+4,
1618.000,2.13891055E+4,
1619.000,2.11781289E+4,
1620.00,2.11955430E+4,
1621.000,2.11909902E+4,
1622.000,2.09989277E+4,
1623.000,2.11086973E+4,
1624.000,2.12208945E+4,
1625.000,2.09125215E+4,
1626.000,2.07344805E+4,
1627.000,2.11028809E+4,
1628.000,2.08340293E+4,
1629.000,2.09907402E+4,
1630.00,2.08609648E+4,
1631.000,2.08875645E+4,
1632.000,2.07940859E+4,
1633.000,2.07848242E+4,
1634.000,2.11359922E+4,
1635.000,2.09120254E+4,
1636.000,2.10728867E+4,
1637.000,2.10108945E+4,
1638.000,2.10516797E+4,
1639.000,2.08226426E+4,
1640.00,2.09344121E+4,
1641.000,2.08396152E+4,
1642.000,2.07762383E+4,
1643.000,2.05230781E+4,
1644.000,2.05769453E+4,
1645.000,2.05566191E+4,
1646.000,2.05302051E+4,
1647.000,2.05682168E+4,
1648.000,2.01360918E+4,
1649.000,2.01185273E+4,
1650.00,2.00003750E+4,
