Labels,F3-1500-450=EM,
Type,Emission Scan,
Comment,,
Start,650.00,
Stop,1650.00,
Step,1.00,
Fixed/Offset,450.00,
Xaxis,Wavelength,
Yaxis,Counts,
Scan Corr. by File,True,
Corr. by Ref. Det.,True,
Fixed/Offset Corr. by File,False,
Repeats,1,
Dwell Time,0.10,
Lamp,Xenon,
Temp,0.00,
Scan Polariser,None,
Scan Slit,2.9999912,
Fixed/Offset Polariser,None,
Fixed/Offset Slit,4.0000019,
Detector,Det2,

650.00,-2.98153353E+0,
651.00,1.69119232E+2,
652.00,1.45397446E+2,
653.00,1.09315819E+2,
654.00,1.79263916E+2,
655.00,4.75123329E+1,
656.00,7.16659698E+1,
657.00,1.83753754E+2,
658.00,2.94994263E+2,
659.00,2.19370331E+2,
660.00,2.13711182E+2,
661.00,2.73001923E+2,
662.00,3.12606171E+2,
663.00,3.14412445E+2,
664.00,3.29527405E+2,
665.00,4.86983948E+2,
666.00,3.54680389E+2,
667.00,5.20227112E+2,
668.00,4.64224213E+2,
669.00,3.52828552E+2,
670.00,5.95853027E+2,
671.00,3.79666229E+2,
672.00,5.64603333E+2,
673.00,8.38048706E+2,
674.00,8.38664124E+2,
675.00,7.75311157E+2,
676.00,8.51927856E+2,
677.00,8.59310974E+2,
678.00,9.67466125E+2,
679.00,9.91722290E+2,
680.00,9.82070190E+2,
681.00,1.10576855E+3,
682.00,1.19682263E+3,
683.00,1.36766943E+3,
684.00,1.55675647E+3,
685.00,1.61177600E+3,
686.00,1.50237549E+3,
687.00,1.55292224E+3,
688.00,1.54962378E+3,
689.00,1.83678931E+3,
690.00,2.01079285E+3,
691.00,2.08194873E+3,
692.00,2.48212964E+3,
693.00,2.68523071E+3,
694.00,2.83886914E+3,
695.00,2.89049414E+3,
696.00,3.05428296E+3,
697.00,2.91624976E+3,
698.00,2.78676001E+3,
699.00,3.42588306E+3,
700.00,3.40492651E+3,
701.00,3.41276245E+3,
702.00,3.87049731E+3,
703.00,3.54779883E+3,
704.00,3.80125781E+3,
705.00,3.64258032E+3,
706.00,4.31741064E+3,
707.00,4.31033496E+3,
708.00,4.75324219E+3,
709.00,4.83966260E+3,
710.00,5.09430859E+3,
711.00,5.05888379E+3,
712.00,5.02851123E+3,
713.00,5.30083496E+3,
714.00,5.63142432E+3,
715.00,5.99188525E+3,
716.00,5.91386670E+3,
717.00,5.93429346E+3,
718.00,6.14647314E+3,
719.00,5.99605371E+3,
720.00,6.41770947E+3,
721.00,6.32773779E+3,
722.00,6.56485156E+3,
723.00,6.76782959E+3,
724.00,6.73353174E+3,
725.00,7.24811963E+3,
726.00,7.16088037E+3,
727.00,6.94369727E+3,
728.00,7.40370996E+3,
729.00,7.35314893E+3,
730.00,7.38348291E+3,
731.00,8.10033301E+3,
732.00,7.96543213E+3,
733.00,7.57432031E+3,
734.00,8.04148730E+3,
735.00,7.92182275E+3,
736.00,8.23102734E+3,
737.00,8.19622656E+3,
738.00,8.31018945E+3,
739.00,8.61830273E+3,
740.00,8.44051074E+3,
741.00,8.69225000E+3,
742.00,8.85458496E+3,
743.00,8.89023047E+3,
744.00,9.26070215E+3,
745.00,8.76101758E+3,
746.00,9.27435938E+3,
747.00,9.36161133E+3,
748.00,9.37703320E+3,
749.00,9.55687793E+3,
750.00,9.37237500E+3,
751.00,9.76133496E+3,
752.00,9.66240527E+3,
753.00,1.01245693E+4,
754.00,9.74216211E+3,
755.00,1.01954756E+4,
756.00,1.00400361E+4,
757.00,1.02541992E+4,
758.00,1.02251191E+4,
759.00,1.02446240E+4,
760.00,1.01027480E+4,
761.00,1.03783926E+4,
762.00,1.02126377E+4,
763.00,1.05512598E+4,
764.00,1.07370439E+4,
765.00,1.06047109E+4,
766.00,1.04137090E+4,
767.00,1.05597500E+4,
768.00,1.05334678E+4,
769.00,1.09146777E+4,
770.00,1.08715645E+4,
771.00,1.10783447E+4,
772.00,1.06108018E+4,
773.00,1.07486885E+4,
774.00,1.10176963E+4,
775.00,1.07698672E+4,
776.00,1.12284756E+4,
777.00,1.08692314E+4,
778.00,1.14570410E+4,
779.00,1.13920059E+4,
780.00,1.13411533E+4,
781.00,1.10964053E+4,
782.00,1.12941846E+4,
783.00,1.14479277E+4,
784.00,1.13620977E+4,
785.00,1.12202002E+4,
786.00,1.17438643E+4,
787.00,1.10879688E+4,
788.00,1.17486270E+4,
789.00,1.13402969E+4,
790.00,1.15267773E+4,
791.00,1.14206104E+4,
792.00,1.10696563E+4,
793.00,1.14771289E+4,
794.00,1.12905352E+4,
795.00,1.14979180E+4,
796.00,1.16126318E+4,
797.00,1.15226875E+4,
798.00,1.10334043E+4,
799.00,1.16013887E+4,
800.00,1.17435303E+4,
801.00,1.14608467E+4,
802.00,1.16632256E+4,
803.00,1.14227295E+4,
804.00,1.15333555E+4,
805.00,1.14910195E+4,
806.00,1.15830713E+4,
807.00,1.17468057E+4,
808.00,1.14867314E+4,
809.00,1.14816650E+4,
810.00,1.15985205E+4,
811.00,1.12271826E+4,
812.00,1.14211689E+4,
813.00,1.16113525E+4,
814.00,1.14718125E+4,
815.00,1.14108184E+4,
816.00,1.14564697E+4,
817.00,1.15596016E+4,
818.00,1.13575898E+4,
819.00,1.16629639E+4,
820.00,1.11852197E+4,
821.00,1.10861064E+4,
822.00,1.15428555E+4,
823.00,1.12325156E+4,
824.00,1.13171924E+4,
825.00,1.11931826E+4,
826.00,1.11278838E+4,
827.00,1.12086104E+4,
828.00,1.14330381E+4,
829.00,1.08786738E+4,
830.00,1.11816416E+4,
831.00,1.12999170E+4,
832.00,1.10346719E+4,
833.00,1.10580947E+4,
834.00,1.09272695E+4,
835.00,1.07415186E+4,
836.00,1.06643193E+4,
837.00,1.07076611E+4,
838.00,1.06628174E+4,
839.00,1.08288389E+4,
840.00,1.05993379E+4,
841.00,1.06160293E+4,
842.00,1.06329756E+4,
843.00,1.07533965E+4,
844.00,1.05981680E+4,
845.00,1.03442490E+4,
846.00,1.04792500E+4,
847.00,1.02382979E+4,
848.00,1.04001387E+4,
849.00,1.03284971E+4,
850.00,1.02043711E+4,
851.00,1.02483809E+4,
852.00,1.00582227E+4,
853.00,1.01834277E+4,
854.00,1.00590664E+4,
855.00,1.00568467E+4,
856.00,1.01242021E+4,
857.00,9.98848145E+3,
858.00,1.00275273E+4,
859.00,1.00526953E+4,
860.00,9.75109180E+3,
861.00,9.83204297E+3,
862.00,9.72263184E+3,
863.00,9.72990332E+3,
864.00,9.62870215E+3,
865.00,9.42904980E+3,
866.00,9.71706738E+3,
867.00,9.77869824E+3,
868.00,9.36632324E+3,
869.00,9.40091895E+3,
870.00,9.04578711E+3,
871.00,8.97434082E+3,
872.00,9.18755469E+3,
873.00,9.17460938E+3,
874.00,8.86725977E+3,
875.00,9.02001758E+3,
876.00,8.81469629E+3,
877.00,8.93957910E+3,
878.00,8.91800488E+3,
879.00,9.08564258E+3,
880.00,8.75580176E+3,
881.00,8.58776172E+3,
882.00,8.66534570E+3,
883.00,8.67316211E+3,
884.00,8.43222461E+3,
885.00,8.43909668E+3,
886.00,8.42082910E+3,
887.00,8.25911719E+3,
888.00,8.19659668E+3,
889.00,7.88122607E+3,
890.00,8.04521582E+3,
891.00,7.97257617E+3,
892.00,7.79951221E+3,
893.00,7.85432764E+3,
894.00,7.86005371E+3,
895.00,7.79648291E+3,
896.00,7.62246289E+3,
897.00,7.62745752E+3,
898.00,7.52218799E+3,
899.00,7.38507080E+3,
900.00,7.32645898E+3,
901.00,7.23907666E+3,
902.00,7.19073633E+3,
903.00,7.07720215E+3,
904.00,6.88473389E+3,
905.00,6.88315137E+3,
906.00,6.93972754E+3,
907.00,6.84798926E+3,
908.00,6.80539453E+3,
909.00,6.74160303E+3,
910.00,6.51218115E+3,
911.00,6.69072314E+3,
912.00,6.55340283E+3,
913.00,6.39020850E+3,
914.00,6.44709570E+3,
915.00,6.32918555E+3,
916.00,6.21552295E+3,
917.00,6.24927100E+3,
918.00,6.26277979E+3,
919.00,6.01563623E+3,
920.00,6.09543896E+3,
921.00,5.92553516E+3,
922.00,5.82500830E+3,
923.00,5.94962402E+3,
924.00,5.84775635E+3,
925.00,5.70674170E+3,
926.00,5.69332959E+3,
927.00,5.57620557E+3,
928.00,5.49896875E+3,
929.00,5.43606104E+3,
930.00,5.37900146E+3,
931.00,5.41147412E+3,
932.00,5.20840771E+3,
933.00,5.29515479E+3,
934.00,5.20882959E+3,
935.00,5.14144238E+3,
936.00,5.08253564E+3,
937.00,4.95785986E+3,
938.00,4.98267725E+3,
939.00,4.88093311E+3,
940.00,4.82950195E+3,
941.00,4.83786426E+3,
942.00,4.75342383E+3,
943.00,4.74735107E+3,
944.00,4.64938086E+3,
945.00,4.62478516E+3,
946.00,4.56692041E+3,
947.00,4.49000635E+3,
948.00,4.33651953E+3,
949.00,4.37197607E+3,
950.00,4.29292432E+3,
951.00,4.11602979E+3,
952.00,4.21662402E+3,
953.00,4.08058789E+3,
954.00,4.08760986E+3,
955.00,3.94771704E+3,
956.00,3.97822437E+3,
957.00,3.91860718E+3,
958.00,3.84549146E+3,
959.00,3.86960767E+3,
960.00,3.73855713E+3,
961.00,3.68258521E+3,
962.00,3.70183838E+3,
963.00,3.66717285E+3,
964.00,3.56933740E+3,
965.00,3.54866211E+3,
966.00,3.44632178E+3,
967.00,3.43042090E+3,
968.00,3.40787378E+3,
969.00,3.34696313E+3,
970.00,3.28393896E+3,
971.00,3.23444775E+3,
972.00,3.19034033E+3,
973.00,3.17594800E+3,
974.00,3.13038940E+3,
975.00,3.08778882E+3,
976.00,3.04462280E+3,
977.00,3.07831006E+3,
978.00,3.02908203E+3,
979.00,2.94519702E+3,
980.00,2.89017798E+3,
981.00,2.82940112E+3,
982.00,2.80811084E+3,
983.00,2.74308862E+3,
984.00,2.72412085E+3,
985.00,2.70655688E+3,
986.00,2.69167920E+3,
987.00,2.65640552E+3,
988.00,2.64115283E+3,
989.00,2.54520117E+3,
990.00,2.54428735E+3,
991.00,2.51377783E+3,
992.00,2.45998901E+3,
993.00,2.41226538E+3,
994.00,2.45617358E+3,
995.00,2.31562183E+3,
996.00,2.37307080E+3,
997.00,2.30101953E+3,
998.00,2.18939355E+3,
999.00,2.32103442E+3,
1000.00,2.25061938E+3,
1001.000,2.19778931E+3,
1002.000,2.13129810E+3,
1003.000,2.11716138E+3,
1004.000,2.14336401E+3,
1005.000,2.11368140E+3,
1006.000,2.06771509E+3,
1007.000,1.99705225E+3,
1008.000,1.93652686E+3,
1009.000,1.99568738E+3,
1010.00,1.90340540E+3,
1011.000,1.94832166E+3,
1012.000,1.88039331E+3,
1013.000,1.85529761E+3,
1014.000,1.83671155E+3,
1015.000,1.80960217E+3,
1016.000,1.76344031E+3,
1017.000,1.78502527E+3,
1018.000,1.73240503E+3,
1019.000,1.68990137E+3,
1020.00,1.69372058E+3,
1021.000,1.68640210E+3,
1022.000,1.65020288E+3,
1023.000,1.64970093E+3,
1024.000,1.54168872E+3,
1025.000,1.55544214E+3,
1026.000,1.53875586E+3,
1027.000,1.53238977E+3,
1028.000,1.51460486E+3,
1029.000,1.49671936E+3,
1030.00,1.44492188E+3,
1031.000,1.45854053E+3,
1032.000,1.40917017E+3,
1033.000,1.39035876E+3,
1034.000,1.36546851E+3,
1035.000,1.34419250E+3,
1036.000,1.30232544E+3,
1037.000,1.32022095E+3,
1038.000,1.34030542E+3,
1039.000,1.27187244E+3,
1040.00,1.29961963E+3,
1041.000,1.23974292E+3,
1042.000,1.22461731E+3,
1043.000,1.20064233E+3,
1044.000,1.20207922E+3,
1045.000,1.17197778E+3,
1046.000,1.12462329E+3,
1047.000,1.13216089E+3,
1048.000,1.15251965E+3,
1049.000,1.07791138E+3,
1050.00,1.09061194E+3,
1051.000,1.08201599E+3,
1052.000,1.03673975E+3,
1053.000,1.05938745E+3,
1054.000,1.01803015E+3,
1055.000,1.02853467E+3,
1056.000,9.78672668E+2,
1057.000,9.97214111E+2,
1058.000,9.73752197E+2,
1059.000,9.80494446E+2,
1060.00,9.50122620E+2,
1061.000,9.34165222E+2,
1062.000,9.25959961E+2,
1063.000,8.98657227E+2,
1064.000,8.72608521E+2,
1065.000,8.77717163E+2,
1066.000,8.22150818E+2,
1067.000,8.39032043E+2,
1068.000,8.21066528E+2,
1069.000,8.03368042E+2,
1070.00,8.17192749E+2,
1071.000,7.95638733E+2,
1072.000,7.62604980E+2,
1073.000,7.83834473E+2,
1074.000,7.31749023E+2,
1075.000,7.83931519E+2,
1076.000,7.35278564E+2,
1077.000,7.77919189E+2,
1078.000,7.55705872E+2,
1079.000,6.97078247E+2,
1080.00,7.12253723E+2,
1081.000,6.71390625E+2,
1082.000,6.60758484E+2,
1083.000,6.69437378E+2,
1084.000,6.06364014E+2,
1085.000,6.43185730E+2,
1086.000,6.26196899E+2,
1087.000,6.74920105E+2,
1088.000,6.43990173E+2,
1089.000,6.15028992E+2,
1090.00,6.06956482E+2,
1091.000,5.95523071E+2,
1092.000,5.90917297E+2,
1093.000,5.51278259E+2,
1094.000,5.94446777E+2,
1095.000,5.93872131E+2,
1096.000,5.36150085E+2,
1097.000,5.60237915E+2,
1098.000,5.48226990E+2,
1099.000,5.15895020E+2,
1100.00,5.49037476E+2,
1101.000,5.22492065E+2,
1102.000,5.25365540E+2,
1103.000,5.36489014E+2,
1104.000,5.24682129E+2,
1105.000,4.66497467E+2,
1106.000,5.23747620E+2,
1107.000,5.14116577E+2,
1108.000,4.48175171E+2,
1109.000,4.63708740E+2,
1110.00,4.88407288E+2,
1111.000,4.42486053E+2,
1112.000,4.45330322E+2,
1113.000,4.35942932E+2,
1114.000,4.56621918E+2,
1115.000,4.44981842E+2,
1116.000,4.20462891E+2,
1117.000,3.85775879E+2,
1118.000,4.24248688E+2,
1119.000,4.11320313E+2,
1120.00,4.06191620E+2,
1121.000,4.03804260E+2,
1122.000,3.97347626E+2,
1123.000,4.13289795E+2,
1124.000,3.68864258E+2,
1125.000,3.87197815E+2,
1126.000,3.94251129E+2,
1127.000,3.64563171E+2,
1128.000,3.59639130E+2,
1129.000,3.89464020E+2,
1130.00,3.95999115E+2,
1131.000,3.41848572E+2,
1132.000,3.24287750E+2,
1133.000,3.82537567E+2,
1134.000,3.72180481E+2,
1135.000,3.33114197E+2,
1136.000,3.10105530E+2,
1137.000,3.10964447E+2,
1138.000,3.45935944E+2,
1139.000,3.17980621E+2,
1140.00,3.12038818E+2,
1141.000,3.21092621E+2,
1142.000,3.15141724E+2,
1143.000,3.15733765E+2,
1144.000,3.28572906E+2,
1145.000,2.91960419E+2,
1146.000,3.03570068E+2,
1147.000,3.36812805E+2,
1148.000,2.92526794E+2,
1149.000,2.68230713E+2,
1150.00,2.96517822E+2,
1151.000,2.96407440E+2,
1152.000,2.79252167E+2,
1153.000,2.73525116E+2,
1154.000,2.95299683E+2,
1155.000,2.92712982E+2,
1156.000,3.11774353E+2,
1157.000,2.75708954E+2,
1158.000,2.70225189E+2,
1159.000,2.81832977E+2,
1160.00,2.48610107E+2,
1161.000,2.56592224E+2,
1162.000,2.99130463E+2,
1163.000,2.68525208E+2,
1164.000,2.68380737E+2,
1165.000,2.71374481E+2,
1166.000,2.59419281E+2,
1167.000,2.70820282E+2,
1168.000,2.64529694E+2,
1169.000,2.71180389E+2,
1170.00,2.62354279E+2,
1171.000,2.55257736E+2,
1172.000,2.50445786E+2,
1173.000,2.74380981E+2,
1174.000,2.71732422E+2,
1175.000,2.58111938E+2,
1176.000,2.96367920E+2,
1177.000,2.79130066E+2,
1178.000,2.84919891E+2,
1179.000,2.05061325E+2,
1180.00,2.37296265E+2,
1181.000,2.61940002E+2,
1182.000,2.66232758E+2,
1183.000,2.73951996E+2,
1184.000,2.83435547E+2,
1185.000,2.37618042E+2,
1186.000,2.44074829E+2,
1187.000,2.55126190E+2,
1188.000,2.53415512E+2,
1189.000,2.28084244E+2,
1190.00,2.56062866E+2,
1191.000,2.75337646E+2,
1192.000,3.08358093E+2,
1193.000,2.48427780E+2,
1194.000,2.76043671E+2,
1195.000,2.73535461E+2,
1196.000,2.60595825E+2,
1197.000,2.92231262E+2,
1198.000,2.81506348E+2,
1199.000,2.76073669E+2,
1200.00,2.83778748E+2,
1201.000,2.95853424E+2,
1202.000,2.96359833E+2,
1203.000,3.02913910E+2,
1204.000,2.99713196E+2,
1205.000,2.61085693E+2,
1206.000,2.87600403E+2,
1207.000,3.21996796E+2,
1208.000,2.96891571E+2,
1209.000,3.04717712E+2,
1210.00,3.02421600E+2,
1211.000,3.43882721E+2,
1212.000,3.28340576E+2,
1213.000,3.28810760E+2,
1214.000,3.49501709E+2,
1215.000,3.24239227E+2,
1216.000,3.59382202E+2,
1217.000,3.42079010E+2,
1218.000,3.76332306E+2,
1219.000,3.67448700E+2,
1220.00,3.45981995E+2,
1221.000,3.49322815E+2,
1222.000,3.53088776E+2,
1223.000,4.04121582E+2,
1224.000,3.86099396E+2,
1225.000,3.77081207E+2,
1226.000,4.05793396E+2,
1227.000,3.89702026E+2,
1228.000,4.18974152E+2,
1229.000,3.95555237E+2,
1230.00,4.05232056E+2,
1231.000,4.60583923E+2,
1232.000,4.93558411E+2,
1233.000,4.69067444E+2,
1234.000,4.53435303E+2,
1235.000,4.97277405E+2,
1236.000,4.86432159E+2,
1237.000,4.72323395E+2,
1238.000,4.93763947E+2,
1239.000,5.34232910E+2,
1240.00,5.22056519E+2,
1241.000,5.43435486E+2,
1242.000,5.56835938E+2,
1243.000,5.74369934E+2,
1244.000,5.78097900E+2,
1245.000,6.25091431E+2,
1246.000,5.89259827E+2,
1247.000,5.81597107E+2,
1248.000,6.04369568E+2,
1249.000,6.46319214E+2,
1250.00,6.70570862E+2,
1251.000,6.83673889E+2,
1252.000,6.57681763E+2,
1253.000,7.09308411E+2,
1254.000,6.52914490E+2,
1255.000,7.41407959E+2,
1256.000,7.23069885E+2,
1257.000,7.26497437E+2,
1258.000,7.68008484E+2,
1259.000,7.79554443E+2,
1260.00,7.33719482E+2,
1261.000,7.92364258E+2,
1262.000,8.24147034E+2,
1263.000,8.00576904E+2,
1264.000,8.86009399E+2,
1265.000,8.36702637E+2,
1266.000,8.53688232E+2,
1267.000,8.88987671E+2,
1268.000,9.42887756E+2,
1269.000,9.12182800E+2,
1270.00,9.63314514E+2,
1271.000,9.67157593E+2,
1272.000,1.01463727E+3,
1273.000,1.00325537E+3,
1274.000,1.03040552E+3,
1275.000,1.02081372E+3,
1276.000,1.09464355E+3,
1277.000,1.08903052E+3,
1278.000,1.08725330E+3,
1279.000,1.14208167E+3,
1280.00,1.18068970E+3,
1281.000,1.21478101E+3,
1282.000,1.19234644E+3,
1283.000,1.24900305E+3,
1284.000,1.23580920E+3,
1285.000,1.31272876E+3,
1286.000,1.29223047E+3,
1287.000,1.40883887E+3,
1288.000,1.40099792E+3,
1289.000,1.41308350E+3,
1290.00,1.43944275E+3,
1291.000,1.54126746E+3,
1292.000,1.51404895E+3,
1293.000,1.53857227E+3,
1294.000,1.51014954E+3,
1295.000,1.56242773E+3,
1296.000,1.64856055E+3,
1297.000,1.69588232E+3,
1298.000,1.70582910E+3,
1299.000,1.67411548E+3,
1300.00,1.71960193E+3,
1301.000,1.84497473E+3,
1302.000,1.83335535E+3,
1303.000,1.87759045E+3,
1304.000,1.92599683E+3,
1305.000,1.96063623E+3,
1306.000,2.03559204E+3,
1307.000,2.09876514E+3,
1308.000,2.14815088E+3,
1309.000,2.10365479E+3,
1310.00,2.20158765E+3,
1311.000,2.24802515E+3,
1312.000,2.31950342E+3,
1313.000,2.33216992E+3,
1314.000,2.32696167E+3,
1315.000,2.38228369E+3,
1316.000,2.36921680E+3,
1317.000,2.49809937E+3,
1318.000,2.54564160E+3,
1319.000,2.52565283E+3,
1320.00,2.63328394E+3,
1321.000,2.62486987E+3,
1322.000,2.70271509E+3,
1323.000,2.84630713E+3,
1324.000,2.92918994E+3,
1325.000,2.91067065E+3,
1326.000,3.03518213E+3,
1327.000,3.01648706E+3,
1328.000,3.06056958E+3,
1329.000,3.19098315E+3,
1330.00,3.21983984E+3,
1331.000,3.35600195E+3,
1332.000,3.36144458E+3,
1333.000,3.33545923E+3,
1334.000,3.43324780E+3,
1335.000,3.50203564E+3,
1336.000,3.53700220E+3,
1337.000,3.66986133E+3,
1338.000,3.71708936E+3,
1339.000,3.81332227E+3,
1340.00,3.78920215E+3,
1341.000,3.90864575E+3,
1342.000,4.05820386E+3,
1343.000,4.07875415E+3,
1344.000,4.03620654E+3,
1345.000,4.17535010E+3,
1346.000,4.24758252E+3,
1347.000,4.35049170E+3,
1348.000,4.41995947E+3,
1349.000,4.51988574E+3,
1350.00,4.57583984E+3,
1351.000,4.68047217E+3,
1352.000,4.67072021E+3,
1353.000,4.84563135E+3,
1354.000,4.82381250E+3,
1355.000,5.05722949E+3,
1356.000,5.07845313E+3,
1357.000,5.13098193E+3,
1358.000,5.24288232E+3,
1359.000,5.28170850E+3,
1360.00,5.47661426E+3,
1361.000,5.54810107E+3,
1362.000,5.65802588E+3,
1363.000,5.62010986E+3,
1364.000,5.73820898E+3,
1365.000,5.92109277E+3,
1366.000,5.89225391E+3,
1367.000,5.91472803E+3,
1368.000,6.18264111E+3,
1369.000,6.18858105E+3,
1370.00,6.22388818E+3,
1371.000,6.42220166E+3,
1372.000,6.52198145E+3,
1373.000,6.48959229E+3,
1374.000,6.60768604E+3,
1375.000,6.68588232E+3,
1376.000,6.76037988E+3,
1377.000,6.95105615E+3,
1378.000,6.88075098E+3,
1379.000,6.97825195E+3,
1380.00,7.26518262E+3,
1381.000,7.40599463E+3,
1382.000,7.39650732E+3,
1383.000,7.55653760E+3,
1384.000,7.67053564E+3,
1385.000,7.62331982E+3,
1386.000,7.57917139E+3,
1387.000,7.86468066E+3,
1388.000,7.87954053E+3,
1389.000,8.08069043E+3,
1390.00,8.04404980E+3,
1391.000,8.12086523E+3,
1392.000,8.23065723E+3,
1393.000,8.46060059E+3,
1394.000,8.34759570E+3,
1395.000,8.59108398E+3,
1396.000,8.85531641E+3,
1397.000,8.66073242E+3,
1398.000,8.84457129E+3,
1399.000,8.94756836E+3,
1400.00,9.25410742E+3,
1401.000,9.29701270E+3,
1402.000,9.35867676E+3,
1403.000,9.12451758E+3,
1404.000,9.46858105E+3,
1405.000,9.70805664E+3,
1406.000,9.72501465E+3,
1407.000,9.78439941E+3,
1408.000,9.91470703E+3,
1409.000,1.00409395E+4,
1410.00,1.02022354E+4,
1411.000,1.00524766E+4,
1412.000,1.02240527E+4,
1413.000,1.03545605E+4,
1414.000,1.03964941E+4,
1415.000,1.05681816E+4,
1416.000,1.04290049E+4,
1417.000,1.08024199E+4,
1418.000,1.10090039E+4,
1419.000,1.11051436E+4,
1420.00,1.11902705E+4,
1421.000,1.12008203E+4,
1422.000,1.12603994E+4,
1423.000,1.14834951E+4,
1424.000,1.16191631E+4,
1425.000,1.15238359E+4,
1426.000,1.16662598E+4,
1427.000,1.18615186E+4,
1428.000,1.19053086E+4,
1429.000,1.21378838E+4,
1430.00,1.21514189E+4,
1431.000,1.22629863E+4,
1432.000,1.24726436E+4,
1433.000,1.25249600E+4,
1434.000,1.25580117E+4,
1435.000,1.27979893E+4,
1436.000,1.27144854E+4,
1437.000,1.28556299E+4,
1438.000,1.31361826E+4,
1439.000,1.32247695E+4,
1440.00,1.32539277E+4,
1441.000,1.33717061E+4,
1442.000,1.33953105E+4,
1443.000,1.35281836E+4,
1444.000,1.36884238E+4,
1445.000,1.37084375E+4,
1446.000,1.38678447E+4,
1447.000,1.39344102E+4,
1448.000,1.38869316E+4,
1449.000,1.40841768E+4,
1450.00,1.42091523E+4,
1451.000,1.41480918E+4,
1452.000,1.43360996E+4,
1453.000,1.44789580E+4,
1454.000,1.45002090E+4,
1455.000,1.46095830E+4,
1456.000,1.47035029E+4,
1457.000,1.48152256E+4,
1458.000,1.49539775E+4,
1459.000,1.50353896E+4,
1460.00,1.51819561E+4,
1461.000,1.51495889E+4,
1462.000,1.53210361E+4,
1463.000,1.53149248E+4,
1464.000,1.53268721E+4,
1465.000,1.52806699E+4,
1466.000,1.56420449E+4,
1467.000,1.56671221E+4,
1468.000,1.58093584E+4,
1469.000,1.57516680E+4,
1470.00,1.59099063E+4,
1471.000,1.61119346E+4,
1472.000,1.61039961E+4,
1473.000,1.62980156E+4,
1474.000,1.63133506E+4,
1475.000,1.63051143E+4,
1476.000,1.63595410E+4,
1477.000,1.64496094E+4,
1478.000,1.66461816E+4,
1479.000,1.65725957E+4,
1480.00,1.68765000E+4,
1481.000,1.66672871E+4,
1482.000,1.68693125E+4,
1483.000,1.69940234E+4,
1484.000,1.70551758E+4,
1485.000,1.69890996E+4,
1486.000,1.71359121E+4,
1487.000,1.71963262E+4,
1488.000,1.72632813E+4,
1489.000,1.71140195E+4,
1490.00,1.73819961E+4,
1491.000,1.72693105E+4,
1492.000,1.74807930E+4,
1493.000,1.75470176E+4,
1494.000,1.77975195E+4,
1495.000,1.75761563E+4,
1496.000,1.77016836E+4,
1497.000,1.78628008E+4,
1498.000,1.75974121E+4,
1499.000,1.76655996E+4,
1500.00,1.77594805E+4,
1501.000,1.77842852E+4,
1502.000,1.81172090E+4,
1503.000,1.80395215E+4,
1504.000,1.80981641E+4,
1505.000,1.80739883E+4,
1506.000,1.80677246E+4,
1507.000,1.82508516E+4,
1508.000,1.82750527E+4,
1509.000,1.84211230E+4,
1510.00,1.82221426E+4,
1511.000,1.82876836E+4,
1512.000,1.82709277E+4,
1513.000,1.83890918E+4,
1514.000,1.85170742E+4,
1515.000,1.84207949E+4,
1516.000,1.85769844E+4,
1517.000,1.83062246E+4,
1518.000,1.85202480E+4,
1519.000,1.84699043E+4,
1520.00,1.86718281E+4,
1521.000,1.85797949E+4,
1522.000,1.86664512E+4,
1523.000,1.85227070E+4,
1524.000,1.87571680E+4,
1525.000,1.86619707E+4,
1526.000,1.87004785E+4,
1527.000,1.89340469E+4,
1528.000,1.87694590E+4,
1529.000,1.86077285E+4,
1530.00,1.87352383E+4,
1531.000,1.87603574E+4,
1532.000,1.88942520E+4,
1533.000,1.88207461E+4,
1534.000,1.87623906E+4,
1535.000,1.88307109E+4,
1536.000,1.88633086E+4,
1537.000,1.87588770E+4,
1538.000,1.88312754E+4,
1539.000,1.90022988E+4,
1540.00,1.88781367E+4,
1541.000,1.89083457E+4,
1542.000,1.87928965E+4,
1543.000,1.86393184E+4,
1544.000,1.88776953E+4,
1545.000,1.89445488E+4,
1546.000,1.87600547E+4,
1547.000,1.87083242E+4,
1548.000,1.89116699E+4,
1549.000,1.87232266E+4,
1550.00,1.88239063E+4,
1551.000,1.89839785E+4,
1552.000,1.89054336E+4,
1553.000,1.87241836E+4,
1554.000,1.89868633E+4,
1555.000,1.89985313E+4,
1556.000,1.86991211E+4,
1557.000,1.87296563E+4,
1558.000,1.88028223E+4,
1559.000,1.87979141E+4,
1560.00,1.87812227E+4,
1561.000,1.86189980E+4,
1562.000,1.87609961E+4,
1563.000,1.84175566E+4,
1564.000,1.85484922E+4,
1565.000,1.86125742E+4,
1566.000,1.85064980E+4,
1567.000,1.85232773E+4,
1568.000,1.85049707E+4,
1569.000,1.86652285E+4,
1570.00,1.82524180E+4,
1571.000,1.84437559E+4,
1572.000,1.83266758E+4,
1573.000,1.83545898E+4,
1574.000,1.81385098E+4,
1575.000,1.83353066E+4,
1576.000,1.83112207E+4,
1577.000,1.82282500E+4,
1578.000,1.80361172E+4,
1579.000,1.83372949E+4,
1580.00,1.82277754E+4,
1581.000,1.81597910E+4,
1582.000,1.79942598E+4,
1583.000,1.81009219E+4,
1584.000,1.79217344E+4,
1585.000,1.80548926E+4,
1586.000,1.78848672E+4,
1587.000,1.77780156E+4,
1588.000,1.80001152E+4,
1589.000,1.79382148E+4,
1590.00,1.76742773E+4,
1591.000,1.78450938E+4,
1592.000,1.75315625E+4,
1593.000,1.76813066E+4,
1594.000,1.78146016E+4,
1595.000,1.76834453E+4,
1596.000,1.76858633E+4,
1597.000,1.74663203E+4,
1598.000,1.77220605E+4,
1599.000,1.75001348E+4,
1600.00,1.73412930E+4,
1601.000,1.76078770E+4,
1602.000,1.72025000E+4,
1603.000,1.73301191E+4,
1604.000,1.71579727E+4,
1605.000,1.73347090E+4,
1606.000,1.71575391E+4,
1607.000,1.70393516E+4,
1608.000,1.69467949E+4,
1609.000,1.67342969E+4,
1610.00,1.66870352E+4,
1611.000,1.70827207E+4,
1612.000,1.67770488E+4,
1613.000,1.67727520E+4,
1614.000,1.67458809E+4,
1615.000,1.65920254E+4,
1616.000,1.64072266E+4,
1617.000,1.64073867E+4,
1618.000,1.64488477E+4,
1619.000,1.63161504E+4,
1620.00,1.63190342E+4,
1621.000,1.62729219E+4,
1622.000,1.64078066E+4,
1623.000,1.62871621E+4,
1624.000,1.62474189E+4,
1625.000,1.61610371E+4,
1626.000,1.61701318E+4,
1627.000,1.62319863E+4,
1628.000,1.62582998E+4,
1629.000,1.61738877E+4,
1630.00,1.61268086E+4,
1631.000,1.60967529E+4,
1632.000,1.60931855E+4,
1633.000,1.60004512E+4,
1634.000,1.60838301E+4,
1635.000,1.58795645E+4,
1636.000,1.59953477E+4,
1637.000,1.60882627E+4,
1638.000,1.57488936E+4,
1639.000,1.58045654E+4,
1640.00,1.59229346E+4,
1641.000,1.61255439E+4,
1642.000,1.58877354E+4,
1643.000,1.54499785E+4,
1644.000,1.56178291E+4,
1645.000,1.55187285E+4,
1646.000,1.53822793E+4,
1647.000,1.60384531E+4,
1648.000,1.56047559E+4,
1649.000,1.59809150E+4,
1650.00,1.52803174E+4,
