Labels,F3-1500-1541-EX,
Type,Excitation Scan,
Comment,,
Start,250.00,
Stop,800.00,
Step,1.00,
Fixed/Offset,1541.000,
Xaxis,Wavelength,
Yaxis,Counts,
Scan Corr. by File,False,
Corr. by Ref. Det.,True,
Fixed/Offset Corr. by File,True,
Repeats,1,
Dwell Time,0.10,
Lamp,Xenon,
Temp,0.00,
Scan Polariser,None,
Scan Slit,4.0000019,
Fixed/Offset Polariser,None,
Fixed/Offset Slit,2.9999912,
Detector,Det2,

250.00,9.93918066E+3,
251.00,2.83233716E+3,
252.00,8.01326367E+3,
253.00,3.72672314E+3,
254.00,9.45664941E+3,
255.00,7.30310449E+3,
256.00,4.48239111E+3,
257.00,4.67154150E+3,
258.00,5.66234619E+3,
259.00,7.31871533E+3,
260.00,7.05483887E+3,
261.00,6.88793945E+3,
262.00,5.74179150E+3,
263.00,6.69671094E+3,
264.00,6.62552148E+3,
265.00,5.91211475E+3,
266.00,6.75732422E+3,
267.00,6.67665137E+3,
268.00,6.59880762E+3,
269.00,8.45064844E+3,
270.00,7.80556543E+3,
271.00,6.78517773E+3,
272.00,7.37649414E+3,
273.00,7.43487988E+3,
274.00,7.44042236E+3,
275.00,7.02293994E+3,
276.00,6.86192139E+3,
277.00,7.21864795E+3,
278.00,6.97779248E+3,
279.00,6.85864209E+3,
280.00,7.22427490E+3,
281.00,6.64161670E+3,
282.00,6.96540332E+3,
283.00,7.38272900E+3,
284.00,7.00100391E+3,
285.00,6.64004492E+3,
286.00,6.96527832E+3,
287.00,6.59676465E+3,
288.00,6.60033984E+3,
289.00,6.30298828E+3,
290.00,6.27521582E+3,
291.00,6.36604639E+3,
292.00,6.23369336E+3,
293.00,5.75420215E+3,
294.00,5.65853271E+3,
295.00,5.62683105E+3,
296.00,5.31525488E+3,
297.00,4.79491016E+3,
298.00,5.04988623E+3,
299.00,4.52883203E+3,
300.00,4.21420068E+3,
301.00,4.00081152E+3,
302.00,3.64465039E+3,
303.00,3.71330615E+3,
304.00,3.69138257E+3,
305.00,3.50813110E+3,
306.00,2.82338843E+3,
307.00,2.75289331E+3,
308.00,2.52532251E+3,
309.00,2.19041479E+3,
310.00,2.22931177E+3,
311.00,1.82133643E+3,
312.00,1.76667749E+3,
313.00,1.52129663E+3,
314.00,1.38802673E+3,
315.00,1.46930481E+3,
316.00,1.26765930E+3,
317.00,1.16188513E+3,
318.00,1.02066364E+3,
319.00,8.04626770E+2,
320.00,9.72689575E+2,
321.00,9.40941223E+2,
322.00,8.46717896E+2,
323.00,7.36469604E+2,
324.00,6.56832947E+2,
325.00,6.42837036E+2,
326.00,7.02314026E+2,
327.00,4.81427338E+2,
328.00,4.42829681E+2,
329.00,4.97691833E+2,
330.00,4.92731842E+2,
331.00,4.22725952E+2,
332.00,4.86400238E+2,
333.00,3.65393402E+2,
334.00,3.22653259E+2,
335.00,3.40664520E+2,
336.00,3.93665039E+2,
337.00,2.95839630E+2,
338.00,3.36691681E+2,
339.00,3.41940338E+2,
340.00,3.39629364E+2,
341.00,2.69595459E+2,
342.00,2.71775543E+2,
343.00,2.39342056E+2,
344.00,2.28053162E+2,
345.00,2.65651764E+2,
346.00,2.59367371E+2,
347.00,2.54069138E+2,
348.00,2.21263565E+2,
349.00,1.79477524E+2,
350.00,1.47714386E+2,
351.00,1.96809311E+2,
352.00,2.88758423E+2,
353.00,3.08760132E+2,
354.00,2.23260513E+2,
355.00,3.01901306E+2,
356.00,2.95531219E+2,
357.00,4.02620697E+2,
358.00,3.19333618E+2,
359.00,3.49409119E+2,
360.00,3.53957123E+2,
361.00,4.50351837E+2,
362.00,4.30156708E+2,
363.00,4.78125824E+2,
364.00,5.76636047E+2,
365.00,5.89308716E+2,
366.00,5.93598816E+2,
367.00,7.06148865E+2,
368.00,8.57872986E+2,
369.00,8.03029785E+2,
370.00,9.75511536E+2,
371.00,1.18261194E+3,
372.00,1.30967163E+3,
373.00,1.50153210E+3,
374.00,1.69116846E+3,
375.00,1.90963525E+3,
376.00,2.21373804E+3,
377.00,2.47880371E+3,
378.00,2.70882007E+3,
379.00,3.05484399E+3,
380.00,3.50681055E+3,
381.00,3.83257446E+3,
382.00,4.22426416E+3,
383.00,4.71785840E+3,
384.00,5.23992090E+3,
385.00,5.71870264E+3,
386.00,6.19578516E+3,
387.00,6.92379492E+3,
388.00,7.27066064E+3,
389.00,8.06019385E+3,
390.00,8.60690234E+3,
391.00,9.25114453E+3,
392.00,9.72563086E+3,
393.00,1.04569346E+4,
394.00,1.11132002E+4,
395.00,1.15404307E+4,
396.00,1.22874395E+4,
397.00,1.28267617E+4,
398.00,1.33419551E+4,
399.00,1.39474600E+4,
400.00,1.45437998E+4,
401.00,1.48914336E+4,
402.00,1.57005664E+4,
403.00,1.58924189E+4,
404.00,1.65428223E+4,
405.00,1.67038574E+4,
406.00,1.73359727E+4,
407.00,1.77027305E+4,
408.00,1.77234629E+4,
409.00,1.83142109E+4,
410.00,1.83497324E+4,
411.00,1.87443613E+4,
412.00,1.87916816E+4,
413.00,1.92023320E+4,
414.00,1.93429805E+4,
415.00,1.95180176E+4,
416.00,1.97303828E+4,
417.00,1.98423672E+4,
418.00,2.02659473E+4,
419.00,2.02849883E+4,
420.00,2.03248008E+4,
421.00,2.07253887E+4,
422.00,2.07953789E+4,
423.00,2.09087949E+4,
424.00,2.10390566E+4,
425.00,2.14588008E+4,
426.00,2.13078320E+4,
427.00,2.12676836E+4,
428.00,2.14799375E+4,
429.00,2.15682715E+4,
430.00,2.15030156E+4,
431.00,2.15812070E+4,
432.00,2.15944648E+4,
433.00,2.17254961E+4,
434.00,2.21570039E+4,
435.00,2.14771211E+4,
436.00,2.17326523E+4,
437.00,2.16461211E+4,
438.00,2.14813086E+4,
439.00,2.16022441E+4,
440.00,2.16304648E+4,
441.00,2.14863789E+4,
442.00,2.14611953E+4,
443.00,2.14530371E+4,
444.00,2.13733086E+4,
445.00,2.11509863E+4,
446.00,2.11829902E+4,
447.00,2.12424219E+4,
448.00,2.11338184E+4,
449.00,2.08104805E+4,
450.00,2.07838457E+4,
451.00,2.08088809E+4,
452.00,2.06186387E+4,
453.00,2.08264570E+4,
454.00,2.04228281E+4,
455.00,2.02641797E+4,
456.00,2.02391484E+4,
457.00,2.03699023E+4,
458.00,2.00296172E+4,
459.00,1.98935488E+4,
460.00,1.99797168E+4,
461.00,1.95675996E+4,
462.00,1.94164941E+4,
463.00,1.92799004E+4,
464.00,1.91419746E+4,
465.00,1.91844258E+4,
466.00,1.91760879E+4,
467.00,1.89390703E+4,
468.00,1.89670898E+4,
469.00,1.86446719E+4,
470.00,1.86879316E+4,
471.00,1.86975469E+4,
472.00,1.86595254E+4,
473.00,1.85027305E+4,
474.00,1.84637148E+4,
475.00,1.81417910E+4,
476.00,1.79662773E+4,
477.00,1.77102754E+4,
478.00,1.78051426E+4,
479.00,1.76102188E+4,
480.00,1.71554746E+4,
481.00,1.70157617E+4,
482.00,1.69324063E+4,
483.00,1.68098145E+4,
484.00,1.64257832E+4,
485.00,1.63776885E+4,
486.00,1.58309355E+4,
487.00,1.58797842E+4,
488.00,1.55931816E+4,
489.00,1.52147646E+4,
490.00,1.50870781E+4,
491.00,1.47762197E+4,
492.00,1.45843311E+4,
493.00,1.42960547E+4,
494.00,1.41230840E+4,
495.00,1.40260557E+4,
496.00,1.34164434E+4,
497.00,1.31858828E+4,
498.00,1.29095410E+4,
499.00,1.26536611E+4,
500.00,1.23948750E+4,
501.00,1.19383115E+4,
502.00,1.18276318E+4,
503.00,1.15195664E+4,
504.00,1.10811670E+4,
505.00,1.09128535E+4,
506.00,1.05614258E+4,
507.00,1.02890537E+4,
508.00,1.00850107E+4,
509.00,9.53793262E+3,
510.00,9.49108301E+3,
511.00,9.02425586E+3,
512.00,8.85902441E+3,
513.00,8.50692480E+3,
514.00,8.27750488E+3,
515.00,8.15259814E+3,
516.00,7.87494385E+3,
517.00,7.44687305E+3,
518.00,7.38270117E+3,
519.00,6.96833057E+3,
520.00,6.81670459E+3,
521.00,6.71578516E+3,
522.00,6.57205957E+3,
523.00,6.26432178E+3,
524.00,6.06652197E+3,
525.00,5.83923633E+3,
526.00,5.77978027E+3,
527.00,5.47211572E+3,
528.00,5.32995117E+3,
529.00,5.18680566E+3,
530.00,5.22320752E+3,
531.00,5.15163721E+3,
532.00,4.83294287E+3,
533.00,4.96629883E+3,
534.00,4.80548779E+3,
535.00,4.68914258E+3,
536.00,4.62128174E+3,
537.00,4.74087549E+3,
538.00,4.62833887E+3,
539.00,4.48692969E+3,
540.00,4.58648535E+3,
541.00,4.61283789E+3,
542.00,4.47200195E+3,
543.00,4.53058887E+3,
544.00,4.55606885E+3,
545.00,4.55012402E+3,
546.00,4.64736377E+3,
547.00,4.69215234E+3,
548.00,4.80959473E+3,
549.00,4.95136963E+3,
550.00,4.98959961E+3,
551.00,4.77117578E+3,
552.00,5.07918652E+3,
553.00,5.23533301E+3,
554.00,5.25892480E+3,
555.00,5.23442822E+3,
556.00,5.33799072E+3,
557.00,5.45317725E+3,
558.00,5.59860107E+3,
559.00,5.85206787E+3,
560.00,5.95874365E+3,
561.00,6.07082861E+3,
562.00,6.14072266E+3,
563.00,6.29986084E+3,
564.00,6.61120508E+3,
565.00,6.71139502E+3,
566.00,6.90825879E+3,
567.00,6.94162549E+3,
568.00,7.01081641E+3,
569.00,6.94419775E+3,
570.00,7.33136523E+3,
571.00,7.42946191E+3,
572.00,7.62178174E+3,
573.00,7.80529980E+3,
574.00,7.79703516E+3,
575.00,8.00501465E+3,
576.00,8.22463086E+3,
577.00,8.38711035E+3,
578.00,8.38771289E+3,
579.00,8.48417578E+3,
580.00,8.85144922E+3,
581.00,8.84971094E+3,
582.00,9.15397461E+3,
583.00,9.00525781E+3,
584.00,9.37703809E+3,
585.00,9.52861328E+3,
586.00,9.46918750E+3,
587.00,9.65451270E+3,
588.00,9.65087012E+3,
589.00,9.98746191E+3,
590.00,1.00359004E+4,
591.00,9.91302637E+3,
592.00,1.03276777E+4,
593.00,1.03473848E+4,
594.00,1.06306592E+4,
595.00,1.08248525E+4,
596.00,1.06081777E+4,
597.00,1.07248965E+4,
598.00,1.09421533E+4,
599.00,1.07675039E+4,
600.00,1.08623604E+4,
601.00,1.06739727E+4,
602.00,1.13896768E+4,
603.00,1.12762090E+4,
604.00,1.17053008E+4,
605.00,1.13927500E+4,
606.00,1.13732920E+4,
607.00,1.14564854E+4,
608.00,1.15903535E+4,
609.00,1.16573555E+4,
610.00,1.17440215E+4,
611.00,1.15610342E+4,
612.00,1.15287627E+4,
613.00,1.17963086E+4,
614.00,1.16606270E+4,
615.00,1.16400059E+4,
616.00,1.15332275E+4,
617.00,1.18628809E+4,
618.00,1.18654990E+4,
619.00,1.19891338E+4,
620.00,1.19195615E+4,
621.00,1.19573779E+4,
622.00,1.20791807E+4,
623.00,1.20674805E+4,
624.00,1.19668955E+4,
625.00,1.18445371E+4,
626.00,1.22526777E+4,
627.00,1.22446094E+4,
628.00,1.19664229E+4,
629.00,1.18642461E+4,
630.00,1.21539248E+4,
631.00,1.24468438E+4,
632.00,1.19581738E+4,
633.00,1.20752100E+4,
634.00,1.17758535E+4,
635.00,1.19350010E+4,
636.00,1.19617588E+4,
637.00,1.20766592E+4,
638.00,1.18965381E+4,
639.00,1.20632188E+4,
640.00,1.20222988E+4,
641.00,1.20380381E+4,
642.00,1.16852822E+4,
643.00,1.18832627E+4,
644.00,1.16923965E+4,
645.00,1.19027793E+4,
646.00,1.12985723E+4,
647.00,1.14117734E+4,
648.00,1.14982451E+4,
649.00,1.17308955E+4,
650.00,1.12487422E+4,
651.00,1.12396455E+4,
652.00,1.13101289E+4,
653.00,1.12418105E+4,
654.00,1.11933428E+4,
655.00,1.12072607E+4,
656.00,1.11015771E+4,
657.00,1.11278721E+4,
658.00,1.09325488E+4,
659.00,1.07565488E+4,
660.00,1.08150527E+4,
661.00,1.05636768E+4,
662.00,1.06295156E+4,
663.00,1.02462119E+4,
664.00,1.04305059E+4,
665.00,1.06049941E+4,
666.00,1.02590254E+4,
667.00,1.04459131E+4,
668.00,1.01564492E+4,
669.00,9.72291992E+3,
670.00,1.01479785E+4,
671.00,1.01693271E+4,
672.00,9.89989551E+3,
673.00,9.50956738E+3,
674.00,1.00049258E+4,
675.00,9.25894336E+3,
676.00,9.57406934E+3,
677.00,9.70881250E+3,
678.00,9.58138184E+3,
679.00,9.56241602E+3,
680.00,9.83908301E+3,
681.00,1.01253809E+4,
682.00,9.79896973E+3,
683.00,9.94393750E+3,
684.00,9.61436133E+3,
685.00,9.61392090E+3,
686.00,9.52688086E+3,
687.00,9.65558301E+3,
688.00,9.30721484E+3,
689.00,9.39832227E+3,
690.00,9.00538477E+3,
691.00,9.47696875E+3,
692.00,9.13461230E+3,
693.00,9.13884375E+3,
694.00,9.22002148E+3,
695.00,9.40228320E+3,
696.00,9.21562793E+3,
697.00,8.90184277E+3,
698.00,8.60921777E+3,
699.00,8.68748145E+3,
700.00,8.84554492E+3,
701.00,8.99601465E+3,
702.00,8.35654199E+3,
703.00,8.60988867E+3,
704.00,8.31168457E+3,
705.00,8.42434180E+3,
706.00,8.46816211E+3,
707.00,8.22391504E+3,
708.00,8.18433252E+3,
709.00,7.84792480E+3,
710.00,7.71062744E+3,
711.00,8.16692041E+3,
712.00,7.66158936E+3,
713.00,7.70997852E+3,
714.00,7.90268750E+3,
715.00,7.48644043E+3,
716.00,7.69152051E+3,
717.00,7.52554590E+3,
718.00,7.59699316E+3,
719.00,7.82301709E+3,
720.00,7.22259326E+3,
721.00,7.17731299E+3,
722.00,7.34927832E+3,
723.00,7.43835986E+3,
724.00,7.49348682E+3,
725.00,7.01342578E+3,
726.00,7.14422363E+3,
727.00,7.04452881E+3,
728.00,6.91943115E+3,
729.00,6.70596387E+3,
730.00,6.98585449E+3,
731.00,6.83952588E+3,
732.00,6.86890234E+3,
733.00,6.58165479E+3,
734.00,6.90442578E+3,
735.00,6.35714355E+3,
736.00,6.70751660E+3,
737.00,6.53131836E+3,
738.00,6.17124854E+3,
739.00,6.50479102E+3,
740.00,6.68850781E+3,
741.00,6.48555127E+3,
742.00,6.57439648E+3,
743.00,6.46047656E+3,
744.00,6.32524805E+3,
745.00,6.37166113E+3,
746.00,6.88601465E+3,
747.00,6.79775293E+3,
748.00,6.68322803E+3,
749.00,6.50422705E+3,
750.00,6.42183594E+3,
751.00,6.28737012E+3,
752.00,6.61805957E+3,
753.00,6.22009473E+3,
754.00,6.33069824E+3,
755.00,6.21772998E+3,
756.00,5.99462744E+3,
757.00,6.44203711E+3,
758.00,6.27968750E+3,
759.00,6.42172949E+3,
760.00,5.96636084E+3,
761.00,6.53023486E+3,
762.00,6.23690674E+3,
763.00,6.27230469E+3,
764.00,6.34988672E+3,
765.00,5.87292236E+3,
766.00,5.98593701E+3,
767.00,6.01906836E+3,
768.00,6.21496533E+3,
769.00,5.95901611E+3,
770.00,5.68436670E+3,
771.00,6.37908350E+3,
772.00,5.81736816E+3,
773.00,6.10486621E+3,
774.00,5.93317822E+3,
775.00,5.93369287E+3,
776.00,5.41851416E+3,
777.00,5.85722852E+3,
778.00,6.10792969E+3,
779.00,5.96631934E+3,
780.00,6.26869873E+3,
781.00,5.67479150E+3,
782.00,5.13998047E+3,
783.00,5.59800586E+3,
784.00,5.68541650E+3,
785.00,6.00029980E+3,
786.00,5.71855371E+3,
787.00,6.19086719E+3,
788.00,5.65088770E+3,
789.00,5.30092480E+3,
790.00,5.28783398E+3,
791.00,5.23095410E+3,
792.00,5.25399854E+3,
793.00,6.29615820E+3,
794.00,5.68446973E+3,
795.00,5.38439600E+3,
796.00,4.30320020E+3,
797.00,4.97310596E+3,
798.00,5.03347070E+3,
799.00,4.77165186E+3,
800.00,4.85197314E+3,
