Labels,F4-1500-1550-EX,
Type,Excitation Scan,
Comment,,
Start,250.00,
Stop,800.00,
Step,1.00,
Fixed/Offset,1550.00,
Xaxis,Wavelength,
Yaxis,Counts,
Scan Corr. by File,False,
Corr. by Ref. Det.,True,
Fixed/Offset Corr. by File,True,
Repeats,1,
Dwell Time,0.10,
Lamp,Xenon,
Temp,0.00,
Scan Polariser,None,
Scan Slit,4.0000019,
Fixed/Offset Polariser,None,
Fixed/Offset Slit,2.9999912,
Detector,Det2,

250.00,1.35157627E+4,
251.00,5.32920020E+3,
252.00,9.46570215E+3,
253.00,1.13346367E+4,
254.00,1.08816865E+4,
255.00,1.08046592E+4,
256.00,1.31551719E+4,
257.00,1.25465586E+4,
258.00,1.25498975E+4,
259.00,1.24903301E+4,
260.00,1.18949854E+4,
261.00,1.18373623E+4,
262.00,1.44036338E+4,
263.00,1.38584990E+4,
264.00,1.13741807E+4,
265.00,1.38848047E+4,
266.00,1.38991279E+4,
267.00,1.30333486E+4,
268.00,1.40190342E+4,
269.00,1.10277842E+4,
270.00,1.26435752E+4,
271.00,1.14069023E+4,
272.00,1.28016914E+4,
273.00,1.07823691E+4,
274.00,1.03666416E+4,
275.00,1.14323379E+4,
276.00,1.11237031E+4,
277.00,9.86712598E+3,
278.00,9.68460059E+3,
279.00,9.94372168E+3,
280.00,8.80725000E+3,
281.00,8.48969629E+3,
282.00,8.09539453E+3,
283.00,8.62203223E+3,
284.00,7.49720215E+3,
285.00,7.90809521E+3,
286.00,7.07037939E+3,
287.00,6.96802148E+3,
288.00,6.16950928E+3,
289.00,6.03940723E+3,
290.00,5.88118213E+3,
291.00,5.21569727E+3,
292.00,5.17860742E+3,
293.00,4.78666064E+3,
294.00,4.30808203E+3,
295.00,4.41161279E+3,
296.00,4.36940625E+3,
297.00,3.75236743E+3,
298.00,3.42385181E+3,
299.00,3.03403296E+3,
300.00,3.02301514E+3,
301.00,2.84747607E+3,
302.00,2.73776196E+3,
303.00,2.75496704E+3,
304.00,2.22551074E+3,
305.00,2.17678955E+3,
306.00,2.09632397E+3,
307.00,1.97286914E+3,
308.00,1.90305261E+3,
309.00,1.73946948E+3,
310.00,1.62504041E+3,
311.00,1.52912231E+3,
312.00,1.52983105E+3,
313.00,1.57136389E+3,
314.00,1.34621448E+3,
315.00,1.24814417E+3,
316.00,1.16786499E+3,
317.00,9.86764709E+2,
318.00,9.62728149E+2,
319.00,9.50745850E+2,
320.00,9.69769531E+2,
321.00,9.80067444E+2,
322.00,6.38183716E+2,
323.00,7.23226196E+2,
324.00,6.85352356E+2,
325.00,7.48869324E+2,
326.00,6.70551208E+2,
327.00,6.33090332E+2,
328.00,4.28000793E+2,
329.00,4.58730408E+2,
330.00,4.68864197E+2,
331.00,4.38075134E+2,
332.00,4.37103760E+2,
333.00,3.59807800E+2,
334.00,3.57391724E+2,
335.00,3.98187134E+2,
336.00,2.31280579E+2,
337.00,3.65448303E+2,
338.00,3.64270752E+2,
339.00,3.22483093E+2,
340.00,2.13334045E+2,
341.00,2.46163116E+2,
342.00,3.53605347E+2,
343.00,2.32081970E+2,
344.00,3.10049896E+2,
345.00,1.90871155E+2,
346.00,1.74042526E+2,
347.00,2.93748291E+2,
348.00,2.51792343E+2,
349.00,2.62968414E+2,
350.00,2.29426727E+2,
351.00,2.08882034E+2,
352.00,2.49293839E+2,
353.00,1.91829712E+2,
354.00,2.60471039E+2,
355.00,2.36317642E+2,
356.00,2.16445099E+2,
357.00,2.98107697E+2,
358.00,2.34094101E+2,
359.00,2.94316040E+2,
360.00,2.68362427E+2,
361.00,3.20602814E+2,
362.00,3.90904510E+2,
363.00,4.02252838E+2,
364.00,4.67604492E+2,
365.00,4.87243866E+2,
366.00,5.88343933E+2,
367.00,6.56413574E+2,
368.00,8.22704102E+2,
369.00,9.04648865E+2,
370.00,1.00552454E+3,
371.00,1.22511328E+3,
372.00,1.34209302E+3,
373.00,1.52774316E+3,
374.00,1.74857446E+3,
375.00,2.02510803E+3,
376.00,2.33643433E+3,
377.00,2.67022437E+3,
378.00,2.87578394E+3,
379.00,3.40720825E+3,
380.00,3.81032104E+3,
381.00,4.13754199E+3,
382.00,4.66990771E+3,
383.00,5.05229639E+3,
384.00,5.72758203E+3,
385.00,6.29025781E+3,
386.00,6.98533008E+3,
387.00,7.44977393E+3,
388.00,8.23692383E+3,
389.00,8.82757227E+3,
390.00,9.51269629E+3,
391.00,1.01174844E+4,
392.00,1.06786348E+4,
393.00,1.13193643E+4,
394.00,1.20573574E+4,
395.00,1.27114043E+4,
396.00,1.32160078E+4,
397.00,1.38969004E+4,
398.00,1.43853691E+4,
399.00,1.49489170E+4,
400.00,1.53464463E+4,
401.00,1.57666885E+4,
402.00,1.62313857E+4,
403.00,1.63674141E+4,
404.00,1.68142324E+4,
405.00,1.69957988E+4,
406.00,1.71418457E+4,
407.00,1.72977168E+4,
408.00,1.72870605E+4,
409.00,1.73465977E+4,
410.00,1.74199082E+4,
411.00,1.73955313E+4,
412.00,1.69792734E+4,
413.00,1.72580938E+4,
414.00,1.71202090E+4,
415.00,1.68754824E+4,
416.00,1.67454727E+4,
417.00,1.68930566E+4,
418.00,1.63038721E+4,
419.00,1.64518516E+4,
420.00,1.60197061E+4,
421.00,1.60278262E+4,
422.00,1.57489385E+4,
423.00,1.54825879E+4,
424.00,1.51206025E+4,
425.00,1.50191992E+4,
426.00,1.47710840E+4,
427.00,1.42694707E+4,
428.00,1.40148184E+4,
429.00,1.35790576E+4,
430.00,1.33676260E+4,
431.00,1.29920938E+4,
432.00,1.28189277E+4,
433.00,1.21771846E+4,
434.00,1.16842080E+4,
435.00,1.13105479E+4,
436.00,1.09928174E+4,
437.00,1.04149502E+4,
438.00,9.96621973E+3,
439.00,9.56037500E+3,
440.00,9.05317676E+3,
441.00,8.62914648E+3,
442.00,8.22969824E+3,
443.00,7.67543213E+3,
444.00,7.31739453E+3,
445.00,6.89637646E+3,
446.00,6.42505029E+3,
447.00,5.96636426E+3,
448.00,5.66554102E+3,
449.00,5.41519482E+3,
450.00,5.03715723E+3,
451.00,4.79613184E+3,
452.00,4.38256250E+3,
453.00,4.13673877E+3,
454.00,3.95961621E+3,
455.00,3.63454834E+3,
456.00,3.37327271E+3,
457.00,3.20388281E+3,
458.00,3.09478394E+3,
459.00,3.03487793E+3,
460.00,2.82874268E+3,
461.00,2.81139209E+3,
462.00,2.66080225E+3,
463.00,2.66618359E+3,
464.00,2.67825195E+3,
465.00,2.48807788E+3,
466.00,2.62113794E+3,
467.00,2.64316895E+3,
468.00,2.57186548E+3,
469.00,2.63969287E+3,
470.00,2.66129492E+3,
471.00,2.64576636E+3,
472.00,2.65832178E+3,
473.00,2.59063184E+3,
474.00,2.64083740E+3,
475.00,2.71110205E+3,
476.00,2.68040454E+3,
477.00,2.62845581E+3,
478.00,2.57484155E+3,
479.00,2.57847632E+3,
480.00,2.47683887E+3,
481.00,2.48279590E+3,
482.00,2.42292651E+3,
483.00,2.33231958E+3,
484.00,2.33012671E+3,
485.00,2.22801733E+3,
486.00,2.14602710E+3,
487.00,2.04212305E+3,
488.00,2.04174683E+3,
489.00,1.83837109E+3,
490.00,1.76748901E+3,
491.00,1.66167029E+3,
492.00,1.66651123E+3,
493.00,1.55838245E+3,
494.00,1.41550452E+3,
495.00,1.36497058E+3,
496.00,1.28163416E+3,
497.00,1.19731189E+3,
498.00,1.10385046E+3,
499.00,1.04847461E+3,
500.00,9.54965698E+2,
501.00,8.37608093E+2,
502.00,8.20495056E+2,
503.00,7.44832092E+2,
504.00,6.80620239E+2,
505.00,6.49071716E+2,
506.00,5.81099487E+2,
507.00,4.56299469E+2,
508.00,4.89207245E+2,
509.00,4.58756561E+2,
510.00,3.78818451E+2,
511.00,3.60235138E+2,
512.00,2.85686523E+2,
513.00,3.38950836E+2,
514.00,2.34170898E+2,
515.00,2.85514801E+2,
516.00,1.81030945E+2,
517.00,1.57610229E+2,
518.00,1.82070145E+2,
519.00,2.14007034E+2,
520.00,1.00724289E+2,
521.00,1.34275711E+2,
522.00,9.22770844E+1,
523.00,1.18574043E+2,
524.00,1.26842484E+2,
525.00,1.05792999E+2,
526.00,1.29275848E+2,
527.00,1.50751511E+2,
528.00,1.64069016E+2,
529.00,6.66711044E+1,
530.00,1.75777603E+2,
531.00,9.98924866E+1,
532.00,6.40862427E+1,
533.00,1.49122574E+2,
534.00,6.36970329E+1,
535.00,1.37272736E+2,
536.00,1.22716423E+2,
537.00,5.49079666E+1,
538.00,8.99926834E+1,
539.00,1.03881798E+2,
540.00,9.52104111E+1,
541.00,1.30172485E+2,
542.00,1.23550354E+2,
543.00,1.58914856E+2,
544.00,1.10295830E+2,
545.00,1.81838058E+2,
546.00,5.86840630E+1,
547.00,-1.31248550E+1,
548.00,1.03010864E+2,
549.00,7.63604584E+1,
550.00,7.08158112E+1,
551.00,9.67521744E+1,
552.00,2.94355373E+1,
553.00,4.58065605E+1,
554.00,5.54092979E+1,
555.00,1.27591766E+2,
556.00,8.36584244E+1,
557.00,1.60724747E+2,
558.00,1.23828003E+2,
559.00,1.67567245E+2,
560.00,1.15449333E+2,
561.00,1.23089691E+2,
562.00,7.34958878E+1,
563.00,1.90502148E+1,
564.00,6.74438705E+1,
565.00,1.42168884E+2,
566.00,1.35537308E+2,
567.00,6.55949478E+1,
568.00,6.24191628E+1,
569.00,2.74961365E+2,
570.00,6.18326797E+1,
571.00,1.14620567E+2,
572.00,2.39989044E+2,
573.00,2.18115662E+2,
574.00,8.98004150E+1,
575.00,9.09900818E+1,
576.00,8.54256058E+1,
577.00,1.95268036E+2,
578.00,1.23007217E+2,
579.00,2.11250931E+2,
580.00,1.91035858E+2,
581.00,1.14127220E+2,
582.00,1.46586716E+2,
583.00,2.99274445E+2,
584.00,2.12967880E+2,
585.00,2.86096069E+2,
586.00,3.26530151E+2,
587.00,2.74018494E+2,
588.00,4.09086029E+2,
589.00,2.53023361E+2,
590.00,4.47431122E+2,
591.00,4.83805237E+2,
592.00,4.59952209E+2,
593.00,4.04919250E+2,
594.00,5.19029602E+2,
595.00,5.36495605E+2,
596.00,5.32060181E+2,
597.00,5.29985352E+2,
598.00,5.67761047E+2,
599.00,5.56343384E+2,
600.00,5.96296631E+2,
601.00,6.53972412E+2,
602.00,7.23380066E+2,
603.00,7.81977234E+2,
604.00,8.49445190E+2,
605.00,8.17369934E+2,
606.00,8.38374512E+2,
607.00,7.69203125E+2,
608.00,1.00974829E+3,
609.00,9.85230103E+2,
610.00,1.03776416E+3,
611.00,9.21147644E+2,
612.00,1.25798584E+3,
613.00,1.24219482E+3,
614.00,1.27484558E+3,
615.00,1.12077490E+3,
616.00,1.25817578E+3,
617.00,1.44312329E+3,
618.00,1.54733325E+3,
619.00,1.44973267E+3,
620.00,1.65837134E+3,
621.00,1.72337634E+3,
622.00,1.78873267E+3,
623.00,1.86334827E+3,
624.00,2.03213000E+3,
625.00,1.92558936E+3,
626.00,2.05535620E+3,
627.00,2.45792944E+3,
628.00,2.35748267E+3,
629.00,2.54690112E+3,
630.00,2.80045459E+3,
631.00,2.71145898E+3,
632.00,3.01307227E+3,
633.00,3.05635693E+3,
634.00,2.93107935E+3,
635.00,3.20973926E+3,
636.00,3.46367773E+3,
637.00,3.43218945E+3,
638.00,3.41335889E+3,
639.00,3.90617261E+3,
640.00,3.82799194E+3,
641.00,3.91947241E+3,
642.00,4.06587183E+3,
643.00,4.52495410E+3,
644.00,4.33572363E+3,
645.00,4.60975928E+3,
646.00,4.62084814E+3,
647.00,4.80210498E+3,
648.00,4.65510254E+3,
649.00,4.70179150E+3,
650.00,4.95401758E+3,
651.00,5.30492432E+3,
652.00,5.12651758E+3,
653.00,5.50324609E+3,
654.00,5.45411914E+3,
655.00,5.68944775E+3,
656.00,6.23265234E+3,
657.00,5.99361182E+3,
658.00,5.91454346E+3,
659.00,6.38179297E+3,
660.00,6.12633154E+3,
661.00,6.15365576E+3,
662.00,6.25246826E+3,
663.00,6.72646582E+3,
664.00,7.09724951E+3,
665.00,6.70846484E+3,
666.00,6.94457031E+3,
667.00,7.14916162E+3,
668.00,7.04725732E+3,
669.00,7.35457227E+3,
670.00,7.36199414E+3,
671.00,7.39301758E+3,
672.00,7.27423633E+3,
673.00,7.45048096E+3,
674.00,7.36133838E+3,
675.00,7.10346680E+3,
676.00,7.57180273E+3,
677.00,7.85767578E+3,
678.00,8.18016016E+3,
679.00,8.23224805E+3,
680.00,8.66074219E+3,
681.00,8.50893262E+3,
682.00,8.59945703E+3,
683.00,8.54715039E+3,
684.00,8.84074023E+3,
685.00,8.61839941E+3,
686.00,8.61578516E+3,
687.00,8.86729492E+3,
688.00,8.90010547E+3,
689.00,8.84406934E+3,
690.00,8.94315820E+3,
691.00,9.02481641E+3,
692.00,9.13888965E+3,
693.00,9.28410840E+3,
694.00,9.32938867E+3,
695.00,9.44045313E+3,
696.00,9.01463770E+3,
697.00,9.41799609E+3,
698.00,9.41843262E+3,
699.00,8.98532617E+3,
700.00,9.52406348E+3,
701.00,9.46960059E+3,
702.00,9.27648438E+3,
703.00,9.32353613E+3,
704.00,9.34216992E+3,
705.00,9.43858398E+3,
706.00,9.09873145E+3,
707.00,9.56433984E+3,
708.00,9.24157031E+3,
709.00,9.48361914E+3,
710.00,8.77213184E+3,
711.00,8.94299316E+3,
712.00,9.12592285E+3,
713.00,9.16935156E+3,
714.00,8.98970117E+3,
715.00,8.96286914E+3,
716.00,8.98996680E+3,
717.00,9.14246777E+3,
718.00,8.90323926E+3,
719.00,9.36678418E+3,
720.00,9.31291016E+3,
721.00,9.12223242E+3,
722.00,9.24707129E+3,
723.00,9.26795020E+3,
724.00,9.13523340E+3,
725.00,9.10421191E+3,
726.00,9.08871387E+3,
727.00,9.35142090E+3,
728.00,9.06987793E+3,
729.00,9.26549707E+3,
730.00,8.77752344E+3,
731.00,9.12004883E+3,
732.00,8.84563477E+3,
733.00,8.83209375E+3,
734.00,8.81458105E+3,
735.00,9.13352051E+3,
736.00,8.92060742E+3,
737.00,9.16302637E+3,
738.00,8.85771973E+3,
739.00,9.22352441E+3,
740.00,9.07502051E+3,
741.00,9.35915527E+3,
742.00,8.72438574E+3,
743.00,8.93613379E+3,
744.00,9.20189258E+3,
745.00,9.34856055E+3,
746.00,9.02480664E+3,
747.00,9.14545508E+3,
748.00,8.70775879E+3,
749.00,8.73485645E+3,
750.00,8.63321680E+3,
751.00,8.83219043E+3,
752.00,8.69381738E+3,
753.00,8.73775684E+3,
754.00,8.64591211E+3,
755.00,8.60620508E+3,
756.00,8.82979199E+3,
757.00,8.94884863E+3,
758.00,8.95305566E+3,
759.00,9.00481250E+3,
760.00,8.86894141E+3,
761.00,9.07437207E+3,
762.00,8.65028516E+3,
763.00,8.52116309E+3,
764.00,8.28438281E+3,
765.00,8.71502344E+3,
766.00,8.37156738E+3,
767.00,7.93509961E+3,
768.00,8.92137891E+3,
769.00,8.93266602E+3,
770.00,8.84652051E+3,
771.00,9.07578125E+3,
772.00,8.92285840E+3,
773.00,8.82110645E+3,
774.00,9.16915820E+3,
775.00,9.45126074E+3,
776.00,8.74899414E+3,
777.00,8.44885449E+3,
778.00,9.09541504E+3,
779.00,8.87191797E+3,
780.00,8.52763672E+3,
781.00,8.61658789E+3,
782.00,9.01282715E+3,
783.00,8.49117871E+3,
784.00,8.95569141E+3,
785.00,8.68396875E+3,
786.00,9.38426953E+3,
787.00,8.50446191E+3,
788.00,8.07728613E+3,
789.00,7.94562842E+3,
790.00,7.39327539E+3,
791.00,7.92222314E+3,
792.00,9.18252930E+3,
793.00,7.72947852E+3,
794.00,8.50407129E+3,
795.00,8.02927246E+3,
796.00,8.05399121E+3,
797.00,7.50238623E+3,
798.00,7.74716553E+3,
799.00,8.07234863E+3,
800.00,7.82889941E+3,
