Labels,225,
Type,Emission Scan,
Comment,,
Start,600.00,
Stop,1200.00,
Step,1.00,
Fixed/Offset,455.00,
Xaxis,Wavelength,
Yaxis,Counts,
Scan Corr. by File,True,
Corr. by Ref. Det.,True,
Fixed/Offset Corr. by File,False,
Repeats,1,
Dwell Time,0.10,
Lamp,Xenon,
Temp,0.00,
Scan Polariser,None,
Scan Slit,3.8000171,
Fixed/Offset Polariser,None,
Fixed/Offset Slit,3.8000042,
Detector,Det2,

600.00,2.92297424E+2,
601.00,6.22893333E+1,
602.00,4.10977097E+1,
603.00,-1.62923813E+2,
604.00,1.45957733E+2,
605.00,2.11208710E+2,
606.00,-1.34588409E+2,
607.00,3.92967926E+2,
608.00,9.46259384E+1,
609.00,3.09221100E+2,
610.00,3.23647369E+2,
611.00,3.81657288E+2,
612.00,1.04640221E+2,
613.00,1.74755493E+2,
614.00,5.08472412E+2,
615.00,1.14420311E+2,
616.00,-2.87689117E+2,
617.00,-6.69448624E+1,
618.00,1.40410294E+2,
619.00,9.77836533E+1,
620.00,1.17729965E+2,
621.00,-1.06122274E+1,
622.00,3.14940262E+1,
623.00,2.84147015E+1,
624.00,2.43969971E+2,
625.00,-4.50858116E+1,
626.00,6.40618057E+1,
627.00,-8.98503265E+1,
628.00,1.87301987E+2,
629.00,5.09443817E+1,
630.00,-7.40202560E+1,
631.00,1.84235397E+2,
632.00,1.84614731E+2,
633.00,1.52988220E+2,
634.00,5.44552078E+1,
635.00,7.92098236E+1,
636.00,1.99085983E+2,
637.00,1.93009659E+2,
638.00,1.64778763E+2,
639.00,-5.17035637E+1,
640.00,3.19488602E+1,
641.00,1.48820618E+2,
642.00,1.13066322E+2,
643.00,1.54022659E+2,
644.00,1.94410191E+1,
645.00,5.79589348E+1,
646.00,3.50161247E+1,
647.00,7.54084702E+1,
648.00,1.95907761E+2,
649.00,5.26766205E+0,
650.00,8.05635147E+1,
651.00,2.13146439E+2,
652.00,4.89152832E+1,
653.00,5.94540176E+1,
654.00,5.76631393E+1,
655.00,1.74884284E+0,
656.00,1.89810455E+2,
657.00,1.72629395E+2,
658.00,2.88963165E+2,
659.00,2.35882385E+2,
660.00,2.61128632E+2,
661.00,4.54075867E+2,
662.00,4.86688293E+2,
663.00,3.32505310E+2,
664.00,3.04153839E+2,
665.00,3.68591797E+2,
666.00,3.25750092E+2,
667.00,3.19782471E+2,
668.00,4.07178528E+2,
669.00,5.49431763E+2,
670.00,4.29259644E+2,
671.00,4.46263000E+2,
672.00,4.11555481E+2,
673.00,5.91040222E+2,
674.00,8.67981689E+2,
675.00,6.15059326E+2,
676.00,6.52825989E+2,
677.00,7.61435852E+2,
678.00,5.95591064E+2,
679.00,9.82891479E+2,
680.00,6.17334473E+2,
681.00,9.68641174E+2,
682.00,8.37333923E+2,
683.00,1.04142188E+3,
684.00,1.05882373E+3,
685.00,9.79981628E+2,
686.00,1.13477930E+3,
687.00,1.22686243E+3,
688.00,1.22773425E+3,
689.00,1.38568396E+3,
690.00,1.26081348E+3,
691.00,1.46861548E+3,
692.00,1.56801355E+3,
693.00,1.51389038E+3,
694.00,1.81479468E+3,
695.00,1.95289404E+3,
696.00,1.88728503E+3,
697.00,1.85292761E+3,
698.00,2.21043359E+3,
699.00,2.19475928E+3,
700.00,2.09104443E+3,
701.00,2.51173730E+3,
702.00,2.32346777E+3,
703.00,2.72162305E+3,
704.00,3.18072876E+3,
705.00,3.13412378E+3,
706.00,3.00238989E+3,
707.00,3.26940381E+3,
708.00,3.03238257E+3,
709.00,3.61045117E+3,
710.00,3.17108765E+3,
711.00,3.59260522E+3,
712.00,3.46856104E+3,
713.00,4.00731104E+3,
714.00,3.84805493E+3,
715.00,4.19826172E+3,
716.00,4.30338184E+3,
717.00,4.30282275E+3,
718.00,4.87188184E+3,
719.00,4.70534570E+3,
720.00,4.77205664E+3,
721.00,5.01514697E+3,
722.00,5.24044727E+3,
723.00,5.40111133E+3,
724.00,5.47044482E+3,
725.00,5.57138574E+3,
726.00,5.88122070E+3,
727.00,5.98246143E+3,
728.00,6.14784961E+3,
729.00,6.82795361E+3,
730.00,6.44829639E+3,
731.00,6.73853564E+3,
732.00,7.00117676E+3,
733.00,6.99512598E+3,
734.00,7.35639648E+3,
735.00,7.15742627E+3,
736.00,7.40432568E+3,
737.00,7.83893506E+3,
738.00,8.28318066E+3,
739.00,8.24329785E+3,
740.00,8.46538574E+3,
741.00,8.85158789E+3,
742.00,8.75951270E+3,
743.00,9.42018945E+3,
744.00,9.60170801E+3,
745.00,9.48137207E+3,
746.00,1.01472500E+4,
747.00,1.01399873E+4,
748.00,1.04998242E+4,
749.00,1.03083926E+4,
750.00,1.11163496E+4,
751.00,1.12059717E+4,
752.00,1.14370332E+4,
753.00,1.15273428E+4,
754.00,1.17293037E+4,
755.00,1.22159102E+4,
756.00,1.21312080E+4,
757.00,1.28883906E+4,
758.00,1.34504434E+4,
759.00,1.29120566E+4,
760.00,1.36571543E+4,
761.00,1.36340186E+4,
762.00,1.36759873E+4,
763.00,1.43187891E+4,
764.00,1.44078604E+4,
765.00,1.49997725E+4,
766.00,1.54344092E+4,
767.00,1.53267861E+4,
768.00,1.55827412E+4,
769.00,1.68428262E+4,
770.00,1.61014492E+4,
771.00,1.64755293E+4,
772.00,1.68789063E+4,
773.00,1.73964004E+4,
774.00,1.76324277E+4,
775.00,1.71996211E+4,
776.00,1.78835059E+4,
777.00,1.81510645E+4,
778.00,1.80429297E+4,
779.00,1.86512539E+4,
780.00,1.89049355E+4,
781.00,1.95143105E+4,
782.00,1.95785957E+4,
783.00,1.98308926E+4,
784.00,2.05048535E+4,
785.00,2.03840488E+4,
786.00,2.10502227E+4,
787.00,2.08011504E+4,
788.00,2.18682539E+4,
789.00,2.17677617E+4,
790.00,2.24555703E+4,
791.00,2.23134004E+4,
792.00,2.31948047E+4,
793.00,2.29038320E+4,
794.00,2.31181543E+4,
795.00,2.39173691E+4,
796.00,2.39446641E+4,
797.00,2.42062969E+4,
798.00,2.44300488E+4,
799.00,2.47413105E+4,
800.00,2.46285449E+4,
801.00,2.51698613E+4,
802.00,2.57840762E+4,
803.00,2.53431777E+4,
804.00,2.62205820E+4,
805.00,2.56772617E+4,
806.00,2.66085547E+4,
807.00,2.66937227E+4,
808.00,2.69264180E+4,
809.00,2.73682188E+4,
810.00,2.76752363E+4,
811.00,2.72924453E+4,
812.00,2.80870098E+4,
813.00,2.80991309E+4,
814.00,2.81146250E+4,
815.00,2.85372051E+4,
816.00,2.77543164E+4,
817.00,2.90116172E+4,
818.00,2.89100488E+4,
819.00,2.92113242E+4,
820.00,2.91335645E+4,
821.00,2.93770547E+4,
822.00,2.94991621E+4,
823.00,2.98923145E+4,
824.00,3.00515352E+4,
825.00,3.01545430E+4,
826.00,3.03906426E+4,
827.00,3.04097012E+4,
828.00,3.04459082E+4,
829.00,3.01903652E+4,
830.00,3.05685898E+4,
831.00,3.08661484E+4,
832.00,3.07982715E+4,
833.00,3.12425820E+4,
834.00,3.13099785E+4,
835.00,3.12170391E+4,
836.00,3.08838691E+4,
837.00,3.16025742E+4,
838.00,3.15019219E+4,
839.00,3.14084336E+4,
840.00,3.20221191E+4,
841.00,3.17122402E+4,
842.00,3.18063047E+4,
843.00,3.11915879E+4,
844.00,3.16112930E+4,
845.00,3.14568047E+4,
846.00,3.18370664E+4,
847.00,3.15767754E+4,
848.00,3.17675820E+4,
849.00,3.15079746E+4,
850.00,3.16900879E+4,
851.00,3.22024121E+4,
852.00,3.19241094E+4,
853.00,3.19128965E+4,
854.00,3.17026016E+4,
855.00,3.17862520E+4,
856.00,3.14445000E+4,
857.00,3.14258652E+4,
858.00,3.16459160E+4,
859.00,3.17169219E+4,
860.00,3.13982617E+4,
861.00,3.17607598E+4,
862.00,3.16851133E+4,
863.00,3.10575781E+4,
864.00,3.11301602E+4,
865.00,3.11806094E+4,
866.00,3.12760684E+4,
867.00,3.12322930E+4,
868.00,3.14839785E+4,
869.00,3.08584570E+4,
870.00,3.11408965E+4,
871.00,3.09590781E+4,
872.00,3.06551250E+4,
873.00,3.04694961E+4,
874.00,3.02006035E+4,
875.00,2.97345879E+4,
876.00,3.02319238E+4,
877.00,2.99657598E+4,
878.00,2.98503027E+4,
879.00,2.94960781E+4,
880.00,2.94975078E+4,
881.00,2.94960488E+4,
882.00,2.93770195E+4,
883.00,2.92345410E+4,
884.00,2.87179336E+4,
885.00,2.89792949E+4,
886.00,2.84634844E+4,
887.00,2.84496191E+4,
888.00,2.87639258E+4,
889.00,2.85323105E+4,
890.00,2.80683086E+4,
891.00,2.80025254E+4,
892.00,2.77981816E+4,
893.00,2.77545156E+4,
894.00,2.74163555E+4,
895.00,2.73389180E+4,
896.00,2.74059629E+4,
897.00,2.74050547E+4,
898.00,2.67646055E+4,
899.00,2.71039160E+4,
900.00,2.67702168E+4,
901.00,2.67594121E+4,
902.00,2.60523848E+4,
903.00,2.63003281E+4,
904.00,2.61823281E+4,
905.00,2.59879375E+4,
906.00,2.55647070E+4,
907.00,2.56903359E+4,
908.00,2.55416699E+4,
909.00,2.51078926E+4,
910.00,2.52239414E+4,
911.00,2.49313027E+4,
912.00,2.44010469E+4,
913.00,2.44000820E+4,
914.00,2.43524551E+4,
915.00,2.44914180E+4,
916.00,2.39577754E+4,
917.00,2.38681328E+4,
918.00,2.36174590E+4,
919.00,2.35276387E+4,
920.00,2.33839414E+4,
921.00,2.32769121E+4,
922.00,2.30533398E+4,
923.00,2.27786055E+4,
924.00,2.28832363E+4,
925.00,2.25025879E+4,
926.00,2.23652305E+4,
927.00,2.21932461E+4,
928.00,2.18273945E+4,
929.00,2.17784355E+4,
930.00,2.15342715E+4,
931.00,2.14055723E+4,
932.00,2.12567578E+4,
933.00,2.14365371E+4,
934.00,2.10917031E+4,
935.00,2.09128223E+4,
936.00,2.05987988E+4,
937.00,2.04551563E+4,
938.00,2.02070234E+4,
939.00,2.00509883E+4,
940.00,1.97817559E+4,
941.00,1.97157656E+4,
942.00,1.93606543E+4,
943.00,1.93666094E+4,
944.00,1.92116738E+4,
945.00,1.89831426E+4,
946.00,1.89556113E+4,
947.00,1.86765293E+4,
948.00,1.82643398E+4,
949.00,1.81886191E+4,
950.00,1.80457617E+4,
951.00,1.78184395E+4,
952.00,1.75618301E+4,
953.00,1.74018379E+4,
954.00,1.73788477E+4,
955.00,1.74053809E+4,
956.00,1.70602910E+4,
957.00,1.70820762E+4,
958.00,1.65911914E+4,
959.00,1.65840957E+4,
960.00,1.65428223E+4,
961.00,1.62690479E+4,
962.00,1.61141689E+4,
963.00,1.60917803E+4,
964.00,1.57952285E+4,
965.00,1.54995225E+4,
966.00,1.55414150E+4,
967.00,1.53279199E+4,
968.00,1.52067734E+4,
969.00,1.52095322E+4,
970.00,1.49057852E+4,
971.00,1.48391016E+4,
972.00,1.47639541E+4,
973.00,1.44664404E+4,
974.00,1.45341221E+4,
975.00,1.43227520E+4,
976.00,1.42345879E+4,
977.00,1.41435166E+4,
978.00,1.40900420E+4,
979.00,1.38687109E+4,
980.00,1.37055459E+4,
981.00,1.35012119E+4,
982.00,1.33297813E+4,
983.00,1.31361357E+4,
984.00,1.31433281E+4,
985.00,1.30503301E+4,
986.00,1.29133281E+4,
987.00,1.27742959E+4,
988.00,1.25079287E+4,
989.00,1.23287451E+4,
990.00,1.23388066E+4,
991.00,1.20792500E+4,
992.00,1.20523984E+4,
993.00,1.19317871E+4,
994.00,1.18635322E+4,
995.00,1.16706318E+4,
996.00,1.15218281E+4,
997.00,1.14075029E+4,
998.00,1.10970928E+4,
999.00,1.10705693E+4,
1000.00,1.10607568E+4,
1001.000,1.08526006E+4,
1002.000,1.08989434E+4,
1003.000,1.06016514E+4,
1004.000,1.05221299E+4,
1005.000,1.04337139E+4,
1006.000,1.01931318E+4,
1007.000,1.01529395E+4,
1008.000,1.00285459E+4,
1009.000,9.98114355E+3,
1010.00,9.66763184E+3,
1011.000,9.67968848E+3,
1012.000,9.50612598E+3,
1013.000,9.57429004E+3,
1014.000,9.41197754E+3,
1015.000,9.25926660E+3,
1016.000,9.22294824E+3,
1017.000,9.05224023E+3,
1018.000,8.87584277E+3,
1019.000,8.81596484E+3,
1020.00,8.72200488E+3,
1021.000,8.59559863E+3,
1022.000,8.37815332E+3,
1023.000,8.49298535E+3,
1024.000,8.30060840E+3,
1025.000,8.29444141E+3,
1026.000,8.12536133E+3,
1027.000,8.14880225E+3,
1028.000,7.86181494E+3,
1029.000,7.84994580E+3,
1030.00,7.75191650E+3,
1031.000,7.68159521E+3,
1032.000,7.56462109E+3,
1033.000,7.52212842E+3,
1034.000,7.36510742E+3,
1035.000,7.37692920E+3,
1036.000,7.25906006E+3,
1037.000,7.09405518E+3,
1038.000,6.96150244E+3,
1039.000,6.90213818E+3,
1040.00,6.91035840E+3,
1041.000,6.82762354E+3,
1042.000,6.70221729E+3,
1043.000,6.52823633E+3,
1044.000,6.55272021E+3,
1045.000,6.37137598E+3,
1046.000,6.41292383E+3,
1047.000,6.32614258E+3,
1048.000,6.35358447E+3,
1049.000,6.26941943E+3,
1050.00,6.15593457E+3,
1051.000,6.07433350E+3,
1052.000,5.94958496E+3,
1053.000,5.84182129E+3,
1054.000,5.80241309E+3,
1055.000,5.72793896E+3,
1056.000,5.71083838E+3,
1057.000,5.58135596E+3,
1058.000,5.45798975E+3,
1059.000,5.46536719E+3,
1060.00,5.39005859E+3,
1061.000,5.35341553E+3,
1062.000,5.22116504E+3,
1063.000,5.23579346E+3,
1064.000,5.10109619E+3,
1065.000,5.05426270E+3,
1066.000,5.04805127E+3,
1067.000,4.93233936E+3,
1068.000,4.89098584E+3,
1069.000,4.81117041E+3,
1070.00,4.81351904E+3,
1071.000,4.65065771E+3,
1072.000,4.65304102E+3,
1073.000,4.60383740E+3,
1074.000,4.51612988E+3,
1075.000,4.47939648E+3,
1076.000,4.32863477E+3,
1077.000,4.32662988E+3,
1078.000,4.29331201E+3,
1079.000,4.20834961E+3,
1080.00,4.23856982E+3,
1081.000,4.11813379E+3,
1082.000,4.14109277E+3,
1083.000,4.08052441E+3,
1084.000,4.01755005E+3,
1085.000,3.93396313E+3,
1086.000,3.96146875E+3,
1087.000,3.89265625E+3,
1088.000,3.73052759E+3,
1089.000,3.80199146E+3,
1090.00,3.66709888E+3,
1091.000,3.65541431E+3,
1092.000,3.73642798E+3,
1093.000,3.58086499E+3,
1094.000,3.55594214E+3,
1095.000,3.51080054E+3,
1096.000,3.44079175E+3,
1097.000,3.40711377E+3,
1098.000,3.29809790E+3,
1099.000,3.29020776E+3,
1100.00,3.36411597E+3,
1101.000,3.20759302E+3,
1102.000,3.18571387E+3,
1103.000,3.13249927E+3,
1104.000,3.17058032E+3,
1105.000,3.01549194E+3,
1106.000,3.07254370E+3,
1107.000,3.03482446E+3,
1108.000,2.96816650E+3,
1109.000,2.94707104E+3,
1110.00,2.86444824E+3,
1111.000,2.84620581E+3,
1112.000,2.81764917E+3,
1113.000,2.78523193E+3,
1114.000,2.75143921E+3,
1115.000,2.63408350E+3,
1116.000,2.60620923E+3,
1117.000,2.70699121E+3,
1118.000,2.62062134E+3,
1119.000,2.59222070E+3,
1120.00,2.60896509E+3,
1121.000,2.49714673E+3,
1122.000,2.49049365E+3,
1123.000,2.45234521E+3,
1124.000,2.45077026E+3,
1125.000,2.42415552E+3,
1126.000,2.41452344E+3,
1127.000,2.36570337E+3,
1128.000,2.35447607E+3,
1129.000,2.29584448E+3,
1130.00,2.22879297E+3,
1131.000,2.23376929E+3,
1132.000,2.23756323E+3,
1133.000,2.11440918E+3,
1134.000,2.19234473E+3,
1135.000,2.15878223E+3,
1136.000,2.08784497E+3,
1137.000,2.08163818E+3,
1138.000,2.05847241E+3,
1139.000,2.07070679E+3,
1140.00,1.99695813E+3,
1141.000,2.01036914E+3,
1142.000,1.96774646E+3,
1143.000,1.95650208E+3,
1144.000,1.95483459E+3,
1145.000,1.92017200E+3,
1146.000,1.84694653E+3,
1147.000,1.85582178E+3,
1148.000,1.88255994E+3,
1149.000,1.81385718E+3,
1150.00,1.77287817E+3,
1151.000,1.69398621E+3,
1152.000,1.71663074E+3,
1153.000,1.71667456E+3,
1154.000,1.71878333E+3,
1155.000,1.64031653E+3,
1156.000,1.68082092E+3,
1157.000,1.62553931E+3,
1158.000,1.61941895E+3,
1159.000,1.56218799E+3,
1160.00,1.47294165E+3,
1161.000,1.53743738E+3,
1162.000,1.53227588E+3,
1163.000,1.49342773E+3,
1164.000,1.45950391E+3,
1165.000,1.44805249E+3,
1166.000,1.45162878E+3,
1167.000,1.42712744E+3,
1168.000,1.42756287E+3,
1169.000,1.40911890E+3,
1170.00,1.34368726E+3,
1171.000,1.32521375E+3,
1172.000,1.33431787E+3,
1173.000,1.29691199E+3,
1174.000,1.31875537E+3,
1175.000,1.32924182E+3,
1176.000,1.26371484E+3,
1177.000,1.27439905E+3,
1178.000,1.27514868E+3,
1179.000,1.18767285E+3,
1180.00,1.23314600E+3,
1181.000,1.20490686E+3,
1182.000,1.19132605E+3,
1183.000,1.13184583E+3,
1184.000,1.21163831E+3,
1185.000,1.15789661E+3,
1186.000,1.15454431E+3,
1187.000,1.16032007E+3,
1188.000,1.13887683E+3,
1189.000,1.10167822E+3,
1190.00,1.07542004E+3,
1191.000,1.04810010E+3,
1192.000,1.08351379E+3,
1193.000,1.05449646E+3,
1194.000,1.01975745E+3,
1195.000,9.94516907E+2,
1196.000,1.01279810E+3,
1197.000,9.89038879E+2,
1198.000,1.01487286E+3,
1199.000,9.92162720E+2,
1200.00,1.03696094E+3,
