Labels,0,
Type,Emission Scan,
Comment,,
Start,600.00,
Stop,1200.00,
Step,1.00,
Fixed/Offset,445.00,
Xaxis,Wavelength,
Yaxis,Counts,
Scan Corr. by File,True,
Corr. by Ref. Det.,True,
Fixed/Offset Corr. by File,False,
Repeats,1,
Dwell Time,0.10,
Lamp,Xenon,
Temp,0.00,
Scan Polariser,None,
Scan Slit,2.5999076,
Fixed/Offset Polariser,None,
Fixed/Offset Slit,2.6000183,
Detector,Det2,

600.00,-3.00212021E+1,
601.00,8.13712769E+1,
602.00,-9.66695190E+2,
603.00,1.07886139E+2,
604.00,2.34033432E+2,
605.00,-7.19783081E+2,
606.00,-6.83445862E+2,
607.00,-1.13145557E+3,
608.00,-1.47940720E+2,
609.00,7.16242676E+2,
610.00,-7.15181946E+2,
611.00,-6.35706299E+2,
612.00,-1.65937378E+2,
613.00,-3.03895325E+2,
614.00,-8.23578796E+2,
615.00,-7.25352722E+2,
616.00,-3.30493652E+2,
617.00,-6.14938293E+2,
618.00,-4.42735840E+2,
619.00,-1.44709045E+2,
620.00,-7.42418152E+2,
621.00,-4.46882263E+2,
622.00,-4.53048828E+2,
623.00,1.76690506E+2,
624.00,-2.32820618E+2,
625.00,-2.12966461E+2,
626.00,-4.20519257E+1,
627.00,6.20534248E+1,
628.00,-4.64465546E+2,
629.00,1.96197376E+1,
630.00,-1.91478104E+2,
631.00,-3.52314697E+2,
632.00,-8.87656937E+1,
633.00,-5.18847839E+2,
634.00,-2.89921967E+2,
635.00,-1.45606689E+2,
636.00,-3.08571533E+2,
637.00,-3.49671417E+2,
638.00,-4.01490082E+2,
639.00,-3.12526855E+2,
640.00,-1.28198975E+2,
641.00,-1.65868774E+2,
642.00,-6.76371307E+1,
643.00,-5.66074448E+1,
644.00,-2.97751190E+2,
645.00,1.24285210E+2,
646.00,4.11635895E+1,
647.00,-1.90710571E+2,
648.00,-1.41953232E+2,
649.00,-1.79444336E+2,
650.00,-2.82408264E+2,
651.00,2.72661743E+2,
652.00,-1.86939148E+2,
653.00,4.45571022E+1,
654.00,-2.68519165E+2,
655.00,-1.34776138E+2,
656.00,2.99616947E+1,
657.00,2.22405243E+2,
658.00,3.61601593E+2,
659.00,1.35828690E+2,
660.00,-8.35487137E+1,
661.00,-6.45694199E+1,
662.00,8.10974976E+2,
663.00,5.35830017E+2,
664.00,6.94957703E+2,
665.00,3.43193329E+2,
666.00,6.35321411E+2,
667.00,1.03357776E+3,
668.00,1.30917175E+3,
669.00,1.03544043E+3,
670.00,9.19267883E+2,
671.00,1.32729919E+3,
672.00,1.13056348E+3,
673.00,1.60127246E+3,
674.00,1.37263306E+3,
675.00,1.41248523E+3,
676.00,1.68223962E+3,
677.00,2.63733667E+3,
678.00,2.82831738E+3,
679.00,2.60661548E+3,
680.00,3.12176416E+3,
681.00,2.72859912E+3,
682.00,3.69075903E+3,
683.00,3.61910474E+3,
684.00,5.32502588E+3,
685.00,4.37897998E+3,
686.00,4.57067773E+3,
687.00,4.87406885E+3,
688.00,5.26309668E+3,
689.00,6.83659766E+3,
690.00,6.29290186E+3,
691.00,7.70110400E+3,
692.00,7.19511084E+3,
693.00,8.50446777E+3,
694.00,9.31525293E+3,
695.00,1.01521230E+4,
696.00,1.04166748E+4,
697.00,1.17024365E+4,
698.00,1.24894092E+4,
699.00,1.29429238E+4,
700.00,1.38180918E+4,
701.00,1.45774863E+4,
702.00,1.56111875E+4,
703.00,1.63187822E+4,
704.00,1.59432236E+4,
705.00,1.75723184E+4,
706.00,1.91605039E+4,
707.00,1.92963398E+4,
708.00,2.04778418E+4,
709.00,2.17231016E+4,
710.00,2.34238945E+4,
711.00,2.40105469E+4,
712.00,2.59474980E+4,
713.00,2.69138203E+4,
714.00,2.71802461E+4,
715.00,3.03163105E+4,
716.00,3.08135352E+4,
717.00,3.15005469E+4,
718.00,3.42585781E+4,
719.00,3.58428828E+4,
720.00,3.60183359E+4,
721.00,3.69070313E+4,
722.00,4.01128672E+4,
723.00,4.04241172E+4,
724.00,4.16053516E+4,
725.00,4.38201602E+4,
726.00,4.48282734E+4,
727.00,4.78769648E+4,
728.00,4.94826836E+4,
729.00,5.06491094E+4,
730.00,5.12558047E+4,
731.00,5.26337852E+4,
732.00,5.59200391E+4,
733.00,5.83740039E+4,
734.00,5.93714336E+4,
735.00,6.04996563E+4,
736.00,6.26721055E+4,
737.00,6.44402773E+4,
738.00,6.54180234E+4,
739.00,6.82963672E+4,
740.00,7.04850234E+4,
741.00,7.20056094E+4,
742.00,7.57927422E+4,
743.00,7.61666875E+4,
744.00,7.76190938E+4,
745.00,8.06468047E+4,
746.00,8.24283125E+4,
747.00,8.34050234E+4,
748.00,8.58188203E+4,
749.00,8.77297656E+4,
750.00,8.92217500E+4,
751.00,9.14639063E+4,
752.00,9.26859141E+4,
753.00,9.42592188E+4,
754.00,9.72933594E+4,
755.00,9.99479453E+4,
756.00,1.01165836E+5,
757.00,1.05217844E+5,
758.00,1.05263766E+5,
759.00,1.06961164E+5,
760.00,1.08965289E+5,
761.00,1.11644875E+5,
762.00,1.12091359E+5,
763.00,1.15216859E+5,
764.00,1.16793984E+5,
765.00,1.19164688E+5,
766.00,1.21092211E+5,
767.00,1.21967672E+5,
768.00,1.24487945E+5,
769.00,1.26070859E+5,
770.00,1.26856133E+5,
771.00,1.29090000E+5,
772.00,1.31488563E+5,
773.00,1.31444188E+5,
774.00,1.35533359E+5,
775.00,1.35879219E+5,
776.00,1.37759266E+5,
777.00,1.40048938E+5,
778.00,1.40961797E+5,
779.00,1.43063313E+5,
780.00,1.44814438E+5,
781.00,1.46263734E+5,
782.00,1.47637422E+5,
783.00,1.47285656E+5,
784.00,1.49303250E+5,
785.00,1.49433453E+5,
786.00,1.51863625E+5,
787.00,1.54562094E+5,
788.00,1.55089469E+5,
789.00,1.56643906E+5,
790.00,1.59438531E+5,
791.00,1.58165641E+5,
792.00,1.60233219E+5,
793.00,1.61974266E+5,
794.00,1.64094266E+5,
795.00,1.63370813E+5,
796.00,1.63604500E+5,
797.00,1.67044172E+5,
798.00,1.67431547E+5,
799.00,1.66810969E+5,
800.00,1.68946781E+5,
801.00,1.70154750E+5,
802.00,1.68754281E+5,
803.00,1.72251625E+5,
804.00,1.69403641E+5,
805.00,1.72636344E+5,
806.00,1.74353000E+5,
807.00,1.74827781E+5,
808.00,1.73276844E+5,
809.00,1.76374344E+5,
810.00,1.75986656E+5,
811.00,1.76243172E+5,
812.00,1.76988172E+5,
813.00,1.79627766E+5,
814.00,1.79454813E+5,
815.00,1.78478328E+5,
816.00,1.79850938E+5,
817.00,1.80315109E+5,
818.00,1.79922688E+5,
819.00,1.80005703E+5,
820.00,1.79944656E+5,
821.00,1.81626688E+5,
822.00,1.81573594E+5,
823.00,1.79122109E+5,
824.00,1.80784844E+5,
825.00,1.80632375E+5,
826.00,1.81316969E+5,
827.00,1.80589125E+5,
828.00,1.81875453E+5,
829.00,1.79988688E+5,
830.00,1.81195234E+5,
831.00,1.81457578E+5,
832.00,1.80536250E+5,
833.00,1.78393563E+5,
834.00,1.81051938E+5,
835.00,1.80469672E+5,
836.00,1.81009172E+5,
837.00,1.80869734E+5,
838.00,1.80097375E+5,
839.00,1.79960422E+5,
840.00,1.79423172E+5,
841.00,1.78686094E+5,
842.00,1.79846859E+5,
843.00,1.78299391E+5,
844.00,1.77514219E+5,
845.00,1.77498234E+5,
846.00,1.77348484E+5,
847.00,1.76185875E+5,
848.00,1.75848875E+5,
849.00,1.75142828E+5,
850.00,1.74071688E+5,
851.00,1.73892078E+5,
852.00,1.73168375E+5,
853.00,1.74944203E+5,
854.00,1.71385766E+5,
855.00,1.69661609E+5,
856.00,1.70110984E+5,
857.00,1.69618063E+5,
858.00,1.68312188E+5,
859.00,1.70112859E+5,
860.00,1.67351281E+5,
861.00,1.66876891E+5,
862.00,1.65028375E+5,
863.00,1.66632969E+5,
864.00,1.65215797E+5,
865.00,1.64546938E+5,
866.00,1.63421875E+5,
867.00,1.61202813E+5,
868.00,1.61624641E+5,
869.00,1.59898859E+5,
870.00,1.60620500E+5,
871.00,1.58386422E+5,
872.00,1.56665781E+5,
873.00,1.56037188E+5,
874.00,1.55027188E+5,
875.00,1.55066328E+5,
876.00,1.52884484E+5,
877.00,1.52403797E+5,
878.00,1.52003188E+5,
879.00,1.50790766E+5,
880.00,1.50438938E+5,
881.00,1.48840016E+5,
882.00,1.47142625E+5,
883.00,1.47473078E+5,
884.00,1.47163813E+5,
885.00,1.45162578E+5,
886.00,1.43994578E+5,
887.00,1.43319188E+5,
888.00,1.42453984E+5,
889.00,1.42667609E+5,
890.00,1.40580594E+5,
891.00,1.38232359E+5,
892.00,1.38606688E+5,
893.00,1.37134406E+5,
894.00,1.37137797E+5,
895.00,1.34505000E+5,
896.00,1.34049266E+5,
897.00,1.34213438E+5,
898.00,1.31658797E+5,
899.00,1.31108750E+5,
900.00,1.30987555E+5,
901.00,1.28108320E+5,
902.00,1.27465977E+5,
903.00,1.27442055E+5,
904.00,1.25900445E+5,
905.00,1.25292938E+5,
906.00,1.24392883E+5,
907.00,1.22148563E+5,
908.00,1.22680656E+5,
909.00,1.21187375E+5,
910.00,1.20736273E+5,
911.00,1.19543820E+5,
912.00,1.18218938E+5,
913.00,1.17692586E+5,
914.00,1.17213039E+5,
915.00,1.15678984E+5,
916.00,1.14323070E+5,
917.00,1.14241820E+5,
918.00,1.12895859E+5,
919.00,1.11020625E+5,
920.00,1.10377578E+5,
921.00,1.09684844E+5,
922.00,1.08036563E+5,
923.00,1.08154078E+5,
924.00,1.06192883E+5,
925.00,1.05379758E+5,
926.00,1.03880273E+5,
927.00,1.03521922E+5,
928.00,1.02924242E+5,
929.00,1.01029242E+5,
930.00,1.00831461E+5,
931.00,1.00302102E+5,
932.00,9.85247188E+4,
933.00,9.80955078E+4,
934.00,9.65675625E+4,
935.00,9.54042813E+4,
936.00,9.43814922E+4,
937.00,9.40094063E+4,
938.00,9.28873047E+4,
939.00,9.21988438E+4,
940.00,9.03451953E+4,
941.00,8.98560625E+4,
942.00,8.90253359E+4,
943.00,8.79994688E+4,
944.00,8.66877031E+4,
945.00,8.62378047E+4,
946.00,8.52115859E+4,
947.00,8.45714141E+4,
948.00,8.32175156E+4,
949.00,8.18645469E+4,
950.00,8.07265703E+4,
951.00,8.02278984E+4,
952.00,8.02827109E+4,
953.00,7.95224766E+4,
954.00,7.82305781E+4,
955.00,7.77835391E+4,
956.00,7.67747656E+4,
957.00,7.64589141E+4,
958.00,7.46649063E+4,
959.00,7.45175000E+4,
960.00,7.34035000E+4,
961.00,7.27988750E+4,
962.00,7.15492656E+4,
963.00,7.12865703E+4,
964.00,6.97220000E+4,
965.00,6.89447344E+4,
966.00,6.79858125E+4,
967.00,6.76295703E+4,
968.00,6.64716641E+4,
969.00,6.57987188E+4,
970.00,6.55979609E+4,
971.00,6.49377070E+4,
972.00,6.38756758E+4,
973.00,6.30444219E+4,
974.00,6.25990703E+4,
975.00,6.15090508E+4,
976.00,6.10930547E+4,
977.00,6.06719531E+4,
978.00,5.89884922E+4,
979.00,5.88367539E+4,
980.00,5.81934102E+4,
981.00,5.82930156E+4,
982.00,5.71553438E+4,
983.00,5.61268242E+4,
984.00,5.58259297E+4,
985.00,5.49662539E+4,
986.00,5.40352852E+4,
987.00,5.36010938E+4,
988.00,5.29454648E+4,
989.00,5.20463867E+4,
990.00,5.16149453E+4,
991.00,5.12943359E+4,
992.00,5.02677422E+4,
993.00,4.99929063E+4,
994.00,4.95628633E+4,
995.00,4.93137070E+4,
996.00,4.81639023E+4,
997.00,4.75520508E+4,
998.00,4.64995195E+4,
999.00,4.59829961E+4,
1000.00,4.59158477E+4,
1001.000,4.50238906E+4,
1002.000,4.43815195E+4,
1003.000,4.41885977E+4,
1004.000,4.37025156E+4,
1005.000,4.31099766E+4,
1006.000,4.22891133E+4,
1007.000,4.19980078E+4,
1008.000,4.12264414E+4,
1009.000,4.07761406E+4,
1010.00,4.04383672E+4,
1011.000,3.95138086E+4,
1012.000,3.91864766E+4,
1013.000,3.86873047E+4,
1014.000,3.84239219E+4,
1015.000,3.79309180E+4,
1016.000,3.77394844E+4,
1017.000,3.69589883E+4,
1018.000,3.66937344E+4,
1019.000,3.63979219E+4,
1020.00,3.54550625E+4,
1021.000,3.48341836E+4,
1022.000,3.44706797E+4,
1023.000,3.40587031E+4,
1024.000,3.38811602E+4,
1025.000,3.32648359E+4,
1026.000,3.25643164E+4,
1027.000,3.26457305E+4,
1028.000,3.21345469E+4,
1029.000,3.16427598E+4,
1030.00,3.13082891E+4,
1031.000,3.09334824E+4,
1032.000,3.02594102E+4,
1033.000,3.02677324E+4,
1034.000,2.95097773E+4,
1035.000,2.93932988E+4,
1036.000,2.86500234E+4,
1037.000,2.82243047E+4,
1038.000,2.77604063E+4,
1039.000,2.73193027E+4,
1040.00,2.75257734E+4,
1041.000,2.71689609E+4,
1042.000,2.65239336E+4,
1043.000,2.61608203E+4,
1044.000,2.59253672E+4,
1045.000,2.55853438E+4,
1046.000,2.49239355E+4,
1047.000,2.49440098E+4,
1048.000,2.44622656E+4,
1049.000,2.42413457E+4,
1050.00,2.40665938E+4,
1051.000,2.35845508E+4,
1052.000,2.30898730E+4,
1053.000,2.25992754E+4,
1054.000,2.26419199E+4,
1055.000,2.24108145E+4,
1056.000,2.19462715E+4,
1057.000,2.16510566E+4,
1058.000,2.15332148E+4,
1059.000,2.12705684E+4,
1060.00,2.09361484E+4,
1061.000,2.07554648E+4,
1062.000,2.03463848E+4,
1063.000,1.99008398E+4,
1064.000,1.97055020E+4,
1065.000,1.93281250E+4,
1066.000,1.91214512E+4,
1067.000,1.86934316E+4,
1068.000,1.85856699E+4,
1069.000,1.83946133E+4,
1070.00,1.82611309E+4,
1071.000,1.78764336E+4,
1072.000,1.77329922E+4,
1073.000,1.70734375E+4,
1074.000,1.70507051E+4,
1075.000,1.71945313E+4,
1076.000,1.65886836E+4,
1077.000,1.66097773E+4,
1078.000,1.63585029E+4,
1079.000,1.61124092E+4,
1080.00,1.61278330E+4,
1081.000,1.55223906E+4,
1082.000,1.54792109E+4,
1083.000,1.49907607E+4,
1084.000,1.48627100E+4,
1085.000,1.44204688E+4,
1086.000,1.44678301E+4,
1087.000,1.43081699E+4,
1088.000,1.41060605E+4,
1089.000,1.40144316E+4,
1090.00,1.35808818E+4,
1091.000,1.33780137E+4,
1092.000,1.33677100E+4,
1093.000,1.30984014E+4,
1094.000,1.30674043E+4,
1095.000,1.26554912E+4,
1096.000,1.25618516E+4,
1097.000,1.22319189E+4,
1098.000,1.22379482E+4,
1099.000,1.22070771E+4,
1100.00,1.21381025E+4,
1101.000,1.17967344E+4,
1102.000,1.14985371E+4,
1103.000,1.14637744E+4,
1104.000,1.14372627E+4,
1105.000,1.10226885E+4,
1106.000,1.09131709E+4,
1107.000,1.09470723E+4,
1108.000,1.07297588E+4,
1109.000,1.06712959E+4,
1110.00,1.02136309E+4,
1111.000,1.03981875E+4,
1112.000,1.00830732E+4,
1113.000,1.00719180E+4,
1114.000,9.64928516E+3,
1115.000,9.63155176E+3,
1116.000,9.61850391E+3,
1117.000,9.36366602E+3,
1118.000,9.37943848E+3,
1119.000,9.12985156E+3,
1120.00,9.09266895E+3,
1121.000,8.90498242E+3,
1122.000,8.93461719E+3,
1123.000,8.73283594E+3,
1124.000,8.43419531E+3,
1125.000,8.28965625E+3,
1126.000,8.39040137E+3,
1127.000,8.06155322E+3,
1128.000,8.13290186E+3,
1129.000,7.96062500E+3,
1130.00,7.86294775E+3,
1131.000,7.72867334E+3,
1132.000,7.55574463E+3,
1133.000,7.57765576E+3,
1134.000,7.47452881E+3,
1135.000,7.50302588E+3,
1136.000,7.13596289E+3,
1137.000,7.07564063E+3,
1138.000,6.99243945E+3,
1139.000,6.92189746E+3,
1140.00,6.89731152E+3,
1141.000,6.79970752E+3,
1142.000,6.49550586E+3,
1143.000,6.43654980E+3,
1144.000,6.43078369E+3,
1145.000,6.42467529E+3,
1146.000,6.17878418E+3,
1147.000,6.24691406E+3,
1148.000,6.07523877E+3,
1149.000,5.96316064E+3,
1150.00,6.03939355E+3,
1151.000,5.85937695E+3,
1152.000,5.61228955E+3,
1153.000,5.60492285E+3,
1154.000,5.58390527E+3,
1155.000,5.59592529E+3,
1156.000,5.51781250E+3,
1157.000,5.43870605E+3,
1158.000,5.30956104E+3,
1159.000,5.22370996E+3,
1160.00,5.11846143E+3,
1161.000,5.09134473E+3,
1162.000,5.13436523E+3,
1163.000,4.83205762E+3,
1164.000,4.97730225E+3,
1165.000,4.80534619E+3,
1166.000,4.54762695E+3,
1167.000,4.64981055E+3,
1168.000,4.57191943E+3,
1169.000,4.47262402E+3,
1170.00,4.51150879E+3,
1171.000,4.44730664E+3,
1172.000,4.32836182E+3,
1173.000,4.28820313E+3,
1174.000,4.26129639E+3,
1175.000,4.21124609E+3,
1176.000,4.16975293E+3,
1177.000,4.04288062E+3,
1178.000,3.94153125E+3,
1179.000,3.91188965E+3,
1180.00,3.89077075E+3,
1181.000,3.83239453E+3,
1182.000,3.93214282E+3,
1183.000,3.83175244E+3,
1184.000,3.62880225E+3,
1185.000,3.48458545E+3,
1186.000,3.47612402E+3,
1187.000,3.64830518E+3,
1188.000,3.46145166E+3,
1189.000,3.49753467E+3,
1190.00,3.42676880E+3,
1191.000,3.38734814E+3,
1192.000,3.32155664E+3,
1193.000,3.21704980E+3,
1194.000,3.20087744E+3,
1195.000,3.12814819E+3,
1196.000,3.14772510E+3,
1197.000,3.15829150E+3,
1198.000,3.09654126E+3,
1199.000,2.88739526E+3,
1200.00,2.84855103E+3,
