Labels,0,
Type,Emission Scan,
Comment,,
Start,425.00,
Stop,830.00,
Step,0.500,
Fixed/Offset,445.00,
Xaxis,Wavelength,
Yaxis,Counts,
Scan Corr. by File,True,
Corr. by Ref. Det.,True,
Fixed/Offset Corr. by File,False,
Repeats,1,
Dwell Time,0.20,
Lamp,Xenon,
Temp,0.00,
Scan Polariser,None,
Scan Slit,0.23999718,
Fixed/Offset Polariser,None,
Fixed/Offset Slit,2.2999973,
Detector,Det 1,

425.00,4.56520766E-1,
425.500,9.09080982E-1,
426.00,0.00000000E+0,
426.500,4.54370916E-1,
427.00,0.00000000E+0,
427.500,4.51937169E-1,
428.00,4.53204960E-1,
428.500,4.54885125E-1,
429.00,4.50588793E-1,
429.500,4.51596320E-1,
430.00,0.00000000E+0,
430.500,0.00000000E+0,
431.00,9.11652446E-1,
431.500,0.00000000E+0,
432.00,0.00000000E+0,
432.500,1.82248092E+0,
433.00,1.82226634E+0,
433.500,3.17962503E+0,
434.00,9.07739460E-1,
434.500,1.81828463E+0,
435.00,4.55129921E-1,
435.500,2.27897501E+0,
436.00,1.36180878E+0,
436.500,9.13325906E-1,
437.00,2.28313637E+0,
437.500,5.94344425E+0,
438.00,9.15034103E+0,
438.500,2.24881477E+1,
439.00,3.61404762E+1,
439.500,5.22392540E+1,
440.00,9.51765976E+1,
440.500,1.32732422E+2,
441.00,1.74647705E+2,
441.500,2.21262680E+2,
442.00,3.22419830E+2,
442.500,4.83323486E+2,
443.00,7.74833740E+2,
443.500,6.84842676E+3,
444.00,2.76443574E+4,
444.500,5.19753672E+4,
445.00,7.63307344E+4,
445.500,9.42671797E+4,
446.00,8.97135781E+4,
446.500,6.72030469E+4,
447.00,4.22003555E+4,
447.500,1.93289609E+4,
448.00,3.08946143E+3,
448.500,5.64640076E+2,
449.00,3.93824432E+2,
449.500,2.78193848E+2,
450.00,2.36849640E+2,
450.500,1.78212997E+2,
451.00,1.49138947E+2,
451.500,1.27377403E+2,
452.00,9.75369339E+1,
452.500,7.61479721E+1,
453.00,5.19237709E+1,
453.500,4.08230362E+1,
454.00,2.06516438E+1,
454.500,1.52046661E+1,
455.00,8.66194534E+0,
455.500,1.39893484E+1,
456.00,7.55063343E+0,
456.500,7.45436287E+0,
457.00,1.11074839E+1,
457.500,1.26758585E+1,
458.00,7.35733414E+0,
458.500,8.89233398E+0,
459.00,1.39821873E+1,
459.500,9.23665047E+0,
460.00,1.12864027E+1,
460.500,1.37716074E+1,
461.00,1.56992903E+1,
461.500,9.60198879E+0,
462.00,1.10402107E+1,
462.500,1.19313536E+1,
463.00,1.14245825E+1,
463.500,1.33748846E+1,
464.00,8.84756184E+0,
464.500,1.07764769E+1,
465.00,8.28067207E+0,
465.500,7.77972412E+0,
466.00,1.36465521E+1,
466.500,1.06302166E+1,
467.00,1.34853697E+1,
467.500,9.13801765E+0,
468.00,1.00739918E+1,
468.500,1.29630470E+1,
469.00,1.14941502E+1,
469.500,1.53390884E+1,
470.00,1.24774780E+1,
470.500,1.09747915E+1,
471.00,2.20335655E+1,
471.500,1.62800674E+1,
472.00,1.71572990E+1,
472.500,1.62791767E+1,
473.00,1.92207775E+1,
473.500,1.53324356E+1,
474.00,1.58033342E+1,
474.500,1.63297215E+1,
475.00,1.38863115E+1,
475.500,1.73996258E+1,
476.00,1.69078560E+1,
476.500,1.88053417E+1,
477.00,2.32236767E+1,
477.500,1.78678226E+1,
478.00,2.03305130E+1,
478.500,2.18762817E+1,
479.00,1.45971622E+1,
479.500,1.26828222E+1,
480.00,1.80909443E+1,
480.500,1.95973034E+1,
481.00,1.23054552E+1,
481.500,1.87219391E+1,
482.00,1.77771111E+1,
482.500,1.79247837E+1,
483.00,1.33808908E+1,
483.500,1.13817387E+1,
484.00,1.84950275E+1,
484.500,1.74878254E+1,
485.00,1.45325584E+1,
485.500,2.16391125E+1,
486.00,2.12005463E+1,
486.500,2.13415890E+1,
487.00,1.52881060E+1,
487.500,1.93398418E+1,
488.00,2.31154766E+1,
488.500,2.05527000E+1,
489.00,1.66036091E+1,
489.500,2.03329506E+1,
490.00,2.50731850E+1,
490.500,2.19626331E+1,
491.00,2.16575375E+1,
491.500,2.10661030E+1,
492.00,1.79348850E+1,
492.500,2.33497982E+1,
493.00,1.70218906E+1,
493.500,1.55426331E+1,
494.00,2.36218681E+1,
494.500,2.42950115E+1,
495.00,2.16704502E+1,
495.500,2.28361778E+1,
496.00,2.07588215E+1,
496.500,2.28759003E+1,
497.00,2.41862259E+1,
497.500,2.15331917E+1,
498.00,1.87765884E+1,
498.500,2.61759987E+1,
499.00,2.56199341E+1,
499.500,2.00463276E+1,
500.00,2.58964138E+1,
500.500,1.24012756E+1,
501.00,1.81229439E+1,
501.500,2.28696518E+1,
502.00,2.28242207E+1,
502.500,2.23501129E+1,
503.00,1.89122543E+1,
503.500,2.24924450E+1,
504.00,2.37796707E+1,
504.500,1.97074280E+1,
505.00,1.92631321E+1,
505.500,1.93430901E+1,
506.00,1.99111691E+1,
506.500,1.59584703E+1,
507.00,1.65960693E+1,
507.500,2.61891651E+1,
508.00,1.79720287E+1,
508.500,1.44552727E+1,
509.00,2.39054203E+1,
509.500,3.21058731E+1,
510.00,2.37136917E+1,
510.500,2.54888535E+1,
511.00,1.82537403E+1,
511.500,1.90124493E+1,
512.00,2.22076359E+1,
512.500,2.34768982E+1,
513.00,1.79821815E+1,
513.500,1.86427593E+1,
514.00,1.25172739E+1,
514.500,2.20290966E+1,
515.00,1.63676357E+1,
515.500,1.83491116E+1,
516.00,2.03587837E+1,
516.500,1.97438450E+1,
517.00,2.31377945E+1,
517.500,1.80072117E+1,
518.00,2.07843647E+1,
518.500,2.39966927E+1,
519.00,2.67664413E+1,
519.500,1.77058563E+1,
520.00,1.97315998E+1,
520.500,1.98745384E+1,
521.00,1.92405605E+1,
521.500,2.12523556E+1,
522.00,1.73975506E+1,
522.500,1.88730755E+1,
523.00,1.95202370E+1,
523.500,2.30635986E+1,
524.00,2.17207832E+1,
524.500,2.25083084E+1,
525.00,1.99229965E+1,
525.500,2.27427406E+1,
526.00,1.72316895E+1,
526.500,1.87720375E+1,
527.00,2.14658566E+1,
527.500,1.60785046E+1,
528.00,1.82759533E+1,
528.500,1.54417391E+1,
529.00,1.41205454E+1,
529.500,1.70515194E+1,
530.00,1.85475998E+1,
530.500,2.07652435E+1,
531.00,2.16970387E+1,
531.500,2.60826893E+1,
532.00,2.39939098E+1,
532.500,1.39288712E+1,
533.00,1.39310751E+1,
533.500,1.98871784E+1,
534.00,1.85641556E+1,
534.500,2.16100426E+1,
535.00,1.41794052E+1,
535.500,1.35293188E+1,
536.00,1.58466501E+1,
536.500,1.89001522E+1,
537.00,2.20734730E+1,
537.500,1.68032017E+1,
538.00,1.68286839E+1,
538.500,1.99921207E+1,
539.00,1.54872046E+1,
539.500,1.86641560E+1,
540.00,1.71821957E+1,
540.500,2.26989689E+1,
541.00,1.88391991E+1,
541.500,2.28717365E+1,
542.00,2.22221775E+1,
542.500,1.82606201E+1,
543.00,2.23413506E+1,
543.500,1.44632931E+1,
544.00,9.68624115E+0,
544.500,1.29336481E+1,
545.00,1.29896049E+1,
545.500,1.30428829E+1,
546.00,2.05601063E+1,
546.500,1.98722038E+1,
547.00,1.57036524E+1,
547.500,1.66209621E+1,
548.00,1.76136341E+1,
548.500,1.01072884E+1,
549.00,1.85121803E+1,
549.500,1.18563595E+1,
550.00,1.10978785E+1,
550.500,1.62628231E+1,
551.00,1.62673016E+1,
551.500,1.72178745E+1,
552.00,1.55421267E+1,
552.500,1.04647703E+1,
553.00,2.17772408E+1,
553.500,1.92786846E+1,
554.00,1.41001434E+1,
554.500,1.32868633E+1,
555.00,1.33914585E+1,
555.500,1.43425694E+1,
556.00,1.25725965E+1,
556.500,2.07744408E+1,
557.00,1.18425112E+1,
557.500,1.73497238E+1,
558.00,1.19278030E+1,
558.500,1.10654163E+1,
559.00,1.38618593E+1,
559.500,7.45074701E+0,
560.00,9.38017178E+0,
560.500,8.47926426E+0,
561.00,1.41884050E+1,
561.500,2.17860069E+1,
562.00,1.62257385E+1,
562.500,1.43859720E+1,
563.00,1.15205097E+1,
563.500,1.55313377E+1,
564.00,1.16085281E+1,
564.500,8.82482529E+0,
565.00,1.57097731E+1,
565.500,1.08827238E+1,
566.00,1.58587246E+1,
566.500,8.96031761E+0,
567.00,1.40637159E+1,
567.500,1.11106529E+1,
568.00,1.10862837E+1,
568.500,1.12015657E+1,
569.00,1.12102308E+1,
569.500,1.95423851E+1,
570.00,2.06605511E+1,
570.500,1.24482374E+1,
571.00,4.17556190E+0,
571.500,1.15562067E+1,
572.00,9.51808834E+0,
572.500,7.40006018E+0,
573.00,1.06020765E+1,
573.500,1.07161961E+1,
574.00,1.07935944E+1,
574.500,1.51624098E+1,
575.00,1.52179537E+1,
575.500,1.52642965E+1,
576.00,1.31354980E+1,
576.500,8.83106804E+0,
577.00,1.32923727E+1,
577.500,7.82319212E+0,
578.00,1.00277128E+1,
578.500,1.00984411E+1,
579.00,1.01835432E+1,
579.500,1.25644341E+1,
580.00,8.00983524E+0,
580.500,1.26190338E+1,
581.00,1.38943033E+1,
581.500,1.04843721E+1,
582.00,1.04863567E+1,
582.500,1.41488924E+1,
583.00,9.44157505E+0,
583.500,1.43611431E+1,
584.00,9.53175831E+0,
584.500,9.54943371E+0,
585.00,1.44045506E+1,
585.500,8.49012661E+0,
586.00,1.21731634E+1,
586.500,3.66373348E+0,
587.00,1.22758608E+1,
587.500,8.66287804E+0,
588.00,6.19785357E+0,
588.500,3.73914385E+0,
589.00,7.56080008E+0,
589.500,8.85988140E+0,
590.00,6.34924698E+0,
590.500,1.02026262E+1,
591.00,1.53547583E+1,
591.500,9.02293491E+0,
592.00,1.68254757E+1,
592.500,3.91282058E+0,
593.00,7.87950182E+0,
593.500,1.18106060E+1,
594.00,1.58455353E+1,
594.500,7.97290897E+0,
595.00,1.33736067E+1,
595.500,4.01856327E+0,
596.00,1.48646326E+1,
596.500,2.30201969E+1,
597.00,2.71957755E+0,
597.500,6.87357807E+0,
598.00,5.51804209E+0,
598.500,1.24589443E+1,
599.00,9.73531818E+0,
599.500,9.82278442E+0,
600.00,1.41009998E+0,
600.500,2.83657861E+0,
601.00,1.28710070E+1,
601.500,1.14628429E+1,
602.00,1.00877056E+1,
602.500,5.78619623E+0,
603.00,7.30228567E+0,
603.500,1.32409801E+1,
604.00,1.32760487E+1,
604.500,1.48331785E+0,
605.00,7.47568274E+0,
605.500,1.04808683E+1,
606.00,1.66113434E+1,
606.500,1.52632494E+1,
607.00,1.53844500E+1,
607.500,6.13904381E+0,
608.00,6.20589972E+0,
608.500,6.20821571E+0,
609.00,1.56760538E+0,
609.500,3.15125036E+0,
610.00,1.42818689E+1,
610.500,7.98159504E+0,
611.00,9.60999107E+0,
611.500,1.12634459E+1,
612.00,4.88988638E+0,
612.500,4.91229677E+0,
613.00,1.47954645E+1,
613.500,4.97103262E+0,
614.00,3.33666134E+0,
614.500,3.35827446E+0,
615.00,3.37753248E+0,
615.500,0.00000000E+0,
616.00,5.15470266E+0,
616.500,5.16266775E+0,
617.00,1.21501522E+1,
617.500,6.99852705E+0,
618.00,7.05238962E+0,
618.500,7.09738541E+0,
619.00,7.17408609E+0,
619.500,1.79409134E+0,
620.00,3.63167858E+0,
620.500,9.11571217E+0,
621.00,5.51518202E+0,
621.500,7.38323069E+0,
622.00,5.58271551E+0,
622.500,9.37486076E+0,
623.00,9.43685818E+0,
623.500,3.80660820E+0,
624.00,9.55393696E+0,
624.500,3.87832379E+0,
625.00,1.16506605E+1,
625.500,5.87915182E+0,
626.00,3.93548870E+0,
626.500,9.92229271E+0,
627.00,2.00625968E+0,
627.500,6.06388092E+0,
628.00,2.04015779E+0,
628.500,6.15262842E+0,
629.00,4.12535143E+0,
629.500,8.32014847E+0,
630.00,8.37836456E+0,
630.500,1.05241079E+1,
631.00,1.06246662E+1,
631.500,1.70763741E+1,
632.00,0.00000000E+0,
632.500,1.08708286E+1,
633.00,8.75354099E+0,
633.500,6.64396906E+0,
634.00,6.70026493E+0,
634.500,2.24597526E+0,
635.00,1.13142757E+1,
635.500,6.86047316E+0,
636.00,9.21267700E+0,
636.500,4.63828802E+0,
637.00,7.01300240E+0,
637.500,4.72086334E+0,
638.00,1.90082951E+1,
638.500,9.53606129E+0,
639.00,7.22115278E+0,
639.500,1.46115608E+1,
640.00,7.36582708E+0,
640.500,9.89647770E+0,
641.00,1.25226021E+1,
641.500,2.51371193E+0,
642.00,1.52653341E+1,
642.500,7.70215082E+0,
643.00,1.29138060E+1,
643.500,1.03900604E+1,
644.00,0.00000000E+0,
644.500,5.30870676E+0,
645.00,5.34139442E+0,
645.500,1.34872923E+1,
646.00,1.08532047E+1,
646.500,8.19988537E+0,
647.00,1.39025249E+1,
647.500,5.57888699E+0,
648.00,8.48524094E+0,
648.500,8.50612068E+0,
649.00,8.63965511E+0,
649.500,1.16046801E+1,
650.00,2.93603992E+0,
650.500,8.87583447E+0,
651.00,8.93775272E+0,
651.500,5.99591446E+0,
652.00,9.13773823E+0,
652.500,9.20583439E+0,
653.00,3.10248280E+0,
653.500,1.56755924E+1,
654.00,6.29629850E+0,
654.500,1.27156401E+1,
655.00,1.93022804E+1,
655.500,3.26069355E+0,
656.00,1.63990860E+1,
656.500,1.98323498E+1,
657.00,6.73943853E+0,
657.500,1.35877686E+1,
658.00,3.41275573E+0,
658.500,1.03682127E+1,
659.00,3.49538231E+1,
659.500,1.41382837E+1,
660.00,1.42575464E+1,
660.500,3.61074591E+0,
661.00,1.83097954E+1,
661.500,1.48736115E+1,
662.00,7.53037786E+0,
662.500,3.82995009E+0,
663.00,1.93013268E+1,
663.500,1.97335567E+1,
664.00,3.20675507E+1,
664.500,8.19788933E+0,
665.00,2.49211349E+1,
665.500,1.26427135E+1,
666.00,4.27757645E+0,
666.500,1.72663975E+1,
667.00,1.30949497E+1,
667.500,1.32291937E+1,
668.00,3.98993912E+1,
668.500,2.22872753E+1,
669.00,2.68738708E+1,
669.500,3.60107384E+1,
670.00,2.25667210E+1,
670.500,3.15673027E+1,
671.00,2.25602150E+1,
671.500,2.70444508E+1,
672.00,2.72115459E+1,
672.500,2.70484447E+1,
673.00,4.07153778E+1,
673.500,4.09445381E+1,
674.00,2.27901783E+1,
674.500,3.17666683E+1,
675.00,4.58106575E+1,
675.500,4.11745605E+1,
676.00,3.20200500E+1,
676.500,4.11529350E+1,
677.00,6.01307068E+1,
677.500,3.23223076E+1,
678.00,3.69915161E+1,
678.500,4.62744789E+1,
679.00,4.16181564E+1,
679.500,2.32828121E+1,
680.00,5.67494164E+1,
680.500,5.21708221E+1,
681.00,6.67525864E+1,
681.500,4.76502800E+1,
682.00,7.18741760E+1,
682.500,2.87710934E+1,
683.00,7.73437805E+1,
683.500,6.80354614E+1,
684.00,8.75150146E+1,
684.500,6.84824905E+1,
685.00,7.83323669E+1,
685.500,7.81600647E+1,
686.00,5.91367569E+1,
686.500,6.43379364E+1,
687.00,6.95758209E+1,
687.500,8.99479446E+1,
688.00,4.00680504E+1,
688.500,1.05510513E+2,
689.00,9.07711945E+1,
689.500,5.58228989E+1,
690.00,5.09387665E+1,
690.500,8.68227081E+1,
691.00,1.23911865E+2,
691.500,9.27805786E+1,
692.00,8.81556854E+1,
692.500,1.62839569E+2,
693.00,6.85044861E+1,
693.500,1.11214943E+2,
694.00,1.65406082E+2,
694.500,1.17385696E+2,
695.00,1.12781937E+2,
695.500,8.68035583E+1,
696.00,1.19508789E+2,
696.500,1.42398743E+2,
697.00,1.65707855E+2,
697.500,1.00382896E+2,
698.00,2.07173553E+2,
698.500,7.86854095E+1,
699.00,1.64798477E+2,
699.500,1.66202087E+2,
700.00,1.61579071E+2,
700.500,1.10183746E+2,
701.00,2.10086807E+2,
701.500,2.05395660E+2,
702.00,1.94675415E+2,
702.500,2.49618561E+2,
703.00,1.97570435E+2,
703.500,2.47093903E+2,
704.00,2.13133621E+2,
704.500,2.57887512E+2,
705.00,1.98585632E+2,
705.500,1.43888626E+2,
706.00,2.01185730E+2,
706.500,1.95628799E+2,
707.00,1.27126305E+2,
707.500,2.05182892E+2,
708.00,2.39938538E+2,
708.500,1.96125351E+2,
709.00,2.69931549E+2,
709.500,2.11781601E+2,
710.00,2.99963898E+2,
710.500,2.97727570E+2,
711.00,1.77327866E+2,
711.500,2.75183014E+2,
712.00,2.34750427E+2,
712.500,3.62313843E+2,
713.00,2.87501465E+2,
713.500,2.98960022E+2,
714.00,2.64292542E+2,
714.500,1.72897186E+2,
715.00,1.67566299E+2,
715.500,2.92445313E+2,
716.00,3.26338837E+2,
716.500,2.83659821E+2,
717.00,2.56567413E+2,
717.500,4.03419952E+2,
718.00,3.38173523E+2,
718.500,2.55869522E+2,
719.00,3.89138794E+2,
719.500,3.00947601E+2,
720.00,3.42096985E+2,
720.500,3.37996918E+2,
721.00,2.83262390E+2,
721.500,2.94024261E+2,
722.00,3.48093536E+2,
722.500,3.08889557E+2,
723.00,3.52339355E+2,
723.500,4.14931915E+2,
724.00,3.52906464E+2,
724.500,2.75930450E+2,
725.00,2.96625336E+2,
725.500,4.31492615E+2,
726.00,3.91377502E+2,
726.500,3.66947632E+2,
727.00,3.99360016E+2,
727.500,3.49161896E+2,
728.00,2.58985840E+2,
728.500,3.26114716E+2,
729.00,3.87176453E+2,
729.500,3.32264282E+2,
730.00,4.30694672E+2,
730.500,3.99284821E+2,
731.00,3.92080841E+2,
731.500,4.75865906E+2,
732.00,4.29937134E+2,
732.500,4.85333588E+2,
733.00,3.68249420E+2,
733.500,3.50003418E+2,
734.00,3.32789032E+2,
734.500,4.31208466E+2,
735.00,5.60501221E+2,
735.500,4.30260925E+2,
736.00,3.45459930E+2,
736.500,3.83805786E+2,
737.00,4.63940826E+2,
737.500,4.01622925E+2,
738.00,4.96230835E+2,
738.500,4.54018646E+2,
739.00,4.72307343E+2,
739.500,4.54037659E+2,
740.00,5.28815491E+2,
740.500,4.37882172E+2,
741.00,4.69015015E+2,
741.500,4.84176422E+2,
742.00,4.28227020E+2,
742.500,4.57578827E+2,
743.00,5.12369995E+2,
743.500,4.16104675E+2,
744.00,5.49040588E+2,
744.500,5.78736938E+2,
745.00,5.73891846E+2,
745.500,5.65507019E+2,
746.00,4.66564270E+2,
746.500,4.72976624E+2,
747.00,3.82366577E+2,
747.500,4.40244171E+2,
748.00,6.40482910E+2,
748.500,3.50398041E+2,
749.00,4.69696411E+2,
749.500,4.88123230E+2,
750.00,4.80078339E+2,
750.500,4.40041473E+2,
751.00,6.36447815E+2,
751.500,7.05624023E+2,
752.00,3.48805206E+2,
752.500,4.12874603E+2,
753.00,5.73053162E+2,
753.500,5.46248596E+2,
754.00,5.54581604E+2,
754.500,4.16448395E+2,
755.00,5.50981934E+2,
755.500,4.74423859E+2,
756.00,4.28930756E+2,
756.500,5.68178650E+2,
757.00,5.90096863E+2,
757.500,4.42416626E+2,
758.00,6.71901428E+2,
758.500,6.11837463E+2,
759.00,6.69665955E+2,
759.500,4.64017822E+2,
760.00,5.23594971E+2,
760.500,4.20922333E+2,
761.00,3.88144775E+2,
761.500,5.80663025E+2,
762.00,8.69998047E+2,
762.500,6.11414856E+2,
763.00,5.01377502E+2,
763.500,5.08462311E+2,
764.00,6.28901611E+2,
764.500,8.55670410E+2,
765.00,5.84953796E+2,
765.500,4.06789001E+2,
766.00,4.72663910E+2,
766.500,5.19034485E+2,
767.00,4.87052887E+2,
767.500,5.97914001E+2,
768.00,7.11226929E+2,
768.500,6.08406555E+2,
769.00,5.04566162E+2,
769.500,5.99626404E+2,
770.00,5.16005066E+2,
770.500,6.12617249E+2,
771.00,5.03797607E+2,
771.500,8.56183167E+2,
772.00,5.65238403E+2,
772.500,5.90796204E+2,
773.00,7.41741211E+2,
773.500,7.29131958E+2,
774.00,6.36428894E+2,
774.500,6.91803894E+2,
775.00,7.30228943E+2,
775.500,6.31292419E+2,
776.00,6.64371338E+2,
776.500,8.00567993E+2,
777.00,5.20491272E+2,
777.500,9.02658569E+2,
778.00,7.22921631E+2,
778.500,7.54360046E+2,
779.00,5.21307678E+2,
779.500,4.95595154E+2,
780.00,6.68037720E+2,
780.500,6.17887878E+2,
781.00,7.68965881E+2,
781.500,5.45983521E+2,
782.00,7.60672424E+2,
782.500,5.59610413E+2,
783.00,6.55178284E+2,
783.500,7.85569397E+2,
784.00,3.95523895E+2,
784.500,5.51890686E+2,
785.00,7.77882813E+2,
785.500,6.59035706E+2,
786.00,5.71572083E+2,
786.500,6.41065369E+2,
787.00,6.44663330E+2,
787.500,6.88069885E+2,
788.00,3.64262146E+2,
788.500,5.01982025E+2,
789.00,6.41989258E+2,
789.500,5.47775940E+2,
790.00,4.50918274E+2,
790.500,3.84652435E+2,
791.00,7.09074158E+2,
791.500,4.29627502E+2,
792.00,7.56560425E+2,
792.500,4.38595428E+2,
793.00,5.88187134E+2,
793.500,5.20720337E+2,
794.00,1.27570349E+3,
794.500,7.22069641E+2,
795.00,7.65587769E+2,
795.500,6.17011597E+2,
796.00,3.52282379E+2,
796.500,5.12802856E+2,
797.00,7.98102112E+2,
797.500,4.44010956E+2,
798.00,8.52183472E+2,
798.500,8.23591614E+2,
799.00,3.75820282E+2,
799.500,7.13857971E+2,
800.00,4.25175476E+2,
800.500,6.01515137E+2,
801.00,5.62848145E+2,
801.500,5.71529175E+2,
802.00,6.66151062E+2,
802.500,6.24231018E+2,
803.00,6.31229919E+2,
803.500,4.10296539E+2,
804.00,8.28836243E+2,
804.500,9.24846191E+2,
805.00,7.03353271E+2,
805.500,5.21546143E+2,
806.00,8.15662048E+2,
806.500,3.87478119E+2,
807.00,3.42272217E+2,
807.500,6.92919067E+2,
808.00,8.50674011E+2,
808.500,5.05506775E+2,
809.00,5.59273315E+2,
809.500,5.16244385E+2,
810.00,8.33235474E+2,
810.500,3.16483704E+2,
811.00,1.06321887E+3,
811.500,7.56096191E+2,
812.00,3.80753510E+2,
812.500,3.85963135E+2,
813.00,3.92922516E+2,
813.500,3.41200653E+2,
814.00,4.03551056E+2,
814.500,4.07447540E+2,
815.00,5.93028687E+2,
815.500,4.82579926E+2,
816.00,7.93418884E+2,
816.500,9.28161865E+2,
817.00,4.40640259E+2,
817.500,7.63569763E+2,
818.00,5.17550598E+2,
818.500,6.56421936E+2,
819.00,1.00498645E+3,
819.500,6.12555237E+2,
820.00,1.17528430E+3,
820.500,2.81252563E+2,
821.00,4.31312836E+2,
821.500,5.13425781E+2,
822.00,7.49825439E+2,
822.500,7.60876160E+2,
823.00,8.59839844E+2,
823.500,8.76324280E+2,
824.00,3.26745178E+2,
824.500,2.50825378E+2,
825.00,8.61265808E+2,
825.500,6.15961365E+2,
826.00,9.03405273E+2,
826.500,7.41524475E+2,
827.00,6.69837952E+2,
827.500,3.90055237E+2,
828.00,8.07255005E+2,
828.500,9.41844543E+2,
829.00,6.44816528E+2,
829.500,9.99081909E+2,
830.00,3.44781891E+2,
