0.02CR-FITTED
  QY = 32.40%
Labels,0,KONGBAI,
Type,Emission Scan,Emission Scan,
Comment,,,
Start,425.00,425.00,
Stop,830.00,830.00,
Step,0.500,0.500,
Fixed/Offset,445.00,445.00,
Xaxis,Wavelength,Wavelength,
Yaxis,Counts,Counts,
Scan Corr. by File,True,True,
Corr. by Ref. Det.,True,True,
Fixed/Offset Corr. by File,False,False,
Repeats,1,1,
Dwell Time,0.20,0.20,
Lamp,Xenon,Xenon,
Temp,0.00,0.00,
Scan Polariser,None,None,
Scan Slit,0.23999718,0.23999718,
Fixed/Offset Polariser,None,None,
Fixed/Offset Slit,2.2999973,2.2999973,
Detector,Det 1,Det 1,

425.00,0.00000000E+0,4.08875465E+0,
425.500,0.00000000E+0,9.09496248E-1,
426.00,-4.53266233E-1,8.61335182E+0,
426.500,0.00000000E+0,1.26810217E+1,
427.00,0.00000000E+0,8.61109543E+0,
427.500,0.00000000E+0,2.72238374E+0,
428.00,1.80684888E+0,9.08056915E-1,
428.500,0.00000000E+0,3.16150212E+0,
429.00,2.27352333E+0,3.15315890E+0,
429.500,1.80612350E+0,1.34698653E+0,
430.00,1.80417132E+0,4.07255077E+0,
430.500,1.36014998E+0,3.16675735E+0,
431.00,9.03848886E-1,-2.70760870E+0,
431.500,4.51543778E-1,6.32714033E+0,
432.00,1.35823715E+0,3.16966271E+0,
432.500,0.00000000E+0,5.88217497E+0,
433.00,0.00000000E+0,5.43864346E+0,
433.500,2.27469778E+0,4.98443079E+0,
434.00,0.00000000E+0,2.27285480E+0,
434.500,9.07296598E-1,5.89423037E+0,
435.00,4.54090238E-1,4.07489729E+0,
435.500,1.36787951E+0,3.62197781E+0,
436.00,0.00000000E+0,7.27153254E+0,
436.500,9.09128428E-1,1.81734848E+0,
437.00,2.27394915E+0,6.36216927E+0,
437.500,4.99856091E+0,1.41946402E+1,
438.00,7.29620790E+0,1.77679272E+1,
438.500,1.69586945E+1,3.29169388E+1,
439.00,3.12835178E+1,6.38930817E+1,
439.500,4.58013382E+1,9.05479889E+1,
440.00,8.99114304E+1,1.45808502E+2,
440.500,1.21325729E+2,2.25831848E+2,
441.00,1.70242065E+2,3.45779846E+2,
441.500,2.32628159E+2,4.46557007E+2,
442.00,3.03335571E+2,5.89306091E+2,
442.500,4.40426758E+2,8.92688904E+2,
443.00,8.07090088E+2,2.11908911E+3,
443.500,7.16506689E+3,1.77772344E+4,
444.00,2.70078496E+4,5.51371523E+4,
444.500,4.98318945E+4,9.61511797E+4,
445.00,7.27366719E+4,1.34560156E+5,
445.500,8.93563359E+4,1.55743234E+5,
446.00,8.36732813E+4,1.39869297E+5,
446.500,6.26708945E+4,1.00261188E+5,
447.00,3.95539648E+4,5.99101953E+4,
447.500,1.75399199E+4,2.32383125E+4,
448.00,2.66212622E+3,3.09429077E+3,
448.500,5.62427063E+2,9.31000305E+2,
449.00,3.88334961E+2,6.53226624E+2,
449.500,2.77873383E+2,4.27140503E+2,
450.00,2.00778015E+2,3.58896057E+2,
450.500,1.76077988E+2,2.97969910E+2,
451.00,1.49661957E+2,2.52511383E+2,
451.500,1.21837082E+2,1.86924057E+2,
452.00,7.89230957E+1,1.39081345E+2,
452.500,5.58040733E+1,1.09234802E+2,
453.00,5.99116173E+1,8.48247147E+1,
453.500,3.37559433E+1,4.33277817E+1,
454.00,2.50114803E+1,4.00393562E+1,
454.500,6.47870827E+0,2.80545368E+1,
455.00,4.86048746E+0,2.19952583E+1,
455.500,3.74450707E+0,2.20101147E+1,
456.00,9.07126904E+0,1.12038231E+1,
456.500,1.11338930E+1,2.45495358E+1,
457.00,1.16292944E+1,1.95278683E+1,
457.500,1.00287848E+1,2.89832363E+1,
458.00,1.09418783E+1,2.13893642E+1,
458.500,1.45944242E+1,1.60963669E+1,
459.00,9.84636021E+0,1.90781918E+1,
459.500,1.18695784E+1,1.59556351E+1,
460.00,1.02591496E+1,2.90344772E+1,
460.500,1.01829090E+1,1.77191982E+1,
461.00,1.16354589E+1,1.97079639E+1,
461.500,1.15148001E+1,2.00438671E+1,
462.00,9.51466656E+0,2.34244785E+1,
462.500,1.23842134E+1,2.78410206E+1,
463.00,1.04020433E+1,1.67907753E+1,
463.500,6.92148542E+0,1.72722569E+1,
464.00,1.27826986E+1,2.41195431E+1,
464.500,9.75547886E+0,2.19381866E+1,
465.00,1.26227283E+1,1.84714451E+1,
465.500,1.75210590E+1,1.70690060E+1,
466.00,1.06534023E+1,1.92656040E+1,
466.500,1.25158339E+1,1.54577293E+1,
467.00,1.78148842E+1,1.82503281E+1,
467.500,1.83102665E+1,2.20293026E+1,
468.00,1.72624722E+1,2.63909206E+1,
468.500,1.48030558E+1,2.88146782E+1,
469.00,1.00559759E+1,2.88557243E+1,
469.500,1.53284378E+1,2.91028233E+1,
470.00,1.19246454E+1,2.14972343E+1,
470.500,1.09877758E+1,3.60476685E+1,
471.00,1.14489565E+1,2.95030823E+1,
471.500,1.76924973E+1,2.94560261E+1,
472.00,1.38600664E+1,2.74862213E+1,
472.500,1.67328072E+1,3.39225159E+1,
473.00,1.33163662E+1,2.85798874E+1,
473.500,1.38151531E+1,2.91177959E+1,
474.00,1.57949219E+1,3.11532555E+1,
474.500,1.95607834E+1,2.62045803E+1,
475.00,1.33910160E+1,3.14690704E+1,
475.500,1.10369129E+1,4.12332497E+1,
476.00,1.39319162E+1,3.11970673E+1,
476.500,1.53644915E+1,1.98296566E+1,
477.00,1.68185730E+1,3.42255516E+1,
477.500,1.77855072E+1,3.42745705E+1,
478.00,1.78148727E+1,3.00284863E+1,
478.500,1.44905930E+1,3.29242897E+1,
479.00,1.88227501E+1,4.26736641E+1,
479.500,1.21334286E+1,2.51911201E+1,
480.00,1.98746929E+1,2.91035557E+1,
480.500,1.60284958E+1,2.67318420E+1,
481.00,1.62146130E+1,2.59859772E+1,
481.500,1.77167320E+1,2.46049824E+1,
482.00,1.67481937E+1,4.11660805E+1,
482.500,1.53580370E+1,3.98957863E+1,
483.00,1.67423267E+1,2.91249142E+1,
483.500,1.63555470E+1,3.06210194E+1,
484.00,1.53489456E+1,3.13696899E+1,
484.500,1.89513302E+1,3.18256454E+1,
485.00,2.44934101E+1,3.24571609E+1,
485.500,1.20542393E+1,3.51231270E+1,
486.00,1.71475964E+1,3.68370857E+1,
486.500,1.46627884E+1,2.57510433E+1,
487.00,2.69947319E+1,3.79872971E+1,
487.500,2.18991165E+1,3.25155449E+1,
488.00,1.47831421E+1,2.76233788E+1,
488.500,2.10299549E+1,3.74485970E+1,
489.00,1.65254192E+1,3.85760918E+1,
489.500,1.76193428E+1,4.50538445E+1,
490.00,2.18238182E+1,4.16851158E+1,
490.500,1.71285362E+1,3.58786888E+1,
491.00,1.88624783E+1,4.36594162E+1,
491.500,2.05401115E+1,3.89768944E+1,
492.00,1.94845829E+1,3.90814590E+1,
492.500,2.17148380E+1,4.24473381E+1,
493.00,1.91763744E+1,4.61991997E+1,
493.500,1.97568455E+1,4.91705055E+1,
494.00,1.55115232E+1,3.43816261E+1,
494.500,1.88457813E+1,5.69491768E+1,
495.00,2.21335564E+1,3.57101021E+1,
495.500,2.28194675E+1,3.94568787E+1,
496.00,1.95769558E+1,3.53031311E+1,
496.500,2.18026867E+1,4.68674850E+1,
497.00,1.80218143E+1,3.38417778E+1,
497.500,2.31462955E+1,3.73489456E+1,
498.00,1.70745220E+1,4.38110390E+1,
498.500,1.99130154E+1,4.15821686E+1,
499.00,2.16467724E+1,2.71323948E+1,
499.500,1.33479958E+1,3.77383995E+1,
500.00,2.07812023E+1,3.23758240E+1,
500.500,2.19539738E+1,3.42472153E+1,
501.00,2.14742928E+1,3.89505386E+1,
501.500,2.32909527E+1,2.66360512E+1,
502.00,1.25014954E+1,4.41877327E+1,
502.500,2.50953178E+1,4.22830734E+1,
503.00,2.23399277E+1,4.22944031E+1,
503.500,2.06591740E+1,3.33217049E+1,
504.00,1.62051659E+1,3.68332291E+1,
504.500,2.20273685E+1,3.80988846E+1,
505.00,2.77852917E+1,3.65625420E+1,
505.500,1.93338184E+1,3.67300072E+1,
506.00,1.87380142E+1,3.46781654E+1,
506.500,2.29680653E+1,3.00261307E+1,
507.00,1.65557880E+1,4.70066681E+1,
507.500,1.78237190E+1,4.95858231E+1,
508.00,2.09002399E+1,2.97558212E+1,
508.500,2.27732677E+1,3.82211418E+1,
509.00,2.09298840E+1,3.72152710E+1,
509.500,2.41225739E+1,3.91271019E+1,
510.00,1.51771822E+1,3.63737144E+1,
510.500,1.51843929E+1,4.89549561E+1,
511.00,1.82846775E+1,4.28234138E+1,
511.500,2.38682060E+1,3.79765129E+1,
512.00,2.03021049E+1,4.41567421E+1,
512.500,1.29227591E+1,3.44965096E+1,
513.00,2.97380524E+1,3.89784698E+1,
513.500,1.98109188E+1,3.41811409E+1,
514.00,2.37421989E+1,3.92389793E+1,
514.500,2.06881161E+1,3.92919502E+1,
515.00,2.19406414E+1,3.01839485E+1,
515.500,2.14569263E+1,4.21929626E+1,
516.00,1.84140644E+1,4.42632027E+1,
516.500,1.40098057E+1,3.62745781E+1,
517.00,2.10621948E+1,2.74082699E+1,
517.500,2.04953003E+1,3.84698715E+1,
518.00,1.92752209E+1,4.23608704E+1,
518.500,2.46079597E+1,3.62694244E+1,
519.00,1.43025379E+1,3.77166061E+1,
519.500,1.69130955E+1,3.72203712E+1,
520.00,2.29041767E+1,3.80065842E+1,
520.500,2.04208946E+1,3.15180664E+1,
521.00,2.24715862E+1,3.62466393E+1,
521.500,1.65945797E+1,4.15952759E+1,
522.00,1.12935181E+1,3.33201675E+1,
522.500,2.27608871E+1,4.13791542E+1,
523.00,1.74135323E+1,5.10746384E+1,
523.500,2.64061317E+1,3.16595497E+1,
524.00,1.96577091E+1,3.32370644E+1,
524.500,1.36172876E+1,3.52517281E+1,
525.00,1.84329796E+1,4.03344307E+1,
525.500,1.78820763E+1,3.55750275E+1,
526.00,1.72387257E+1,3.64358978E+1,
526.500,2.20838356E+1,4.08366699E+1,
527.00,2.21471672E+1,2.91979065E+1,
527.500,2.09039249E+1,3.82897835E+1,
528.00,1.74624958E+1,3.15175304E+1,
528.500,2.10478954E+1,4.40606728E+1,
529.00,2.04315929E+1,4.09344254E+1,
529.500,1.70278072E+1,2.95933609E+1,
530.00,2.20791969E+1,3.33182640E+1,
530.500,2.00081367E+1,4.27741318E+1,
531.00,2.37155247E+1,2.65337143E+1,
531.500,2.37804241E+1,3.52170486E+1,
532.00,1.30162687E+1,2.97798100E+1,
532.500,1.37738962E+1,3.63884048E+1,
533.00,2.18271141E+1,1.98382530E+1,
533.500,1.24899960E+1,3.89092827E+1,
534.00,1.98566513E+1,3.59531593E+1,
534.500,9.60866737E+0,2.88153477E+1,
535.00,1.78829861E+1,3.25982323E+1,
535.500,1.49307137E+1,3.20757370E+1,
536.00,1.42783871E+1,3.07809677E+1,
536.500,1.73033199E+1,4.49811554E+1,
537.00,1.21360617E+1,3.99876518E+1,
537.500,1.21766148E+1,3.02263527E+1,
538.00,1.68145676E+1,2.49911270E+1,
538.500,1.91308689E+1,4.43294373E+1,
539.00,1.77043495E+1,3.14651680E+1,
539.500,1.07988567E+1,3.23418312E+1,
540.00,1.94318581E+1,2.16548996E+1,
540.500,2.09539547E+1,3.28460655E+1,
541.00,1.80266991E+1,3.68175926E+1,
541.500,1.49292727E+1,3.44555931E+1,
542.00,1.34312248E+1,1.97307320E+1,
542.500,1.90619278E+1,3.88671722E+1,
543.00,1.51376781E+1,2.22847271E+1,
543.500,1.12061939E+1,3.68801155E+1,
544.00,1.44621353E+1,2.98287983E+1,
544.500,1.77482147E+1,2.01657238E+1,
545.00,1.13918982E+1,3.57229538E+1,
545.500,1.72313290E+1,4.31073875E+1,
546.00,1.88501682E+1,3.33943787E+1,
546.500,1.56360149E+1,2.71501446E+1,
547.00,9.05671692E+0,3.45633698E+1,
547.500,2.23370705E+1,2.46956615E+1,
548.00,1.58172169E+1,3.81613350E+1,
548.500,1.58986330E+1,2.93919754E+1,
549.00,1.84462910E+1,2.00553875E+1,
549.500,1.26658859E+1,2.61212158E+1,
550.00,2.21387196E+1,2.80063553E+1,
550.500,1.61784077E+1,2.04757385E+1,
551.00,1.02598791E+1,3.49151955E+1,
551.500,1.72048492E+1,2.92815533E+1,
552.00,1.47391233E+1,2.07068501E+1,
552.500,1.38969994E+1,3.10898418E+1,
553.00,1.04845982E+1,3.83723640E+1,
553.500,1.40455122E+1,3.24519806E+1,
554.00,2.36963367E+1,3.43121300E+1,
554.500,1.06356077E+1,3.00492115E+1,
555.00,1.59825344E+1,3.36634598E+1,
555.500,1.69383469E+1,3.03089352E+1,
556.00,1.16512098E+1,1.61660690E+1,
556.500,1.80657024E+1,3.25256119E+1,
557.00,2.73358059E+0,3.70479927E+1,
557.500,1.18374748E+1,2.44340477E+1,
558.00,1.46826658E+1,3.57074928E+1,
558.500,1.56081944E+1,3.02423325E+1,
559.00,5.57305527E+0,3.49782715E+1,
559.500,1.20834455E+1,3.15133991E+1,
560.00,1.12063379E+1,2.04047489E+1,
560.500,5.64020538E+0,2.34134521E+1,
561.00,1.97025108E+1,1.78531208E+1,
561.500,2.07816849E+1,2.63891335E+1,
562.00,1.14015722E+1,1.32515402E+1,
562.500,1.14608221E+1,3.15645485E+1,
563.00,1.53354731E+1,2.29501686E+1,
563.500,1.15540380E+1,1.92974834E+1,
564.00,9.70064640E+0,3.18848419E+1,
564.500,6.81192255E+0,3.60875511E+1,
565.00,9.77754402E+0,2.63712311E+1,
565.500,1.18211985E+1,3.25481911E+1,
566.00,8.91659641E+0,1.97633057E+1,
566.500,9.92052460E+0,2.88311863E+1,
567.00,7.98684263E+0,3.79468727E+1,
567.500,8.05370808E+0,1.90334492E+1,
568.00,7.07403755E+0,2.51713829E+1,
568.500,1.51911945E+1,2.42025528E+1,
569.00,1.42565393E+1,2.75087814E+1,
569.500,1.94444313E+1,2.44872704E+1,
570.00,1.54241753E+1,3.68663330E+1,
570.500,1.23927269E+1,1.96246586E+1,
571.00,1.14409275E+1,3.22187347E+1,
571.500,1.67755318E+1,3.12203979E+1,
572.00,1.25945263E+1,3.45848541E+1,
572.500,1.68806648E+1,2.83821220E+1,
573.00,7.39982128E+0,4.24622879E+1,
573.500,1.91820621E+1,1.92012196E+1,
574.00,1.17980852E+1,2.35962963E+1,
574.500,6.45550537E+0,1.94048977E+1,
575.00,1.62671738E+1,3.46992035E+1,
575.500,5.42354298E+0,2.39018135E+1,
576.00,4.37349749E+0,3.92658653E+1,
576.500,8.81843185E+0,3.30009537E+1,
577.00,1.10515413E+1,2.31776428E+1,
577.500,1.22067375E+1,2.56311626E+1,
578.00,1.22423267E+1,2.00520973E+1,
578.500,5.61783981E+0,2.35114384E+1,
579.00,1.70018559E+1,1.46395884E+1,
579.500,1.35883951E+1,1.47518301E+1,
580.00,1.13861303E+1,3.41499710E+1,
580.500,9.12761497E+0,2.86469994E+1,
581.00,4.61416817E+0,3.69306068E+1,
581.500,1.16104650E+1,1.03952017E+1,
582.00,1.75156155E+1,6.99627447E+0,
582.500,7.03053904E+0,1.76128483E+1,
583.00,1.53220329E+1,3.06070671E+1,
583.500,7.07787275E+0,1.89276981E+1,
584.00,8.30656242E+0,2.96861744E+1,
584.500,8.36988831E+0,1.91383667E+1,
585.00,8.40306091E+0,1.67823544E+1,
585.500,4.83099794E+0,2.29366474E+1,
586.00,1.57917757E+1,8.47343922E+0,
586.500,3.67461777E+0,3.67673874E+0,
587.00,1.46673918E+1,2.94543056E+1,
587.500,9.84473896E+0,1.96987724E+1,
588.00,3.71517849E+0,1.48320475E+1,
588.500,7.46660900E+0,1.73526173E+1,
589.00,1.38519573E+1,3.62055130E+1,
589.500,1.89067459E+1,6.30072403E+0,
590.00,7.58277082E+0,2.52347622E+1,
590.500,8.89864922E+0,3.66886368E+1,
591.00,6.38974714E+0,3.19471931E+1,
591.500,5.14953041E+0,1.15386009E+1,
592.00,3.86226010E+0,4.25064621E+1,
592.500,1.16727047E+1,4.01281128E+1,
593.00,1.43609228E+1,1.30624657E+1,
593.500,1.31388340E+1,1.44176197E+1,
594.00,6.61293077E+0,2.10893078E+1,
594.500,9.30403042E+0,1.58883810E+1,
595.00,1.32762775E+1,2.52082100E+1,
595.500,2.68317580E+0,1.73379211E+1,
596.00,6.75199413E+0,1.86748199E+1,
596.500,1.08099222E+1,9.40348625E+0,
597.00,-2.71788549E+0,1.21722527E+1,
597.500,1.36106765E+0,2.31563377E+1,
598.00,1.37562065E+1,1.92855167E+1,
598.500,1.39064980E+1,9.60511494E+0,
599.00,1.38891816E+0,1.80047798E+1,
599.500,7.00187063E+0,2.65272732E+1,
600.00,8.44496822E+0,1.39580765E+1,
600.500,8.44366360E+0,7.03540993E+0,
601.00,1.27494316E+1,1.41998899E+0,
601.500,1.00067987E+1,1.98665257E+1,
602.00,8.62772179E+0,1.43688955E+1,
602.500,1.45192635E+0,2.02246571E+1,
603.00,1.45123053E+0,3.20206757E+1,
603.500,8.76666927E+0,1.16524210E+1,
604.00,7.40286207E+0,2.94108868E+0,
604.500,2.96453118E+0,3.25032883E+1,
605.00,5.96556616E+0,5.95311785E+0,
605.500,1.04832306E+1,1.79314213E+1,
606.00,1.50990286E+1,9.01405048E+0,
606.500,4.54082680E+0,9.05724525E+0,
607.00,6.11940050E+0,7.61066389E+0,
607.500,9.20584965E+0,1.07266903E+1,
608.00,7.71398926E+0,3.08440471E+0,
608.500,1.39910679E+1,1.23939018E+1,
609.00,1.09610825E+1,3.27324028E+1,
609.500,2.04104576E+1,6.28014088E+0,
610.00,6.31530046E+0,-4.71495819E+0,
610.500,6.38184118E+0,6.34239864E+0,
611.00,4.80174875E+0,6.39019966E+0,
611.500,6.46981144E+0,2.56521053E+1,
612.00,1.62123585E+1,2.43394318E+1,
612.500,9.79059601E+0,1.30499277E+1,
613.00,8.22049713E+0,1.63856354E+1,
613.500,1.15744848E+1,4.95241213E+0,
614.00,0.00000000E+0,2.81749935E+1,
614.500,1.67343771E+0,-3.33715820E+0,
615.00,2.02660675E+1,1.51379461E+1,
615.500,6.77198839E+0,1.35493441E+1,
616.00,8.54011822E+0,3.22922478E+1,
616.500,1.03566265E+1,3.09354992E+1,
617.00,3.46099782E+0,5.19311047E+0,
617.500,3.49892449E+0,0.00000000E+0,
618.00,1.05689631E+1,2.10457344E+1,
618.500,1.06622086E+1,2.46580429E+1,
619.00,1.06287680E+1,2.14098969E+1,
619.500,1.61402359E+1,1.79659977E+1,
620.00,7.20683002E+0,1.07841368E+1,
620.500,3.64099288E+0,1.81518879E+1,
621.00,1.82733142E+0,1.46286058E+1,
621.500,5.49703598E+0,1.28277168E+1,
622.00,1.66980152E+1,3.52687721E+1,
622.500,5.59393597E+0,3.17091541E+1,
623.00,3.74686837E+0,3.76153016E+0,
623.500,1.14152126E+1,2.45893192E+1,
624.00,-1.90648830E+0,1.33220816E+1,
624.500,9.62469196E+0,7.66837835E+0,
625.00,0.00000000E+0,3.08812981E+1,
625.500,1.37361488E+1,9.75241089E+0,
626.00,1.96673071E+0,7.86274481E+0,
626.500,7.91706419E+0,1.18677692E+1,
627.00,1.39502544E+1,3.96665263E+0,
627.500,4.01472378E+0,3.41278954E+1,
628.00,1.21477308E+1,2.82569027E+1,
628.500,8.17922592E+0,8.13323021E+0,
629.00,6.16120291E+0,1.43641949E+1,
629.500,8.30268478E+0,4.94615288E+1,
630.00,6.27893353E+0,1.65734329E+1,
630.500,6.32786417E+0,3.14519787E+1,
631.00,4.24319649E+0,-2.11252618E+0,
631.500,1.28037767E+1,4.26024771E+0,
632.00,2.15314913E+0,8.55686378E+0,
632.500,4.34709263E+0,1.72843533E+1,
633.00,1.09065962E+1,1.73986568E+1,
633.500,8.79670048E+0,1.31761351E+1,
634.00,1.33653965E+1,-1.54130678E+1,
634.500,2.24060535E+0,8.95308876E+0,
635.00,2.26603961E+0,1.34478884E+1,
635.500,2.27728415E+0,4.06734047E+1,
636.00,2.29864383E+0,2.51300430E+1,
636.500,6.96249676E+0,-2.29887915E+0,
637.00,1.16871405E+1,1.62416039E+1,
637.500,-2.34534526E+0,2.57320194E+1,
638.00,7.12338924E+0,4.70748377E+0,
638.500,-2.38162708E+0,2.38285236E+1,
639.00,4.81332684E+0,9.60109043E+0,
639.500,1.45718498E+1,2.17077217E+1,
640.00,2.45014453E+0,1.46032009E+1,
640.500,0.00000000E+0,1.46875257E+1,
641.00,7.47952747E+0,2.47279334E+0,
641.500,5.02307940E+0,0.00000000E+0,
642.00,-2.52954555E+0,2.26385880E+1,
642.500,1.79499874E+1,5.09752083E+0,
643.00,7.74019909E+0,4.38759956E+1,
643.500,-2.60924244E+0,1.81394558E+1,
644.00,1.04761667E+1,1.04965687E+1,
644.500,0.00000000E+0,1.57628222E+1,
645.00,0.00000000E+0,7.98223305E+0,
645.500,1.61661110E+1,1.87255135E+1,
646.00,1.08066492E+1,2.98027687E+1,
646.500,5.47987270E+0,0.00000000E+0,
647.00,2.76188779E+0,3.85381279E+1,
647.500,2.78199840E+0,1.11073961E+1,
648.00,-2.81370687E+0,-8.39512539E+0,
648.500,2.82102871E+0,0.00000000E+0,
649.00,2.29188156E+1,0.00000000E+0,
649.500,8.68049526E+0,2.01507320E+1,
650.00,8.74793911E+0,3.20134048E+1,
650.500,1.17634115E+1,1.46637564E+1,
651.00,1.48877563E+1,1.78215771E+1,
651.500,1.79672012E+1,1.19622288E+1,
652.00,3.02652121E+0,3.01875901E+0,
652.500,1.22706089E+1,3.04767966E+0,
653.00,1.53705187E+1,1.22891827E+1,
653.500,1.55267572E+1,6.21146774E+0,
654.00,6.27707052E+0,3.12837839E+0,
654.500,2.54676857E+1,-6.32018471E+0,
655.00,6.41646957E+0,1.91795692E+1,
655.500,9.73164845E+0,6.45780516E+0,
656.00,-3.27546501E+0,0.00000000E+0,
656.500,0.00000000E+0,-6.56890726E+0,
657.00,1.33440742E+1,6.65150309E+0,
657.500,3.38680911E+0,2.35383377E+1,
658.00,2.38550968E+1,6.81117773E+0,
658.500,0.00000000E+0,1.37334366E+1,
659.00,3.49829912E+0,6.95001078E+0,
659.500,7.07694578E+0,-3.51646924E+0,
660.00,7.12953758E+0,1.77845535E+1,
660.500,7.25001240E+0,7.16424036E+0,
661.00,2.19653797E+1,2.55451431E+1,
661.500,-3.69572306E+0,-2.57928524E+1,
662.00,1.88245277E+1,3.75994802E+0,
662.500,7.62079477E+0,3.80882301E+1,
663.00,2.32197971E+1,1.15829058E+1,
663.500,0.00000000E+0,-3.93456268E+0,
664.00,-4.00891829E+0,1.19560270E+1,
664.500,0.00000000E+0,2.43752575E+1,
665.00,1.24454021E+1,-4.14346981E+0,
665.500,1.25883570E+1,1.25621595E+1,
666.00,4.28170509E+1,0.00000000E+0,
666.500,2.16060734E+1,-4.29966021E+0,
667.00,1.30799875E+1,3.47079315E+1,
667.500,0.00000000E+0,-4.39179897E+0,
668.00,3.11224766E+1,1.76548119E+1,
668.500,2.67644367E+1,-8.88935089E+0,
669.00,3.12044277E+1,-1.78021202E+1,
669.500,8.93282795E+0,8.94326019E+0,
670.00,1.79286480E+1,0.00000000E+0,
670.500,1.34693003E+1,3.14784870E+1,
671.00,4.51500702E+0,2.68535118E+1,
671.500,9.02552509E+0,8.97051239E+0,
672.00,1.80604496E+1,0.00000000E+0,
672.500,1.81045437E+1,-9.00144291E+0,
673.00,4.08344116E+1,8.99882984E+0,
673.500,9.11170578E+0,4.50423145E+0,
674.00,1.36299334E+1,2.71255798E+1,
674.500,4.54882393E+1,4.53790092E+1,
675.00,9.06851292E+0,1.35566673E+1,
675.500,2.27888470E+1,1.81771450E+1,
676.00,0.00000000E+0,9.14067650E+0,
676.500,2.74629745E+1,-1.37091904E+1,
677.00,4.57705193E+1,6.84950790E+1,
677.500,4.59591198E+0,5.48843536E+1,
678.00,1.37985096E+1,1.37903786E+1,
678.500,5.07917747E+1,2.76274643E+1,
679.00,5.56063576E+1,-9.23311806E+0,
679.500,2.31293907E+1,1.84908333E+1,
680.00,2.37033882E+1,-9.45970917E+0,
680.500,5.21713829E+1,1.89307232E+1,
681.00,3.79159431E+1,1.89574623E+1,
681.500,1.90636940E+1,4.75158262E+0,
682.00,3.35835838E+1,3.33856583E+1,
682.500,2.87115879E+1,0.00000000E+0,
683.00,7.21242218E+1,1.91990280E+1,
683.500,7.27316055E+1,3.85879250E+1,
684.00,3.87479286E+1,0.00000000E+0,
684.500,9.74015713E+0,2.43572063E+1,
685.00,4.37071419E+1,-1.45741129E+1,
685.500,3.91981087E+1,4.88353777E+0,
686.00,4.89661484E+1,2.44294510E+1,
686.500,1.97105446E+1,1.46942635E+1,
687.00,7.41302719E+1,1.97312584E+1,
687.500,3.97651863E+1,1.97890739E+1,
688.00,2.00739384E+1,-9.94579029E+0,
688.500,1.00347395E+1,2.49546051E+1,
689.00,7.56756287E+1,7.51877365E+1,
689.500,6.04744339E+1,1.00967913E+1,
690.00,4.57894249E+1,-3.02830238E+1,
690.500,7.65675583E+1,3.04887295E+1,
691.00,4.09649658E+1,5.13084555E+0,
691.500,2.58947506E+1,-1.02691298E+1,
692.00,8.81102905E+1,0.00000000E+0,
692.500,4.17340469E+1,-1.03869944E+1,
693.00,7.87395248E+1,1.56967897E+1,
693.500,9.48032455E+1,8.95364075E+1,
694.00,5.28072968E+1,9.49450455E+1,
694.500,7.48695908E+1,3.18085346E+1,
695.00,1.24224152E+2,-4.27759666E+1,
695.500,1.18924759E+2,5.37337828E+0,
696.00,4.36109161E+1,2.71174660E+1,
696.500,7.11080856E+1,5.46897316E+0,
697.00,6.58458710E+1,1.09716730E+1,
697.500,1.16783058E+2,1.10751019E+1,
698.00,1.17538155E+2,3.35382881E+1,
698.500,9.57800369E+1,2.24873428E+1,
699.00,1.13323532E+2,2.82090931E+1,
699.500,8.00866852E+1,-2.84366550E+1,
700.00,5.73862953E+1,1.14368343E+1,
700.500,4.03685646E+1,4.61372299E+1,
701.00,1.39698120E+2,2.31900578E+1,
701.500,9.93131561E+1,5.27028847E+1,
702.00,7.09503403E+1,2.94128628E+1,
702.500,1.00920059E+2,4.15749550E+1,
703.00,1.37270721E+2,-2.39255695E+1,
703.500,1.56744171E+2,-1.80478859E+1,
704.00,1.15584167E+2,-1.82044220E+1,
704.500,7.96901169E+1,0.00000000E+0,
705.00,5.57904167E+1,-1.84367905E+1,
705.500,7.46027908E+1,-6.19871521E+0,
706.00,1.25574478E+2,-3.12849274E+1,
706.500,2.01130997E+2,-2.50797653E+1,
707.00,1.71803223E+2,-6.32009363E+0,
707.500,1.40767334E+2,1.27796150E+2,
708.00,1.48100433E+2,3.21068382E+1,
708.500,1.30019409E+2,3.89191780E+1,
709.00,1.25179947E+2,-6.56036520E+0,
709.500,1.52353912E+2,-2.63327847E+1,
710.00,1.26812706E+2,-5.98309631E+1,
710.500,1.68576950E+2,6.01630630E+1,
711.00,2.31280899E+2,2.03008823E+1,
711.500,1.29985291E+2,6.14719353E+1,
712.00,2.20433151E+2,6.17969398E+1,
712.500,1.80785263E+2,-4.13990860E+1,
713.00,2.24794647E+2,-6.98873138E+0,
713.500,1.97035248E+2,4.21173706E+1,
714.00,1.14292961E+2,4.98096581E+1,
714.500,1.58607697E+2,7.16219711E+0,
715.00,1.88351776E+2,-2.16024151E+1,
715.500,1.31651962E+2,5.81784172E+1,
716.00,2.50590408E+2,-3.69438324E+1,
716.500,1.78331131E+2,-4.44938812E+1,
717.00,1.65199356E+2,4.49105453E+1,
717.500,1.36690903E+2,6.79193573E+1,
718.00,1.22138519E+2,-2.28647289E+1,
718.500,2.08106064E+2,9.22355804E+1,
719.00,2.33560928E+2,-1.55225220E+1,
719.500,1.72474808E+2,-5.49554176E+1,
720.00,1.26768478E+2,4.74875183E+1,
720.500,2.48623230E+2,3.97696190E+1,
721.00,1.53678436E+2,8.02569675E+0,
721.500,2.28429977E+2,3.25910034E+1,
722.00,2.05665909E+2,9.03639679E+1,
722.500,1.90790298E+2,-2.49153500E+1,
723.00,2.33727783E+2,0.00000000E+0,
723.500,2.54235214E+2,2.53126373E+1,
724.00,2.04546402E+2,-3.40420341E+1,
724.500,2.84296967E+2,-8.59552097E+0,
725.00,2.87962982E+2,-1.73167591E+1,
725.500,2.28601181E+2,8.77158165E+0,
726.00,2.13160858E+2,0.00000000E+0,
726.500,2.95248322E+2,-5.33266182E+1,
727.00,3.07828247E+2,-9.01958752E+0,
727.500,2.56543762E+2,9.09605217E+0,
728.00,1.93628967E+2,9.16112423E+0,
728.500,2.13404266E+2,-9.28078270E+0,
729.00,3.10663879E+2,3.73880157E+1,
729.500,2.84325714E+2,9.47178116E+1,
730.00,2.20227371E+2,1.91258698E+1,
730.500,2.32147385E+2,-1.93450928E+1,
731.00,3.04108429E+2,-9.74583530E+0,
731.500,2.86742859E+2,4.91433525E+1,
732.00,2.59925598E+2,-2.98696632E+1,
732.500,2.31460205E+2,3.00837765E+1,
733.00,2.53799637E+2,6.09396667E+1,
733.500,3.69342285E+2,-2.05644341E+1,
734.00,2.58666412E+2,1.03592453E+1,
734.500,2.20223267E+2,1.04505482E+1,
735.00,3.72064850E+2,-5.27910843E+1,
735.500,2.45470062E+2,-3.20226402E+1,
736.00,3.12502625E+2,7.48468323E+1,
736.500,4.36749054E+2,5.45323715E+1,
737.00,2.86301605E+2,1.31703934E+2,
737.500,3.77942200E+2,8.87710342E+1,
738.00,4.40094452E+2,7.84500656E+1,
738.500,3.18523621E+2,0.00000000E+0,
739.00,4.01810150E+2,-4.57891350E+1,
739.500,3.25148407E+2,-6.97474136E+1,
740.00,3.62393707E+2,-5.82172546E+1,
740.500,2.96174866E+2,-1.17484198E+1,
741.00,3.72143677E+2,1.42830780E+2,
741.500,3.63001556E+2,9.61999969E+1,
742.00,2.93343170E+2,-2.43086452E+1,
742.500,3.23307220E+2,-2.45540848E+1,
743.00,2.99096954E+2,-1.23707294E+1,
743.500,3.90640778E+2,-2.51618443E+1,
744.00,3.80709808E+2,-7.62970352E+1,
744.500,3.73434509E+2,7.73428955E+1,
745.00,4.44495667E+2,9.09806671E+1,
745.500,3.04215759E+2,-3.91789360E+1,
746.00,2.92583405E+2,2.77498962E+2,
746.500,3.22471130E+2,0.00000000E+0,
747.00,4.22487640E+2,0.00000000E+0,
747.500,3.69248840E+2,-6.83505096E+1,
748.00,4.29967316E+2,1.37503290E+1,
748.500,4.61887817E+2,8.38797150E+1,
749.00,5.94812744E+2,1.12641251E+2,
749.500,3.72069946E+2,1.42699203E+1,
750.00,5.37303101E+2,5.75450439E+1,
750.500,4.24515564E+2,-2.92211475E+1,
751.00,3.97819733E+2,4.41863403E+1,
751.500,5.39898132E+2,-4.45729446E+1,
752.00,4.97314453E+2,1.20277542E+2,
752.500,3.05489716E+2,-1.51861486E+1,
753.00,4.81607086E+2,-4.60526581E+1,
753.500,5.94759705E+2,1.39921356E+2,
754.00,4.56515991E+2,-1.73136185E+2,
754.500,4.61881927E+2,-4.76395988E+1,
755.00,4.03483124E+2,0.00000000E+0,
755.500,2.12235870E+2,4.87332458E+1,
756.00,4.62213654E+2,-1.15072502E+2,
756.500,4.49950134E+2,0.00000000E+0,
757.00,5.92143555E+2,-3.35921555E+1,
757.500,4.08601593E+2,-1.69690384E+2,
758.00,4.48314819E+2,1.02883583E+2,
758.500,6.60581665E+2,-3.47745399E+1,
759.00,4.06069977E+2,-1.75631771E+1,
759.500,5.72209229E+2,-3.54743767E+1,
760.00,4.15843933E+2,-5.41004372E+1,
760.500,4.74243774E+2,1.62608047E+2,
761.00,4.98981476E+2,7.33748169E+1,
761.500,2.99019531E+2,3.71576347E+1,
762.00,4.88798065E+2,-1.13054535E+2,
762.500,4.18854004E+2,0.00000000E+0,
763.00,3.26960114E+2,-5.73339882E+1,
763.500,5.43766968E+2,5.79942741E+1,
764.00,4.14756622E+2,7.83271332E+1,
764.500,5.15106934E+2,-1.78644012E+2,
765.00,7.04568420E+2,-2.00392456E+1,
765.500,5.28308350E+2,-1.61317245E+2,
766.00,5.52951782E+2,4.08984718E+1,
766.500,5.58666504E+2,-8.30285645E+1,
767.00,8.20911255E+2,-1.04816986E+2,
767.500,4.86609375E+2,-8.44458160E+1,
768.00,7.07968506E+2,4.28130264E+1,
768.500,6.27867798E+2,0.00000000E+0,
769.00,7.21808167E+2,1.09073746E+2,
769.500,5.98380005E+2,-1.31632187E+2,
770.00,3.56347931E+2,0.00000000E+0,
770.500,7.89777710E+2,1.79855545E+2,
771.00,4.80918396E+2,1.36322739E+2,
771.500,6.45050659E+2,1.83189835E+2,
772.00,4.20382843E+2,1.16437729E+2,
772.500,5.89278992E+2,2.34689884E+1,
773.00,4.29647949E+2,1.90415878E+2,
773.500,4.60518829E+2,-1.19918098E+2,
774.00,6.10773376E+2,-4.84519691E+1,
774.500,4.95181244E+2,-1.22783188E+2,
775.00,3.75988953E+2,7.42995071E+1,
775.500,5.27984009E+2,2.51965752E+1,
776.00,5.84762207E+2,2.53477879E+1,
776.500,3.86175171E+2,-1.02879089E+2,
777.00,6.00982300E+2,-5.18669205E+1,
777.500,5.00643311E+2,2.36606537E+2,
778.00,7.75110657E+2,2.65120907E+1,
778.500,3.24006134E+2,1.33767883E+2,
779.00,2.98402985E+2,0.00000000E+0,
779.500,7.40669434E+2,1.63907593E+2,
780.00,6.68688293E+2,0.00000000E+0,
780.500,4.19785187E+2,-1.11537903E+2,
781.00,4.82057709E+2,-5.65131721E+1,
781.500,6.59832703E+2,-1.72067551E+2,
782.00,5.82819519E+2,1.74339767E+2,
782.500,3.51588959E+2,2.05125427E+2,
783.00,7.14805359E+2,0.00000000E+0,
783.500,4.53205750E+2,0.00000000E+0,
784.00,5.77210022E+2,9.08762665E+1,
784.500,6.45927002E+2,6.14831123E+1,
785.00,3.10500793E+2,3.08763084E+1,
785.500,1.88803558E+2,-1.55733261E+2,
786.00,4.10486908E+2,1.26207672E+2,
786.500,6.69170471E+2,-3.18403797E+1,
787.00,7.12692627E+2,-1.61202972E+2,
787.500,2.61986328E+2,0.00000000E+0,
788.00,7.30598389E+2,9.91391449E+1,
788.500,5.67794312E+2,3.32302490E+2,
789.00,7.08105957E+2,0.00000000E+0,
789.500,2.73384583E+2,6.78509598E+1,
790.00,3.10906128E+2,2.06062805E+2,
790.500,6.29458313E+2,2.08384262E+2,
791.00,4.94318817E+2,6.99707870E+1,
791.500,6.09371948E+2,2.49195190E+2,
792.00,2.15428635E+2,0.00000000E+0,
792.500,4.74625214E+2,-1.08722603E+2,
793.00,4.77635223E+2,-1.09704613E+2,
793.500,5.54664978E+2,7.38238449E+1,
794.00,6.75241821E+2,-1.12264717E+2,
794.500,3.40497589E+2,-3.01667847E+2,
795.00,5.35465515E+2,1.14138458E+2,
795.500,7.33247437E+2,1.15210571E+2,
796.00,4.66744019E+2,-3.87000504E+1,
796.500,5.92058228E+2,-3.14297668E+2,
797.00,1.59659088E+2,-1.18841629E+2,
797.500,4.81399506E+2,-2.00125351E+2,
798.00,5.29809998E+2,-1.61363327E+2,
798.500,4.10649872E+2,-1.22455536E+2,
799.00,8.69283142E+2,-2.47598465E+2,
799.500,2.94375305E+2,-1.25018883E+2,
800.00,5.08692230E+2,0.00000000E+0,
800.500,8.10078796E+2,2.13966843E+2,
801.00,3.46740723E+2,4.30758896E+1,
801.500,2.18205673E+2,-8.73933105E+1,
802.00,6.60950378E+2,-8.80521698E+1,
802.500,5.81222229E+2,-1.33510025E+2,
803.00,5.85263916E+2,-4.49806900E+1,
803.500,4.56753479E+2,-4.51760635E+1,
804.00,5.96073059E+2,4.57535744E+1,
804.500,7.41020325E+2,4.63015976E+1,
805.00,3.76988556E+2,-3.26404510E+2,
805.500,4.27671936E+2,-4.26258667E+2,
806.00,3.34716309E+2,2.86970520E+2,
806.500,5.32871216E+2,9.67711639E+1,
807.00,5.36323242E+2,9.71043625E+1,
807.500,8.39219177E+2,2.45286652E+2,
808.00,4.00593536E+2,1.48972397E+2,
808.500,8.04586121E+2,5.02448654E+1,
809.00,5.08758026E+2,5.58090088E+2,
809.500,6.70333313E+2,-3.58105438E+2,
810.00,3.64434601E+2,0.00000000E+0,
810.500,3.67586884E+2,-1.04897072E+2,
811.00,4.25714935E+2,-1.58002609E+2,
811.500,4.86140442E+2,1.61189209E+2,
812.00,2.18798355E+2,3.25600647E+2,
812.500,6.64443665E+2,3.85041321E+2,
813.00,3.91211426E+2,-2.22820709E+2,
813.500,5.12923401E+2,-2.24642517E+2,
814.00,7.48242493E+2,1.14750656E+2,
814.500,2.91154266E+2,1.15887016E+2,
815.00,5.93316467E+2,-2.93211456E+2,
815.500,9.64878174E+2,2.98415436E+2,
816.00,4.85405304E+2,-1.81657990E+2,
816.500,8.01354858E+2,-1.23217239E+2,
817.00,9.41220215E+2,-1.24629929E+2,
817.500,6.37030762E+2,0.00000000E+0,
818.00,8.42701904E+2,-3.84923737E+2,
818.500,6.56108276E+2,6.52217407E+1,
819.00,4.02220093E+2,4.64544739E+2,
819.500,3.41512848E+2,4.06165863E+2,
820.00,2.76928772E+2,1.37265762E+2,
820.500,1.05113220E+3,-1.39530090E+2,
821.00,6.45571655E+2,-2.13564316E+2,
821.500,4.37189850E+2,-2.17247681E+2,
822.00,2.24132660E+2,0.00000000E+0,
822.500,9.16304382E+2,-3.04744904E+2,
823.00,4.67415924E+2,4.65878967E+2,
823.500,5.56048584E+2,-6.34527588E+2,
824.00,2.44354706E+2,8.09463654E+1,
824.500,8.38968964E+1,3.32528473E+2,
825.00,3.41763123E+2,-5.12749207E+2,
825.500,2.64060150E+2,-5.22672302E+2,
826.00,5.44031738E+2,3.58990814E+2,
826.500,1.29068396E+3,-4.62895142E+2,
827.00,2.84794220E+2,0.00000000E+0,
827.500,8.83250793E+2,2.93529785E+2,
828.00,6.03963257E+2,3.00294769E+2,
828.500,7.24595032E+2,1.03304138E+2,
829.00,7.54595459E+2,-2.14238190E+2,
829.500,3.33278229E+2,-2.20706635E+2,
830.00,2.29066208E+2,-6.83792480E+2,
