0.05CR-FITTED-13.42%
  QY = 13.42%
Labels,0,KONGBAI,
Type,Emission Scan,Emission Scan,
Comment,,,
Start,425.00,425.00,
Stop,830.00,830.00,
Step,0.500,0.500,
Fixed/Offset,445.00,445.00,
Xaxis,Wavelength,Wavelength,
Yaxis,Counts,Counts,
Scan Corr. by File,True,True,
Corr. by Ref. Det.,True,True,
Fixed/Offset Corr. by File,False,False,
Repeats,1,1,
Dwell Time,0.20,0.20,
Lamp,Xenon,Xenon,
Temp,0.00,0.00,
Scan Polariser,None,None,
Scan Slit,0.23999718,0.23999718,
Fixed/Offset Polariser,None,None,
Fixed/Offset Slit,2.2999973,2.2999973,
Detector,Det 1,Det 1,

425.00,4.55094069E-1,4.08875465E+0,
425.500,-4.55445647E-1,9.09496248E-1,
426.00,4.53794390E-1,8.61335182E+0,
426.500,-9.06550944E-1,1.26810217E+1,
427.00,-4.52299207E-1,8.61109543E+0,
427.500,0.00000000E+0,2.72238374E+0,
428.00,-4.52630043E-1,9.08056915E-1,
428.500,2.25885844E+0,3.16150212E+0,
429.00,-1.36334026E+0,3.15315890E+0,
429.500,-9.05964911E-1,1.34698653E+0,
430.00,-9.05503094E-1,4.07255077E+0,
430.500,1.35978377E+0,3.16675735E+0,
431.00,-9.05199409E-1,-2.70760870E+0,
431.500,-4.51403528E-1,6.32714033E+0,
432.00,4.53590930E-1,3.16966271E+0,
432.500,4.54738498E-1,5.88217497E+0,
433.00,-4.52697545E-1,5.43864346E+0,
433.500,-4.54506040E-1,4.98443079E+0,
434.00,1.36485898E+0,2.27285480E+0,
434.500,4.53003556E-1,5.89423037E+0,
435.00,-1.36372936E+0,4.07489729E+0,
435.500,1.81141591E+0,3.62197781E+0,
436.00,-9.10596430E-1,7.27153254E+0,
436.500,0.00000000E+0,1.81734848E+0,
437.00,2.27766895E+0,6.36216927E+0,
437.500,1.82685113E+0,1.41946402E+1,
438.00,7.30616045E+0,1.77679272E+1,
438.500,1.51345854E+1,3.29169388E+1,
439.00,3.54230347E+1,6.38930817E+1,
439.500,4.35851822E+1,9.05479889E+1,
440.00,7.23134384E+1,1.45808502E+2,
440.500,1.00425682E+2,2.25831848E+2,
441.00,1.54756714E+2,3.45779846E+2,
441.500,2.08881989E+2,4.46557007E+2,
442.00,2.51855972E+2,5.89306091E+2,
442.500,3.50734924E+2,8.92688904E+2,
443.00,6.76172546E+2,2.11908911E+3,
443.500,5.84830225E+3,1.77772344E+4,
444.00,2.30651328E+4,5.51371523E+4,
444.500,4.29841836E+4,9.61511797E+4,
445.00,6.32054570E+4,1.34560156E+5,
445.500,7.79759219E+4,1.55743234E+5,
446.00,7.42037188E+4,1.39869297E+5,
446.500,5.52875625E+4,1.00261188E+5,
447.00,3.51682422E+4,5.99101953E+4,
447.500,1.59448086E+4,2.32383125E+4,
448.00,2.46172607E+3,3.09429077E+3,
448.500,4.90430389E+2,9.31000305E+2,
449.00,3.45722839E+2,6.53226624E+2,
449.500,2.50521545E+2,4.27140503E+2,
450.00,1.80859436E+2,3.58896057E+2,
450.500,1.58980164E+2,2.97969910E+2,
451.00,1.15023438E+2,2.52511383E+2,
451.500,9.40531769E+1,1.86924057E+2,
452.00,7.55040207E+1,1.39081345E+2,
452.500,5.47565193E+1,1.09234802E+2,
453.00,4.51020584E+1,8.48247147E+1,
453.500,2.49530163E+1,4.33277817E+1,
454.00,1.35695105E+1,4.00393562E+1,
454.500,1.46255789E+1,2.80545368E+1,
455.00,6.47719669E+0,2.19952583E+1,
455.500,5.90918398E+0,2.20101147E+1,
456.00,6.40510368E+0,1.12038231E+1,
456.500,8.56291866E+0,2.45495358E+1,
457.00,6.36757517E+0,1.95278683E+1,
457.500,8.39478493E+0,2.89832363E+1,
458.00,6.84251165E+0,2.13893642E+1,
458.500,7.30322409E+0,1.60963669E+1,
459.00,8.28917313E+0,1.90781918E+1,
459.500,1.18234291E+1,1.59556351E+1,
460.00,8.18913078E+0,2.90344772E+1,
460.500,8.12908936E+0,1.77191982E+1,
461.00,8.08666515E+0,1.97079639E+1,
461.500,9.53641415E+0,2.00438671E+1,
462.00,4.49654293E+0,2.34244785E+1,
462.500,5.98579407E+0,2.78410206E+1,
463.00,8.41893673E+0,1.67907753E+1,
463.500,6.88549662E+0,1.72722569E+1,
464.00,1.03782091E+1,2.41195431E+1,
464.500,9.30100060E+0,2.19381866E+1,
465.00,8.29376793E+0,1.84714451E+1,
465.500,6.31817198E+0,1.70690060E+1,
466.00,9.17897034E+0,1.92656040E+1,
466.500,1.06573648E+1,1.54577293E+1,
467.00,1.36005955E+1,1.82503281E+1,
467.500,1.15451775E+1,2.20293026E+1,
468.00,9.61595631E+0,2.63909206E+1,
468.500,7.70718479E+0,2.88146782E+1,
469.00,1.34029989E+1,2.88557243E+1,
469.500,1.00477142E+1,2.91028233E+1,
470.00,1.24756594E+1,2.14972343E+1,
470.500,9.53438568E+0,3.60476685E+1,
471.00,1.28648701E+1,2.95030823E+1,
471.500,1.63034554E+1,2.94560261E+1,
472.00,1.43134212E+1,2.74862213E+1,
472.500,7.64340019E+0,3.39225159E+1,
473.00,1.23605680E+1,2.85798874E+1,
473.500,1.52948580E+1,2.91177959E+1,
474.00,1.62414169E+1,3.11532555E+1,
474.500,1.19778395E+1,2.62045803E+1,
475.00,1.29129047E+1,3.14690704E+1,
475.500,1.43989887E+1,4.12332497E+1,
476.00,8.12385845E+0,3.11970673E+1,
476.500,1.34673710E+1,1.98296566E+1,
477.00,1.30482035E+1,3.42255516E+1,
477.500,1.59437857E+1,3.42745705E+1,
478.00,1.35291033E+1,3.00284863E+1,
478.500,1.74971600E+1,3.29242897E+1,
479.00,1.30553160E+1,4.26736641E+1,
479.500,1.40992441E+1,2.51911201E+1,
480.00,1.36297693E+1,2.91035557E+1,
480.500,1.36635628E+1,2.67318420E+1,
481.00,1.96266060E+1,2.59859772E+1,
481.500,1.28133373E+1,2.46049824E+1,
482.00,1.18018436E+1,4.11660805E+1,
482.500,1.47587414E+1,3.98957863E+1,
483.00,1.67224007E+1,2.91249142E+1,
483.500,1.08932972E+1,3.06210194E+1,
484.00,1.34111452E+1,3.13696899E+1,
484.500,1.64427357E+1,3.18256454E+1,
485.00,1.84714603E+1,3.24571609E+1,
485.500,1.45751619E+1,3.51231270E+1,
486.00,1.51093740E+1,3.68370857E+1,
486.500,1.06869326E+1,2.57510433E+1,
487.00,1.72141781E+1,3.79872971E+1,
487.500,1.52888699E+1,3.25155449E+1,
488.00,2.04324932E+1,2.76233788E+1,
488.500,1.64031677E+1,3.74485970E+1,
489.00,1.44711647E+1,3.85760918E+1,
489.500,1.44995432E+1,4.50538445E+1,
490.00,2.33606300E+1,4.16851158E+1,
490.500,1.82792130E+1,3.58786888E+1,
491.00,1.36162558E+1,4.36594162E+1,
491.500,1.56896954E+1,3.89768944E+1,
492.00,1.79166393E+1,3.90814590E+1,
492.500,2.18146038E+1,4.24473381E+1,
493.00,1.48291569E+1,4.61991997E+1,
493.500,1.70892944E+1,4.91705055E+1,
494.00,1.71759434E+1,3.43816261E+1,
494.500,1.39924355E+1,5.69491768E+1,
495.00,1.94373684E+1,3.57101021E+1,
495.500,1.13710012E+1,3.94568787E+1,
496.00,1.52649450E+1,3.53031311E+1,
496.500,1.52480669E+1,4.68674850E+1,
497.00,2.02772484E+1,3.38417778E+1,
497.500,1.15427761E+1,3.73489456E+1,
498.00,1.43577967E+1,4.38110390E+1,
498.500,1.21524563E+1,4.15821686E+1,
499.00,1.55855255E+1,2.71323948E+1,
499.500,1.61627960E+1,3.77383995E+1,
500.00,1.06274080E+1,3.23758240E+1,
500.500,1.51599846E+1,3.42472153E+1,
501.00,1.69185829E+1,3.89505386E+1,
501.500,1.70162563E+1,2.66360512E+1,
502.00,1.41898117E+1,4.41877327E+1,
502.500,2.04849701E+1,4.22830734E+1,
503.00,1.43495722E+1,4.22944031E+1,
503.500,1.09148531E+1,3.33217049E+1,
504.00,1.15628586E+1,3.68332291E+1,
504.500,1.74536705E+1,3.80988846E+1,
505.00,1.62648277E+1,3.65625420E+1,
505.500,1.86824436E+1,3.67300072E+1,
506.00,1.45766335E+1,3.46781654E+1,
506.500,2.05898094E+1,3.00261307E+1,
507.00,2.00744591E+1,4.70066681E+1,
507.500,1.54318790E+1,4.95858231E+1,
508.00,1.31486835E+1,2.97558212E+1,
508.500,2.33137493E+1,3.82211418E+1,
509.00,1.80210228E+1,3.72152710E+1,
509.500,1.74376335E+1,3.91271019E+1,
510.00,1.51646872E+1,3.63737144E+1,
510.500,1.52272110E+1,4.89549561E+1,
511.00,1.47112217E+1,4.28234138E+1,
511.500,1.58931246E+1,3.79765129E+1,
512.00,1.90138664E+1,4.41567421E+1,
512.500,1.78308258E+1,3.44965096E+1,
513.00,1.61775818E+1,3.89784698E+1,
513.500,1.06030703E+1,3.41811409E+1,
514.00,1.42907553E+1,3.92389793E+1,
514.500,1.88203106E+1,3.92919502E+1,
515.00,1.88537445E+1,3.01839485E+1,
515.500,1.70958767E+1,4.21929626E+1,
516.00,1.83942013E+1,4.42632027E+1,
516.500,1.97390766E+1,3.62745781E+1,
517.00,2.17121887E+1,2.74082699E+1,
517.500,1.72817192E+1,3.84698715E+1,
518.00,1.41985464E+1,4.23608704E+1,
518.500,8.41277981E+0,3.62694244E+1,
519.00,1.43421612E+1,3.77166061E+1,
519.500,9.13096905E+0,3.72203712E+1,
520.00,1.57946320E+1,3.80065842E+1,
520.500,1.64819164E+1,3.15180664E+1,
521.00,1.12409210E+1,3.62466393E+1,
521.500,1.13320055E+1,4.15952759E+1,
522.00,1.26648588E+1,3.33201675E+1,
522.500,1.73441925E+1,4.13791542E+1,
523.00,2.15547543E+1,5.10746384E+1,
523.500,1.21586256E+1,3.16595497E+1,
524.00,1.62651291E+1,3.32370644E+1,
524.500,1.83506050E+1,3.52517281E+1,
525.00,1.08859339E+1,4.03344307E+1,
525.500,1.37590714E+1,3.55750275E+1,
526.00,1.92744465E+1,3.64358978E+1,
526.500,2.08041801E+1,4.08366699E+1,
527.00,1.11312046E+1,2.91979065E+1,
527.500,1.40022488E+1,3.82897835E+1,
528.00,1.33467340E+1,3.15175304E+1,
528.500,8.41879749E+0,4.40606728E+1,
529.00,1.48739033E+1,4.09344254E+1,
529.500,1.34983940E+1,2.95933609E+1,
530.00,1.92626247E+1,3.33182640E+1,
530.500,9.32097626E+0,4.27741318E+1,
531.00,1.35872021E+1,2.65337143E+1,
531.500,1.51740828E+1,3.52170486E+1,
532.00,1.38114004E+1,2.97798100E+1,
532.500,1.59572573E+1,3.63884048E+1,
533.00,1.17082195E+1,1.98382530E+1,
533.500,1.46664457E+1,3.89092827E+1,
534.00,1.99223766E+1,3.59531593E+1,
534.500,1.63290730E+1,2.88153477E+1,
535.00,1.11520357E+1,3.25982323E+1,
535.500,8.20603752E+0,3.20757370E+1,
536.00,9.75065136E+0,3.07809677E+1,
536.500,1.20816498E+1,4.49811554E+1,
537.00,1.51242514E+1,3.99876518E+1,
537.500,9.89392662E+0,3.02263527E+1,
538.00,1.90853996E+1,2.49911270E+1,
538.500,1.84462166E+1,4.43294373E+1,
539.00,1.46357031E+1,3.14651680E+1,
539.500,1.23197098E+1,3.23418312E+1,
540.00,1.55856810E+1,2.16548996E+1,
540.500,1.48234329E+1,3.28460655E+1,
541.00,1.56713505E+1,3.68175926E+1,
541.500,1.89334278E+1,3.44555931E+1,
542.00,6.31681347E+0,1.97307320E+1,
542.500,8.72710896E+0,3.88671722E+1,
543.00,1.12040787E+1,2.22847271E+1,
543.500,1.76479874E+1,3.68801155E+1,
544.00,1.36509981E+1,2.98287983E+1,
544.500,1.69743195E+1,2.01657238E+1,
545.00,1.13396645E+1,3.57229538E+1,
545.500,1.79988766E+1,4.31073875E+1,
546.00,5.74184942E+0,3.33943787E+1,
546.500,1.56620054E+1,2.71501446E+1,
547.00,1.32121382E+1,3.45633698E+1,
547.500,4.98569870E+0,2.46956615E+1,
548.00,1.08573484E+1,3.81613350E+1,
548.500,7.53424644E+0,2.93919754E+1,
549.00,1.77110519E+1,2.00553875E+1,
549.500,6.77535439E+0,2.61212158E+1,
550.00,1.60843678E+1,2.80063553E+1,
550.500,8.50705910E+0,2.04757385E+1,
551.00,6.84182644E+0,3.49151955E+1,
551.500,1.11386805E+1,2.92815533E+1,
552.00,5.18198681E+0,2.07068501E+1,
552.500,1.12813206E+1,3.10898418E+1,
553.00,9.59561443E+0,3.83723640E+1,
553.500,1.22651596E+1,3.24519806E+1,
554.00,8.82638836E+0,3.43121300E+1,
554.500,1.23548489E+1,3.00492115E+1,
555.00,8.02073193E+0,3.36634598E+1,
555.500,6.23957348E+0,3.03089352E+1,
556.00,1.26470547E+1,1.61660690E+1,
556.500,1.16909733E+1,3.25256119E+1,
557.00,6.34479380E+0,3.70479927E+1,
557.500,7.27429295E+0,2.44340477E+1,
558.00,5.49351931E+0,3.57074928E+1,
558.500,4.61334753E+0,3.02423325E+1,
559.00,7.38596964E+0,3.49782715E+1,
559.500,6.48645353E+0,3.15133991E+1,
560.00,1.58123941E+1,2.04047489E+1,
560.500,4.70252705E+0,2.34134521E+1,
561.00,1.13219538E+1,1.78531208E+1,
561.500,1.51226292E+1,2.63891335E+1,
562.00,9.51100922E+0,1.32515402E+1,
562.500,4.78456593E+0,3.15645485E+1,
563.00,3.84744358E+0,2.29501686E+1,
563.500,1.06128187E+1,1.92974834E+1,
564.00,1.06835127E+1,3.18848419E+1,
564.500,4.87496662E+0,3.60875511E+1,
565.00,1.56017437E+1,2.63712311E+1,
565.500,6.89036560E+0,3.25481911E+1,
566.00,1.28318281E+1,1.97633057E+1,
566.500,1.19639530E+1,2.88311863E+1,
567.00,1.30189438E+1,3.79468727E+1,
567.500,1.60457954E+1,1.90334492E+1,
568.00,8.06881237E+0,2.51713829E+1,
568.500,9.09709740E+0,2.42025528E+1,
569.00,7.15137672E+0,2.75087814E+1,
569.500,8.17313671E+0,2.44872704E+1,
570.00,1.23760548E+1,3.68663330E+1,
570.500,6.18711185E+0,1.96246586E+1,
571.00,3.10981536E+0,3.22187347E+1,
571.500,6.22235775E+0,3.12203979E+1,
572.00,1.36445093E+1,3.45848541E+1,
572.500,8.43997097E+0,2.83821220E+1,
573.00,8.45675755E+0,4.24622879E+1,
573.500,5.32489443E+0,1.92012196E+1,
574.00,2.14949369E+0,2.35962963E+1,
574.500,9.67257595E+0,1.94048977E+1,
575.00,3.24950480E+0,3.46992035E+1,
575.500,2.18566656E+0,2.39018135E+1,
576.00,6.59270620E+0,3.92658653E+1,
576.500,6.60781717E+0,3.30009537E+1,
577.00,4.42092419E+0,2.31776428E+1,
577.500,6.65458298E+0,2.56311626E+1,
578.00,3.35275006E+0,2.00520973E+1,
578.500,1.12122488E+1,2.35114384E+1,
579.00,7.86684227E+0,1.46395884E+1,
579.500,5.67527390E+0,1.47518301E+1,
580.00,3.41814780E+0,3.41499710E+1,
580.500,2.29343343E+0,2.86469994E+1,
581.00,8.04596615E+0,3.69306068E+1,
581.500,1.04293995E+1,1.03952017E+1,
582.00,3.49712300E+0,6.99627447E+0,
582.500,8.23630047E+0,1.76128483E+1,
583.00,1.05952091E+1,3.06070671E+1,
583.500,1.06630239E+1,1.89276981E+1,
584.00,9.53781128E+0,2.96861744E+1,
584.500,5.99594307E+0,1.91383667E+1,
585.00,7.23971272E+0,1.67823544E+1,
585.500,1.20311708E+1,2.29366474E+1,
586.00,2.43581343E+0,8.47343922E+0,
586.500,1.34108362E+1,3.67673874E+0,
587.00,3.68062091E+0,2.94543056E+1,
587.500,2.46094704E+0,1.96987724E+1,
588.00,9.91565990E+0,1.48320475E+1,
588.500,4.98346281E+0,1.73526173E+1,
589.00,0.00000000E+0,3.62055130E+1,
589.500,1.25495660E+0,6.30072403E+0,
590.00,6.35267019E+0,2.52347622E+1,
590.500,1.27944052E+0,3.66886368E+1,
591.00,8.94012833E+0,3.19471931E+1,
591.500,1.16009169E+1,1.15386009E+1,
592.00,3.86699724E+0,4.25064621E+1,
592.500,9.09940243E+0,4.01281128E+1,
593.00,1.30924904E+0,1.30624657E+1,
593.500,1.70258598E+1,1.44176197E+1,
594.00,9.23528957E+0,2.10893078E+1,
594.500,1.32421649E+0,1.58883810E+1,
595.00,3.99947858E+0,2.52082100E+1,
595.500,1.74372673E+1,1.73379211E+1,
596.00,9.45151997E+0,1.86748199E+1,
596.500,4.08047152E+0,9.40348625E+0,
597.00,5.45358372E+0,1.21722527E+1,
597.500,0.00000000E+0,2.31563377E+1,
598.00,2.73614907E+0,1.92855167E+1,
598.500,1.24411583E+1,9.60511494E+0,
599.00,1.25634413E+1,1.80047798E+1,
599.500,8.44746113E+0,2.65272732E+1,
600.00,1.41301191E+0,1.39580765E+1,
600.500,4.26538134E+0,7.03540993E+0,
601.00,2.85410905E+0,1.41998899E+0,
601.500,0.00000000E+0,1.98665257E+1,
602.00,5.77322054E+0,1.43688955E+1,
602.500,7.27283573E+0,2.02246571E+1,
603.00,4.37957811E+0,3.20206757E+1,
603.500,2.91623688E+0,1.16524210E+1,
604.00,0.00000000E+0,2.94108868E+0,
604.500,1.48675597E+0,3.25032883E+1,
605.00,8.99690247E+0,5.95311785E+0,
605.500,2.99491930E+0,1.79314213E+1,
606.00,7.54140425E+0,9.01405048E+0,
606.500,6.05048132E+0,9.05724525E+0,
607.00,6.11301756E+0,7.61066389E+0,
607.500,4.60252905E+0,1.07266903E+1,
608.00,-3.09417343E+0,3.08440471E+0,
608.500,0.00000000E+0,1.23939018E+1,
609.00,1.56580162E+0,3.27324028E+1,
609.500,3.15460968E+0,6.28014088E+0,
610.00,3.17799187E+0,-4.71495819E+0,
610.500,1.11535225E+1,6.34239864E+0,
611.00,1.60741985E+0,6.39019966E+0,
611.500,1.61595583E+0,2.56521053E+1,
612.00,4.86300278E+0,2.43394318E+1,
612.500,0.00000000E+0,1.30499277E+1,
613.00,1.64300513E+0,1.63856354E+1,
613.500,3.30233383E+0,4.95241213E+0,
614.00,-3.31525421E+0,2.81749935E+1,
614.500,-1.67586410E+0,-3.33715820E+0,
615.00,0.00000000E+0,1.51379461E+1,
615.500,-3.39719582E+0,1.35493441E+1,
616.00,6.82997036E+0,3.22922478E+1,
616.500,1.03175840E+1,3.09354992E+1,
617.00,0.00000000E+0,5.19311047E+0,
617.500,1.75115848E+0,0.00000000E+0,
618.00,0.00000000E+0,2.10457344E+1,
618.500,5.31814289E+0,2.46580429E+1,
619.00,-1.78754103E+0,2.14098969E+1,
619.500,1.79820502E+0,1.79659977E+1,
620.00,3.62864232E+0,1.07841368E+1,
620.500,3.63579440E+0,1.81518879E+1,
621.00,7.31191158E+0,1.46286058E+1,
621.500,1.84695911E+0,1.28277168E+1,
622.00,-3.70379591E+0,3.52687721E+1,
622.500,3.75428867E+0,3.17091541E+1,
623.00,0.00000000E+0,3.76153016E+0,
623.500,7.63311577E+0,2.45893192E+1,
624.00,-3.82520986E+0,1.33220816E+1,
624.500,7.72114658E+0,7.66837835E+0,
625.00,3.88132048E+0,3.08812981E+1,
625.500,-3.91395307E+0,9.75241089E+0,
626.00,1.96908712E+0,7.86274481E+0,
626.500,-1.98375475E+0,1.18677692E+1,
627.00,-1.99998999E+0,3.96665263E+0,
627.500,2.01721144E+0,3.41278954E+1,
628.00,6.06377745E+0,2.82569027E+1,
628.500,0.00000000E+0,8.13323021E+0,
629.00,6.18732738E+0,1.43641949E+1,
629.500,2.06861281E+0,4.94615288E+1,
630.00,-2.08528519E+0,1.65734329E+1,
630.500,4.23234367E+0,3.14519787E+1,
631.00,0.00000000E+0,-2.11252618E+0,
631.500,0.00000000E+0,4.26024771E+0,
632.00,-2.16438723E+0,8.55686378E+0,
632.500,0.00000000E+0,1.72843533E+1,
633.00,2.19024444E+0,1.73986568E+1,
633.500,8.82544327E+0,1.31761351E+1,
634.00,-4.43146610E+0,-1.54130678E+1,
634.500,1.11551371E+1,8.95308876E+0,
635.00,-2.26799607E+0,1.34478884E+1,
635.500,-2.26937842E+0,4.06734047E+1,
636.00,-4.60407877E+0,2.51300430E+1,
636.500,2.31606150E+0,-2.29887915E+0,
637.00,-2.33609438E+0,1.62416039E+1,
637.500,-2.34439015E+0,2.57320194E+1,
638.00,-2.36156940E+0,4.70748377E+0,
638.500,0.00000000E+0,2.38285236E+1,
639.00,-4.82412529E+0,9.60109043E+0,
639.500,-4.84863758E+0,2.17077217E+1,
640.00,1.22557926E+1,1.46032009E+1,
640.500,7.42171907E+0,1.46875257E+1,
641.00,4.96569920E+0,2.47279334E+0,
641.500,-2.52580237E+0,0.00000000E+0,
642.00,5.08457899E+0,2.26385880E+1,
642.500,-2.55871224E+0,5.09752083E+0,
643.00,-5.14541101E+0,4.38759956E+1,
643.500,0.00000000E+0,1.81394558E+1,
644.00,0.00000000E+0,1.04965687E+1,
644.500,2.63794231E+0,1.57628222E+1,
645.00,0.00000000E+0,7.98223305E+0,
645.500,5.36516953E+0,1.87255135E+1,
646.00,0.00000000E+0,2.98027687E+1,
646.500,2.73625898E+0,0.00000000E+0,
647.00,-2.76799607E+0,3.85381279E+1,
647.500,-2.77946615E+0,1.11073961E+1,
648.00,0.00000000E+0,-8.39512539E+0,
648.500,-5.66460943E+0,0.00000000E+0,
649.00,0.00000000E+0,0.00000000E+0,
649.500,0.00000000E+0,2.01507320E+1,
650.00,-2.91587019E+0,3.20134048E+1,
650.500,0.00000000E+0,1.46637564E+1,
651.00,5.93504524E+0,1.78215771E+1,
651.500,3.00719070E+0,1.19622288E+1,
652.00,0.00000000E+0,3.01875901E+0,
652.500,-6.10248184E+0,3.04767966E+0,
653.00,-9.28839397E+0,1.22891827E+1,
653.500,-3.11002898E+0,6.21146774E+0,
654.00,3.15617180E+0,3.12837839E+0,
654.500,-6.34550858E+0,-6.32018471E+0,
655.00,1.28770628E+1,1.91795692E+1,
655.500,-3.24097323E+0,6.45780516E+0,
656.00,0.00000000E+0,0.00000000E+0,
656.500,-3.30091047E+0,-6.56890726E+0,
657.00,-3.33732438E+0,6.65150309E+0,
657.500,0.00000000E+0,2.35383377E+1,
658.00,0.00000000E+0,6.81117773E+0,
658.500,6.92417002E+0,1.37334366E+1,
659.00,-6.96797371E+0,6.95001078E+0,
659.500,-3.54858136E+0,-3.51646924E+0,
660.00,7.13470268E+0,1.77845535E+1,
660.500,-3.61078477E+0,7.16424036E+0,
661.00,1.10210094E+1,2.55451431E+1,
661.500,1.47978687E+1,-2.57928524E+1,
662.00,7.54821062E+0,3.75994802E+0,
662.500,0.00000000E+0,3.80882301E+1,
663.00,0.00000000E+0,1.15829058E+1,
663.500,3.95498037E+0,-3.93456268E+0,
664.00,0.00000000E+0,1.19560270E+1,
664.500,-1.22147484E+1,2.43752575E+1,
665.00,-8.31596756E+0,-4.14346981E+0,
665.500,8.39106750E+0,1.25621595E+1,
666.00,4.27640200E+0,0.00000000E+0,
666.500,-4.31819868E+0,-4.29966021E+0,
667.00,1.30673704E+1,3.47079315E+1,
667.500,0.00000000E+0,-4.39179897E+0,
668.00,-8.85872555E+0,1.76548119E+1,
668.500,4.45886946E+0,-8.88935089E+0,
669.00,8.95868111E+0,-1.78021202E+1,
669.500,0.00000000E+0,8.94326019E+0,
670.00,-1.34549961E+1,0.00000000E+0,
670.500,0.00000000E+0,3.14784870E+1,
671.00,4.52653456E+0,2.68535118E+1,
671.500,-4.52350855E+0,8.97051239E+0,
672.00,-9.03153419E+0,0.00000000E+0,
672.500,0.00000000E+0,-9.00144291E+0,
673.00,-1.35827312E+1,8.99882984E+0,
673.500,9.08399868E+0,4.50423145E+0,
674.00,-1.36246605E+1,2.71255798E+1,
674.500,-9.11037540E+0,4.53790092E+1,
675.00,2.28346443E+1,1.35566673E+1,
675.500,-4.56671238E+0,1.81771450E+1,
676.00,4.57507992E+0,9.14067650E+0,
676.500,1.37663641E+1,-1.37091904E+1,
677.00,0.00000000E+0,6.84950790E+1,
677.500,9.19764900E+0,5.48843536E+1,
678.00,-4.61399508E+0,1.37903786E+1,
678.500,-4.61926937E+0,2.76274643E+1,
679.00,4.62880945E+0,-9.23311806E+0,
679.500,2.78910942E+1,1.84908333E+1,
680.00,0.00000000E+0,-9.45970917E+0,
680.500,-9.48733807E+0,1.89307232E+1,
681.00,4.76629543E+0,1.89574623E+1,
681.500,-9.54219818E+0,4.75158262E+0,
682.00,2.87631416E+1,3.33856583E+1,
682.500,1.91569672E+1,0.00000000E+0,
683.00,9.67089367E+0,1.91990280E+1,
683.500,9.67516422E+0,3.85879250E+1,
684.00,3.39830704E+1,0.00000000E+0,
684.500,-4.87005234E+0,2.43572063E+1,
685.00,1.46969051E+1,-1.45741129E+1,
685.500,1.46768808E+1,4.88353777E+0,
686.00,9.85225105E+0,2.44294510E+1,
686.500,9.83458042E+0,1.46942635E+1,
687.00,9.93597507E+0,1.97312584E+1,
687.500,2.50082226E+1,1.97890739E+1,
688.00,1.00140991E+1,-9.94579029E+0,
688.500,1.50218344E+1,2.49546051E+1,
689.00,0.00000000E+0,7.51877365E+1,
689.500,1.52383032E+1,1.00967913E+1,
690.00,-5.07690382E+0,-3.02830238E+1,
690.500,3.06673565E+1,3.04887295E+1,
691.00,0.00000000E+0,5.13084555E+0,
691.500,5.13714504E+0,-1.02691298E+1,
692.00,5.20970345E+0,0.00000000E+0,
692.500,3.65078812E+1,-1.03869944E+1,
693.00,3.67887993E+1,1.56967897E+1,
693.500,2.11428795E+1,8.95364075E+1,
694.00,5.83791237E+1,9.49450455E+1,
694.500,1.06861696E+1,3.18085346E+1,
695.00,4.30026512E+1,-4.27759666E+1,
695.500,2.16587467E+1,5.37337828E+0,
696.00,3.26867294E+1,2.71174660E+1,
696.500,3.28046875E+1,5.46897316E+0,
697.00,2.76674118E+1,1.09716730E+1,
697.500,2.77508202E+1,1.10751019E+1,
698.00,5.57799187E+1,3.35382881E+1,
698.500,2.80758553E+1,2.24873428E+1,
699.00,4.53808975E+1,2.82090931E+1,
699.500,1.14373779E+1,-2.84366550E+1,
700.00,2.30163345E+1,1.14368343E+1,
700.500,5.18607330E+1,4.61372299E+1,
701.00,4.66439896E+1,2.31900578E+1,
701.500,4.70671043E+1,5.27028847E+1,
702.00,2.94001064E+1,2.94128628E+1,
702.500,2.37302341E+1,4.15749550E+1,
703.00,4.17400475E+1,-2.39255695E+1,
703.500,3.01272621E+1,-1.80478859E+1,
704.00,3.02976494E+1,-1.82044220E+1,
704.500,6.12510185E+1,0.00000000E+0,
705.00,1.84975643E+1,-1.84367905E+1,
705.500,1.24064693E+1,-6.19871521E+0,
706.00,2.49840870E+1,-3.12849274E+1,
706.500,4.41773300E+1,-2.50797653E+1,
707.00,2.53964767E+1,-6.32009363E+0,
707.500,4.47946510E+1,1.27796150E+2,
708.00,7.13207626E+1,3.21068382E+1,
708.500,2.60555973E+1,3.89191780E+1,
709.00,5.91464996E+1,-6.56036520E+0,
709.500,3.98314514E+1,-2.63327847E+1,
710.00,7.33725510E+1,-5.98309631E+1,
710.500,3.37090416E+1,6.01630630E+1,
711.00,4.10123787E+1,2.03008823E+1,
711.500,4.10607796E+1,6.14719353E+1,
712.00,5.50887833E+1,6.17969398E+1,
712.500,5.57579918E+1,-4.13990860E+1,
713.00,8.40375290E+1,-6.98873138E+0,
713.500,7.08854370E+1,4.21173706E+1,
714.00,3.56473083E+1,4.98096581E+1,
714.500,3.61351547E+1,7.16219711E+0,
715.00,7.23812637E+1,-2.16024151E+1,
715.500,1.16964928E+2,5.81784172E+1,
716.00,5.89539108E+1,-3.69438324E+1,
716.500,2.98281116E+1,-4.44938812E+1,
717.00,7.52019577E+1,4.49105453E+1,
717.500,4.57431412E+1,6.79193573E+1,
718.00,6.13798637E+1,-2.28647289E+1,
718.500,4.64353828E+1,9.22355804E+1,
719.00,1.24972702E+2,-1.55225220E+1,
719.500,2.35616665E+1,-5.49554176E+1,
720.00,1.19444199E+2,4.74875183E+1,
720.500,8.02632065E+1,3.97696190E+1,
721.00,8.11350403E+1,8.02569675E+0,
721.500,1.05739769E+2,3.25910034E+1,
722.00,1.07136047E+2,9.03639679E+1,
722.500,1.41606613E+2,-2.49153500E+1,
723.00,3.35199356E+1,0.00000000E+0,
723.500,1.52805588E+2,2.53126373E+1,
724.00,8.51091843E+1,-3.40420341E+1,
724.500,9.49718704E+1,-8.59552097E+0,
725.00,1.48398071E+2,-1.73167591E+1,
725.500,1.14510887E+2,8.77158165E+0,
726.00,8.86926270E+1,0.00000000E+0,
726.500,7.19585495E+1,-5.33266182E+1,
727.00,7.25186768E+1,-9.01958752E+0,
727.500,7.30223618E+1,9.09605217E+0,
728.00,3.68101273E+1,9.16112423E+0,
728.500,1.85853577E+1,-9.28078270E+0,
729.00,1.22526482E+2,3.73880157E+1,
729.500,1.14240936E+2,9.47178116E+1,
730.00,1.33625305E+2,1.91258698E+1,
730.500,8.74209900E+1,-1.93450928E+1,
731.00,1.36560944E+2,-9.74583530E+0,
731.500,5.92343254E+1,4.91433525E+1,
732.00,1.70738297E+2,-2.98696632E+1,
732.500,8.02431488E+1,3.00837765E+1,
733.00,1.42593063E+2,6.09396667E+1,
733.500,2.37030945E+2,-2.05644341E+1,
734.00,1.24736145E+2,1.03592453E+1,
734.500,5.22527428E+1,1.04505482E+1,
735.00,7.40829239E+1,-5.27910843E+1,
735.500,1.38837006E+2,-3.20226402E+1,
736.00,1.50921555E+2,7.48468323E+1,
736.500,1.52643112E+2,5.45323715E+1,
737.00,1.32519562E+2,1.31703934E+2,
737.500,1.22251183E+2,8.87710342E+1,
738.00,1.81339752E+2,7.84500656E+1,
738.500,1.36172729E+2,0.00000000E+0,
739.00,2.06847366E+2,-4.57891350E+1,
739.500,2.09844284E+2,-6.97474136E+1,
740.00,1.28536911E+2,-5.82172546E+1,
740.500,8.29713287E+1,-1.17484198E+1,
741.00,1.31622498E+2,1.42830780E+2,
741.500,2.05476639E+2,9.61999969E+1,
742.00,6.11989899E+1,-2.43086452E+1,
742.500,1.23417656E+2,-2.45540848E+1,
743.00,1.37262817E+2,-1.23707294E+1,
743.500,1.88735077E+2,-2.51618443E+1,
744.00,1.65965790E+2,-7.62970352E+1,
744.500,1.93305283E+2,7.73428955E+1,
745.00,1.83299606E+2,9.09806671E+1,
745.500,1.18153763E+2,-3.91789360E+1,
746.00,7.97174835E+1,2.77498962E+2,
746.500,1.61025345E+2,0.00000000E+0,
747.00,2.30326920E+2,0.00000000E+0,
747.500,2.88922668E+2,-6.83505096E+1,
748.00,1.66678925E+2,1.37503290E+1,
748.500,1.81962631E+2,8.38797150E+1,
749.00,1.69755020E+2,1.12641251E+2,
749.500,1.00288483E+2,1.42699203E+1,
750.00,1.74462723E+2,5.75450439E+1,
750.500,1.75495514E+2,-2.92211475E+1,
751.00,1.48367859E+2,4.41863403E+1,
751.500,1.63919983E+2,-4.45729446E+1,
752.00,2.26932297E+2,1.20277542E+2,
752.500,3.05575073E+2,-1.51861486E+1,
753.00,9.25664825E+1,-4.60526581E+1,
753.500,1.55663879E+2,1.39921356E+2,
754.00,2.53851639E+2,-1.73136185E+2,
754.500,1.43936295E+2,-4.76395988E+1,
755.00,2.58565521E+2,0.00000000E+0,
755.500,1.47560226E+2,4.87332458E+1,
756.00,1.98014877E+2,-1.15072502E+2,
756.500,1.66490829E+2,0.00000000E+0,
757.00,2.69765808E+2,-3.35921555E+1,
757.500,1.19020187E+2,-1.69690384E+2,
758.00,8.61476822E+1,1.02883583E+2,
758.500,1.90438187E+2,-3.47745399E+1,
759.00,2.47062698E+2,-1.75631771E+1,
759.500,2.84094025E+2,-3.54743767E+1,
760.00,1.44207458E+2,-5.41004372E+1,
760.500,2.00238403E+2,1.62608047E+2,
761.00,1.66091248E+2,7.33748169E+1,
761.500,1.49372269E+2,3.71576347E+1,
762.00,1.69365372E+2,-1.13054535E+2,
762.500,1.90317688E+2,0.00000000E+0,
763.00,1.54284958E+2,-5.73339882E+1,
763.500,4.10652252E+2,5.79942741E+1,
764.00,2.94172119E+2,7.83271332E+1,
764.500,4.15785156E+2,-1.78644012E+2,
765.00,2.20593658E+2,-2.00392456E+1,
765.500,2.64307617E+2,-1.61317245E+2,
766.00,2.25983749E+2,4.08984718E+1,
766.500,2.89862030E+2,-8.30285645E+1,
767.00,8.42618484E+1,-1.04816986E+2,
767.500,3.62225830E+2,-8.44458160E+1,
768.00,8.58194427E+1,4.28130264E+1,
768.500,3.03167206E+2,0.00000000E+0,
769.00,1.97600708E+2,1.09073746E+2,
769.500,1.77107986E+2,-1.31632187E+2,
770.00,2.68256348E+2,0.00000000E+0,
770.500,3.61027649E+2,1.79855545E+2,
771.00,2.50932266E+2,1.36322739E+2,
771.500,2.75727692E+2,1.83189835E+2,
772.00,2.09898239E+2,1.16437729E+2,
772.500,1.88219101E+2,2.34689884E+1,
773.00,2.39122070E+2,1.90415878E+2,
773.500,1.44383896E+2,-1.19918098E+2,
774.00,2.20250153E+2,-4.84519691E+1,
774.500,3.70649078E+2,-1.22783188E+2,
775.00,4.22713715E+2,7.42995071E+1,
775.500,3.77946564E+2,2.51965752E+1,
776.00,3.57963745E+2,2.53477879E+1,
776.500,2.06493790E+2,-1.02879089E+2,
777.00,3.12687134E+2,-5.18669205E+1,
777.500,1.84510010E+2,2.36606537E+2,
778.00,1.86232071E+2,2.65120907E+1,
778.500,1.88340912E+2,1.33767883E+2,
779.00,3.53253937E+2,0.00000000E+0,
779.500,2.75514313E+2,1.63907593E+2,
780.00,3.60288940E+2,0.00000000E+0,
780.500,2.81097870E+2,-1.11537903E+2,
781.00,1.98904556E+2,-5.65131721E+1,
781.500,1.72983368E+2,-1.72067551E+2,
782.00,3.48996246E+2,1.74339767E+2,
782.500,3.82354095E+2,2.05125427E+2,
783.00,2.66806702E+2,0.00000000E+0,
783.500,3.59880188E+2,0.00000000E+0,
784.00,1.82371887E+2,9.08762665E+1,
784.500,3.37456604E+2,6.14831123E+1,
785.00,9.28662033E+1,3.08763084E+1,
785.500,5.31367676E+2,-1.55733261E+2,
786.00,4.11383759E+2,1.26207672E+2,
786.500,4.79227875E+2,-3.18403797E+1,
787.00,2.26451202E+2,-1.61202972E+2,
787.500,3.60921326E+2,0.00000000E+0,
788.00,2.63634094E+2,9.91391449E+1,
788.500,1.66733200E+2,3.32302490E+2,
789.00,1.35202133E+2,0.00000000E+0,
789.500,2.03953308E+2,6.78509598E+1,
790.00,2.41745728E+2,2.06062805E+2,
790.500,1.04572121E+2,2.08384262E+2,
791.00,2.11745041E+2,6.99707870E+1,
791.500,3.55964478E+2,2.49195190E+2,
792.00,4.31835327E+2,0.00000000E+0,
792.500,1.44745865E+2,-1.08722603E+2,
793.00,2.94479553E+2,-1.09704613E+2,
793.500,4.07565216E+2,7.38238449E+1,
794.00,1.87567169E+2,-1.12264717E+2,
794.500,1.89327789E+2,-3.01667847E+2,
795.00,1.52179749E+2,1.14138458E+2,
795.500,2.70449799E+2,1.15210571E+2,
796.00,4.66250000E+2,-3.87000504E+1,
796.500,2.35430939E+2,-3.14297668E+2,
797.00,2.38395233E+2,-1.18841629E+2,
797.500,4.03020691E+2,-2.00125351E+2,
798.00,4.47664093E+2,-1.61363327E+2,
798.500,4.53011993E+2,-1.22455536E+2,
799.00,3.74597290E+2,-2.47598465E+2,
799.500,5.42649170E+2,-1.25018883E+2,
800.00,2.96283569E+2,0.00000000E+0,
800.500,7.28374451E+2,2.13966843E+2,
801.00,4.30597801E+1,4.30758896E+1,
801.500,3.48740234E+2,-8.73933105E+1,
802.00,5.26458435E+2,-8.80521698E+1,
802.500,2.67450043E+2,-1.33510025E+2,
803.00,3.14468323E+2,-4.49806900E+1,
803.500,3.63476624E+2,-4.51760635E+1,
804.00,4.58453712E+1,4.57535744E+1,
804.500,2.31323074E+2,4.63015976E+1,
805.00,1.87295990E+2,-3.26404510E+2,
805.500,5.70103210E+2,-4.26258667E+2,
806.00,4.77497292E+1,2.86970520E+2,
806.500,1.92823318E+2,9.67711639E+1,
807.00,4.87255898E+1,9.71043625E+1,
807.500,3.45759552E+2,2.45286652E+2,
808.00,3.49398132E+2,1.48972397E+2,
808.500,6.03598267E+2,5.02448654E+1,
809.00,2.54630646E+2,5.58090088E+2,
809.500,4.64745300E+2,-3.58105438E+2,
810.00,2.58610535E+2,0.00000000E+0,
810.500,5.78558350E+2,-1.04897072E+2,
811.00,4.25907227E+2,-1.58002609E+2,
811.500,5.37542358E+2,1.61189209E+2,
812.00,3.79989380E+2,3.25600647E+2,
812.500,5.51535767E+2,3.85041321E+2,
813.00,3.90469208E+2,-2.22820709E+2,
813.500,2.26298691E+2,-2.24642517E+2,
814.00,4.01569122E+2,1.14750656E+2,
814.500,1.16136345E+2,1.15887016E+2,
815.00,3.53962830E+2,-2.93211456E+2,
815.500,3.58706665E+2,2.98415436E+2,
816.00,2.42809372E+2,-1.81657990E+2,
816.500,3.07681641E+2,-1.23217239E+2,
817.00,2.49819427E+2,-1.24629929E+2,
817.500,5.08150543E+2,0.00000000E+0,
818.00,3.87533234E+2,-3.84923737E+2,
818.500,1.96755341E+2,6.52217407E+1,
819.00,4.00328003E+2,4.64544739E+2,
819.500,1.35660309E+2,4.06165863E+2,
820.00,5.53122498E+2,1.37265762E+2,
820.500,2.81877258E+2,-1.39530090E+2,
821.00,0.00000000E+0,-2.13564316E+2,
821.500,9.51704224E+2,-2.17247681E+2,
822.00,4.45908112E+2,0.00000000E+0,
822.500,2.28579575E+2,-3.04744904E+2,
823.00,3.11258820E+2,4.65878967E+2,
823.500,0.00000000E+0,-6.34527588E+2,
824.00,8.13366699E+2,8.09463654E+1,
824.500,4.15449432E+2,3.32528473E+2,
825.00,0.00000000E+0,-5.12749207E+2,
825.500,-1.76124512E+2,-5.22672302E+2,
826.00,-8.96652222E+1,3.58990814E+2,
826.500,3.70427521E+2,-4.62895142E+2,
827.00,0.00000000E+0,0.00000000E+0,
827.500,6.84954346E+2,2.93529785E+2,
828.00,4.02592529E+2,3.00294769E+2,
828.500,-1.03966827E+2,1.03304138E+2,
829.00,1.07014671E+2,-2.14238190E+2,
829.500,3.32551605E+2,-2.20706635E+2,
830.00,0.00000000E+0,-6.83792480E+2,
