h3bo3-fitted-36.51%
  QY = 36.51%
Labels,h3bo3,KONGBAI-3,
Type,Emission Scan,Emission Scan,
Comment,,,
Start,425.00,425.00,
Stop,830.00,830.00,
Step,0.500,0.500,
Fixed/Offset,445.00,445.00,
Xaxis,Wavelength,Wavelength,
Yaxis,Counts,Counts,
Scan Corr. by File,True,True,
Corr. by Ref. Det.,True,True,
Fixed/Offset Corr. by File,False,False,
Repeats,1,1,
Dwell Time,0.20,0.30,
Lamp,Xenon,Xenon,
Temp,0.00,0.00,
Scan Polariser,None,None,
Scan Slit,0.23999718,0.23999718,
Fixed/Offset Polariser,None,None,
Fixed/Offset Slit,2.2999973,2.2999973,
Detector,Det 1,Det 1,

425.00,9.14149523E-1,9.11682844E-1,
425.500,-9.09633100E-1,0.00000000E+0,
426.00,-9.08256948E-1,0.00000000E+0,
426.500,-9.09696639E-1,3.03177744E-1,
427.00,-4.54111129E-1,0.00000000E+0,
427.500,4.55306977E-1,0.00000000E+0,
428.00,-9.09655929E-1,0.00000000E+0,
428.500,4.54018831E-1,3.01854134E-1,
429.00,9.05250430E-1,3.02221686E-1,
429.500,-4.53842700E-1,-3.01067442E-1,
430.00,-4.52909976E-1,9.06517744E-1,
430.500,4.53745008E-1,3.02502126E-1,
431.00,-9.06066179E-1,1.20894468E+0,
431.500,-9.09398377E-1,1.81281340E+0,
432.00,0.00000000E+0,6.04952753E-1,
432.500,1.35840130E+0,6.04889810E-1,
433.00,0.00000000E+0,1.20954442E+0,
433.500,-4.52530116E-1,1.21311557E+0,
434.00,9.08921719E-1,3.02766949E-1,
434.500,-9.10313189E-1,2.72507071E+0,
435.00,0.00000000E+0,1.51775932E+0,
435.500,9.08126831E-1,1.51898074E+0,
436.00,4.54053313E-1,3.02609515E+0,
436.500,9.06827748E-1,2.12414646E+0,
437.00,-4.54079896E-1,9.12488341E-1,
437.500,2.27563381E+0,5.78753233E+0,
438.00,9.14030933E+0,1.49922371E+1,
438.500,1.70457211E+1,3.30844193E+1,
439.00,3.08858681E+1,6.37671394E+1,
439.500,5.05657616E+1,9.71605148E+1,
440.00,8.17444382E+1,1.42900345E+2,
440.500,1.20491539E+2,2.14042038E+2,
441.00,1.73943954E+2,2.86463562E+2,
441.500,2.15197586E+2,3.97845703E+2,
442.00,3.20458832E+2,5.41492432E+2,
442.500,4.31294342E+2,7.45992126E+2,
443.00,7.75788879E+2,1.27951941E+3,
443.500,7.11839111E+3,1.16206582E+4,
444.00,2.77032832E+4,4.68625508E+4,
444.500,5.17633906E+4,8.76893750E+4,
445.00,7.57840938E+4,1.27137852E+5,
445.500,9.31966094E+4,1.56043859E+5,
446.00,8.82769375E+4,1.47087219E+5,
446.500,6.59987813E+4,1.09702727E+5,
447.00,4.16182813E+4,6.95496719E+4,
447.500,1.89682676E+4,3.13125469E+4,
448.00,2.94616895E+3,5.06953662E+3,
448.500,5.79580200E+2,1.00505817E+3,
449.00,3.74894623E+2,6.33026978E+2,
449.500,2.73759735E+2,4.98949585E+2,
450.00,2.29278488E+2,3.59156616E+2,
450.500,1.71751205E+2,3.13537079E+2,
451.00,1.37629089E+2,2.65693268E+2,
451.500,1.16022614E+2,2.07130783E+2,
452.00,1.01741615E+2,1.39611526E+2,
452.500,7.35595016E+1,1.27233360E+2,
453.00,5.78178329E+1,9.78525238E+1,
453.500,3.22350006E+1,6.27128792E+1,
454.00,2.17690506E+1,3.65876160E+1,
454.500,1.30088472E+1,2.05345612E+1,
455.00,8.08948803E+0,1.18431463E+1,
455.500,9.67946148E+0,1.25958462E+1,
456.00,8.04227448E+0,1.77904263E+1,
456.500,7.99477100E+0,1.62920780E+1,
457.00,3.71387887E+0,2.02096310E+1,
457.500,6.35567331E+0,1.33463840E+1,
458.00,5.75756741E+0,1.47864914E+1,
458.500,1.14941969E+1,1.92223721E+1,
459.00,1.34415607E+1,1.75840969E+1,
459.500,5.67360497E+0,1.99499226E+1,
460.00,7.71394873E+0,2.28450661E+1,
460.500,1.58063917E+1,1.85839539E+1,
461.00,1.21686354E+1,1.58921957E+1,
461.500,6.56832695E+0,1.97724590E+1,
462.00,7.99716043E+0,2.27617970E+1,
462.500,1.24818363E+1,1.56288157E+1,
463.00,9.41385174E+0,2.25229530E+1,
463.500,1.23607292E+1,1.84415283E+1,
464.00,1.42772932E+1,2.10567284E+1,
464.500,1.22375669E+1,2.37875805E+1,
465.00,1.12371788E+1,1.91453896E+1,
465.500,1.40962763E+1,2.17542000E+1,
466.00,1.35201654E+1,2.61708660E+1,
466.500,6.26294661E+0,1.86866913E+1,
467.00,1.83544903E+1,2.41659584E+1,
467.500,1.25541582E+1,1.53928251E+1,
468.00,1.54437704E+1,2.49934158E+1,
468.500,1.34953690E+1,2.27786579E+1,
469.00,1.00626268E+1,2.36100712E+1,
469.500,1.33825626E+1,2.49031258E+1,
470.00,1.43927383E+1,2.45712223E+1,
470.500,1.19772415E+1,2.81533566E+1,
471.00,1.42844887E+1,2.57331028E+1,
471.500,1.38512011E+1,2.39634609E+1,
472.00,1.57689142E+1,2.39185085E+1,
472.500,1.48155432E+1,2.39267635E+1,
473.00,1.33863583E+1,2.61618252E+1,
473.500,1.33674116E+1,2.32987480E+1,
474.00,2.11009693E+1,2.33436470E+1,
474.500,1.29824848E+1,2.69030724E+1,
475.00,1.29752874E+1,2.72669888E+1,
475.500,1.44651842E+1,2.14887409E+1,
476.00,1.73571186E+1,2.28409595E+1,
476.500,1.10956411E+1,2.62669907E+1,
477.00,1.88412189E+1,2.69848080E+1,
477.500,2.03079090E+1,3.12841034E+1,
478.00,1.49951372E+1,2.38983498E+1,
478.500,2.08740902E+1,2.84465332E+1,
479.00,1.45642433E+1,2.94816837E+1,
479.500,1.60846138E+1,2.88877506E+1,
480.00,1.12734547E+1,2.25397720E+1,
480.500,1.32050886E+1,3.00227585E+1,
481.00,1.27115145E+1,2.72373028E+1,
481.500,1.76703529E+1,2.82199402E+1,
482.00,1.43115892E+1,3.12278652E+1,
482.500,1.78320656E+1,3.19904194E+1,
483.00,1.68786945E+1,3.04060707E+1,
483.500,1.49305887E+1,2.51793480E+1,
484.00,1.84150581E+1,4.00987434E+1,
484.500,1.94693737E+1,2.66631184E+1,
485.00,1.85893898E+1,2.85235634E+1,
485.500,2.25830288E+1,2.75259800E+1,
486.00,1.51540842E+1,2.90798874E+1,
486.500,1.87233696E+1,3.37647591E+1,
487.00,2.48848801E+1,3.19086170E+1,
487.500,1.78882885E+1,4.08689690E+1,
488.00,1.63706379E+1,3.05062351E+1,
488.500,1.70752697E+1,3.63245850E+1,
489.00,1.55439968E+1,2.90836201E+1,
489.500,2.44587841E+1,2.77802467E+1,
490.00,1.61724510E+1,3.58130188E+1,
490.500,1.67152042E+1,3.07071648E+1,
491.00,2.04842262E+1,4.08695755E+1,
491.500,2.10964680E+1,3.41206398E+1,
492.00,1.69177933E+1,3.46585884E+1,
492.500,1.69660854E+1,3.97564583E+1,
493.00,2.08535004E+1,3.19886379E+1,
493.500,1.92319565E+1,3.53973541E+1,
494.00,2.05475731E+1,4.11959229E+1,
494.500,2.16613522E+1,3.60013313E+1,
495.00,1.95771961E+1,2.91957912E+1,
495.500,2.32792339E+1,3.96685715E+1,
496.00,2.66651592E+1,3.98989677E+1,
496.500,1.80477810E+1,3.64822083E+1,
497.00,1.69902306E+1,3.61437645E+1,
497.500,2.08682270E+1,3.29821281E+1,
498.00,2.20081806E+1,3.82179375E+1,
498.500,2.17364616E+1,3.39316368E+1,
499.00,1.55631170E+1,2.94152470E+1,
499.500,1.73889179E+1,3.80388718E+1,
500.00,2.19588509E+1,2.94774303E+1,
500.500,2.63847942E+1,2.92556744E+1,
501.00,2.26971741E+1,3.82293167E+1,
501.500,2.15909176E+1,3.78410683E+1,
502.00,1.71511307E+1,3.34358597E+1,
502.500,2.23456593E+1,3.70779419E+1,
503.00,1.09025679E+1,3.25386467E+1,
503.500,1.66998043E+1,3.95216751E+1,
504.00,1.50510550E+1,3.27309341E+1,
504.500,2.26777935E+1,3.18309441E+1,
505.00,1.46346750E+1,4.59801407E+1,
505.500,1.76259422E+1,3.08933716E+1,
506.00,1.71115913E+1,3.20711250E+1,
506.500,2.35853577E+1,4.40878716E+1,
507.00,1.24106426E+1,4.18685684E+1,
507.500,2.02514763E+1,3.74031677E+1,
508.00,1.96291599E+1,3.09935322E+1,
508.500,2.09502506E+1,3.43517838E+1,
509.00,2.16389408E+1,3.00051174E+1,
509.500,2.11137123E+1,3.37024536E+1,
510.00,1.69636383E+1,3.91325684E+1,
510.500,2.06051064E+1,3.66377144E+1,
511.00,1.89682293E+1,3.01208019E+1,
511.500,1.89557915E+1,3.48498611E+1,
512.00,1.59932785E+1,2.95527706E+1,
512.500,1.42321863E+1,2.97623405E+1,
513.00,1.80348911E+1,3.06078663E+1,
513.500,1.80561962E+1,3.03810329E+1,
514.00,2.11863480E+1,3.00764103E+1,
514.500,1.82105770E+1,3.58923149E+1,
515.00,1.64646149E+1,3.27966728E+1,
515.500,1.90536366E+1,3.75834122E+1,
516.00,2.41176300E+1,3.54968491E+1,
516.500,1.66738987E+1,3.74226723E+1,
517.00,2.24070988E+1,3.75764618E+1,
517.500,1.61094666E+1,3.69393387E+1,
518.00,2.39877110E+1,3.53747025E+1,
518.500,2.45923882E+1,3.17394714E+1,
519.00,1.89829807E+1,3.17876434E+1,
519.500,1.77057610E+1,3.36271057E+1,
520.00,2.30835724E+1,3.41762924E+1,
520.500,2.77989826E+1,3.77908783E+1,
521.00,2.05091591E+1,3.31648026E+1,
521.500,2.06347656E+1,3.19580040E+1,
522.00,1.74235630E+1,3.30565834E+1,
522.500,2.34532471E+1,2.69219437E+1,
523.00,1.68095303E+1,3.24004250E+1,
523.500,2.09662228E+1,4.28326759E+1,
524.00,1.69627018E+1,3.52213783E+1,
524.500,1.43536739E+1,3.68730545E+1,
525.00,1.70937061E+1,3.05346851E+1,
525.500,1.51767197E+1,2.84493999E+1,
526.00,1.30701151E+1,3.08392811E+1,
526.500,1.52409840E+1,3.66846085E+1,
527.00,1.66893597E+1,2.82082596E+1,
527.500,1.96373196E+1,3.63641777E+1,
528.00,1.54229755E+1,4.03134193E+1,
528.500,1.69476719E+1,3.09533978E+1,
529.00,1.91656818E+1,3.65008812E+1,
529.500,2.06384315E+1,3.13212414E+1,
530.00,1.64141083E+1,3.46629562E+1,
530.500,1.64870567E+1,2.43911934E+1,
531.00,1.79762478E+1,3.49593964E+1,
531.500,1.88526402E+1,2.79212208E+1,
532.00,1.88371086E+1,3.00259075E+1,
532.500,1.74705639E+1,3.45269279E+1,
533.00,1.38843269E+1,2.43450470E+1,
533.500,2.06521149E+1,3.58684425E+1,
534.00,9.56834888E+0,2.85641708E+1,
534.500,2.15613518E+1,2.87180252E+1,
535.00,1.78642502E+1,3.47318764E+1,
535.500,1.94102421E+1,3.49933472E+1,
536.00,1.65735111E+1,3.36535416E+1,
536.500,1.74413185E+1,2.92383804E+1,
537.00,1.28836098E+1,3.72944145E+1,
537.500,2.44863415E+1,3.20394745E+1,
538.00,9.19258881E+0,3.36184692E+1,
538.500,1.53517628E+1,2.52015591E+1,
539.00,1.61871719E+1,3.19321022E+1,
539.500,1.32409630E+1,3.00188675E+1,
540.00,1.40056868E+1,2.38714695E+1,
540.500,1.80005970E+1,2.81213856E+1,
541.00,1.49817266E+1,3.34752846E+1,
541.500,6.33932066E+0,2.95892029E+1,
542.00,7.14168787E+0,2.43471050E+1,
542.500,1.11465178E+1,3.72441521E+1,
543.00,1.12229452E+1,2.97581482E+1,
543.500,1.60778618E+1,3.20935822E+1,
544.00,1.84645443E+1,3.00959606E+1,
544.500,1.86395626E+1,3.89846077E+1,
545.00,1.30216951E+1,2.77738476E+1,
545.500,2.12837830E+1,2.73339901E+1,
546.00,1.39946775E+1,2.84347553E+1,
546.500,8.27641773E+0,3.63087730E+1,
547.00,1.82048798E+1,2.49423542E+1,
547.500,1.25031576E+1,2.33722038E+1,
548.00,2.00684052E+1,2.73177319E+1,
548.500,1.34145918E+1,2.24391537E+1,
549.00,1.77288055E+1,3.42625465E+1,
549.500,1.69440403E+1,2.53721199E+1,
550.00,1.53473949E+1,3.06923618E+1,
550.500,1.70240593E+1,2.95320110E+1,
551.00,1.11403008E+1,2.68601665E+1,
551.500,1.55512924E+1,2.98851357E+1,
552.00,1.21192474E+1,3.00987587E+1,
552.500,6.93669558E+0,2.84725437E+1,
553.00,9.61734390E+0,2.85186138E+1,
553.500,1.31658268E+1,2.22302017E+1,
554.00,1.23514290E+1,2.18245697E+1,
554.500,1.69681206E+1,2.36747093E+1,
555.00,1.34293308E+1,2.74347000E+1,
555.500,1.07906494E+1,3.42166862E+1,
556.00,1.52532063E+1,1.98078346E+1,
556.500,9.07731342E+0,2.35370064E+1,
557.00,1.55275841E+1,2.36386795E+1,
557.500,1.46065197E+1,2.85873585E+1,
558.00,1.19353189E+1,2.50779800E+1,
558.500,2.03599300E+1,2.57633648E+1,
559.00,1.01441164E+1,2.35211143E+1,
559.500,7.45508480E+0,1.74321880E+1,
560.00,1.21682663E+1,2.74605999E+1,
560.500,1.31259737E+1,2.62307587E+1,
561.00,1.32181215E+1,1.95015793E+1,
561.500,1.70753517E+1,2.66159821E+1,
562.00,1.14590244E+1,2.15332565E+1,
562.500,1.15161676E+1,2.23925877E+1,
563.00,1.63609695E+1,1.73352013E+1,
563.500,9.68327713E+0,2.50774765E+1,
564.00,1.26280079E+1,2.27040520E+1,
564.500,9.74354553E+0,2.75005341E+1,
565.00,1.17602930E+1,1.24235249E+1,
565.500,1.86917801E+1,2.17042446E+1,
566.00,1.18545485E+1,2.78628922E+1,
566.500,4.98731756E+0,1.59295101E+1,
567.00,1.09909945E+1,1.72813892E+1,
567.500,8.06874466E+0,2.28200703E+1,
568.00,1.10933075E+1,1.68167992E+1,
568.500,1.11310120E+1,2.64167671E+1,
569.00,9.19467640E+0,1.70113926E+1,
569.500,8.19936180E+0,1.64802723E+1,
570.00,1.13739071E+1,1.71965809E+1,
570.500,1.34974356E+1,1.65858631E+1,
571.00,1.87299652E+1,1.95246811E+1,
571.500,8.39273834E+0,1.88846111E+1,
572.00,2.10690856E+0,2.10232430E+1,
572.500,6.34488630E+0,1.76228848E+1,
573.00,7.43433380E+0,2.06007767E+1,
573.500,1.06955423E+1,1.71910725E+1,
574.00,1.29319019E+1,2.35991688E+1,
574.500,1.30073004E+1,2.60500050E+1,
575.00,5.42627096E+0,1.73905411E+1,
575.500,4.36406660E+0,2.33229103E+1,
576.00,8.79207516E+0,1.16817064E+1,
576.500,4.38973522E+0,1.98360291E+1,
577.00,6.62889719E+0,1.69781857E+1,
577.500,4.46456289E+0,2.45041904E+1,
578.00,6.70416784E+0,2.01190929E+1,
578.500,9.03792286E+0,1.49862738E+1,
579.00,9.02376938E+0,2.32863770E+1,
579.500,1.36010771E+1,1.36298819E+1,
580.00,8.02578926E+0,1.67524300E+1,
580.500,5.71954918E+0,2.75704956E+1,
581.00,9.25742722E+0,1.76998482E+1,
581.500,1.39860287E+1,2.31730843E+1,
582.00,3.49701023E+0,1.55735693E+1,
582.500,4.69196320E+0,1.48803310E+1,
583.00,1.18376327E+0,1.88298645E+1,
583.500,1.18973541E+1,1.89861088E+1,
584.00,5.98182869E+0,2.14418430E+1,
584.500,1.31807117E+1,1.03724298E+1,
585.00,3.60196853E+0,1.92727833E+1,
585.500,8.49603653E+0,1.29533787E+1,
586.00,4.86562347E+0,2.35142288E+1,
586.500,1.35039597E+1,1.62584686E+1,
587.00,-1.22866952E+0,1.47216673E+1,
587.500,4.93191671E+0,1.65081100E+1,
588.00,7.42573261E+0,1.15807142E+1,
588.500,7.50118828E+0,8.32639408E+0,
589.00,2.50328612E+0,2.09175777E+1,
589.500,1.00961390E+1,1.34314108E+1,
590.00,7.63275146E+0,1.27023487E+1,
590.500,1.02375145E+1,8.50916672E+0,
591.00,3.84811831E+0,8.51640224E+0,
591.500,7.70655727E+0,1.96855564E+1,
592.00,1.28938589E+1,1.12586002E+1,
592.500,1.29987299E+0,1.21195364E+1,
593.00,0.00000000E+0,1.13361874E+1,
593.500,2.62669396E+0,1.58971710E+1,
594.00,1.32666292E+1,1.32612362E+1,
594.500,1.33198528E+1,1.59552326E+1,
595.00,8.01311302E+0,1.69037228E+1,
595.500,4.03885603E+0,1.43030682E+1,
596.00,9.40463638E+0,1.80207443E+1,
596.500,6.76646566E+0,1.17361660E+1,
597.00,9.56554413E+0,9.97606659E+0,
597.500,1.36752725E+0,1.09836168E+1,
598.00,8.26335526E+0,1.83813934E+1,
598.500,2.77070904E+0,1.10942125E+1,
599.00,6.96355534E+0,8.36088085E+0,
599.500,7.02247667E+0,1.69015884E+1,
600.00,5.64544201E+0,1.22493830E+1,
600.500,5.67077637E+0,6.60881948E+0,
601.00,2.84273505E+0,1.42711077E+1,
601.500,1.42879128E+0,1.43089104E+1,
602.00,1.01230354E+1,1.25302391E+1,
602.500,2.89748383E+0,3.86157513E+0,
603.00,2.90169978E+0,1.16571732E+1,
603.500,2.93161869E+0,6.87052536E+0,
604.00,1.47600591E+0,1.76977501E+1,
604.500,8.91913986E+0,6.92036295E+0,
605.00,4.46151114E+0,1.58809452E+1,
605.500,4.48802137E+0,1.50146608E+1,
606.00,3.01952982E+0,1.21188431E+1,
606.500,0.00000000E+0,5.07537413E+0,
607.00,4.59940243E+0,1.22654934E+1,
607.500,6.15761614E+0,1.12881536E+1,
608.00,-1.55115712E+0,6.17541838E+0,
608.500,1.56015193E+0,1.04310751E+1,
609.00,3.13713598E+0,1.35485945E+1,
609.500,4.73926306E+0,1.05197649E+1,
610.00,6.34015894E+0,1.58103828E+1,
610.500,4.79329109E+0,1.27555389E+1,
611.00,-1.60254288E+0,1.06766424E+1,
611.500,4.85437107E+0,6.48243761E+0,
612.00,-3.25087738E+0,1.40971947E+1,
612.500,6.55894518E+0,1.41925325E+1,
613.00,4.96228266E+0,5.49631214E+0,
613.500,0.00000000E+0,8.85881710E+0,
614.00,3.33836794E+0,6.66831112E+0,
614.500,1.67146587E+0,1.00764685E+1,
615.00,0.00000000E+0,1.01314173E+1,
615.500,3.40463758E+0,2.04440384E+1,
616.00,0.00000000E+0,1.14899616E+1,
616.500,-3.44434786E+0,9.17732048E+0,
617.00,0.00000000E+0,4.62481785E+0,
617.500,0.00000000E+0,3.50417972E+0,
618.00,3.52439141E+0,1.64237881E+1,
618.500,1.77525425E+0,1.30351963E+1,
619.00,7.16963005E+0,1.55044670E+1,
619.500,1.44742174E+1,1.07670155E+1,
620.00,0.00000000E+0,1.93577023E+1,
620.500,5.46604347E+0,1.33513384E+1,
621.00,9.19603443E+0,1.34673986E+1,
621.500,3.70425725E+0,2.46152687E+0,
622.00,0.00000000E+0,6.22698164E+0,
622.500,1.12593470E+1,6.23405933E+0,
623.00,1.89456654E+0,7.57355022E+0,
623.500,5.72078943E+0,6.33598614E+0,
624.00,-1.91435385E+0,1.40295143E+1,
624.500,1.93017232E+0,6.45031166E+0,
625.00,0.00000000E+0,6.49760342E+0,
625.500,1.96204245E+0,1.17637529E+1,
626.00,0.00000000E+0,1.45356703E+1,
626.500,1.98703289E+0,5.31191635E+0,
627.00,5.98095608E+0,1.60214348E+1,
627.500,0.00000000E+0,9.42702293E+0,
628.00,6.10525370E+0,1.08263931E+1,
628.500,-2.03712249E+0,2.73056197E+0,
629.00,6.17501736E+0,1.09975586E+1,
629.500,0.00000000E+0,6.92660856E+0,
630.00,-4.17606020E+0,9.78800011E+0,
630.500,-4.22253323E+0,5.62868881E+0,
631.00,4.25568533E+0,1.41666021E+1,
631.500,-2.14694118E+0,1.42613780E+0,
632.00,0.00000000E+0,7.19194126E+0,
632.500,-4.37088108E+0,2.90490961E+0,
633.00,4.37402105E+0,7.29621220E+0,
633.500,4.42744970E+0,5.89006472E+0,
634.00,6.67188644E+0,4.46734142E+0,
634.500,2.24433136E+0,7.51633835E+0,
635.00,0.00000000E+0,7.52931070E+0,
635.500,-4.55875921E+0,7.61336279E+0,
636.00,0.00000000E+0,3.05559707E+0,
636.500,0.00000000E+0,1.54612362E+0,
637.00,7.02227163E+0,1.24374294E+1,
637.500,7.08400869E+0,7.85727882E+0,
638.00,4.72830439E+0,9.47738934E+0,
638.500,7.14725542E+0,0.00000000E+0,
639.00,0.00000000E+0,8.02343178E+0,
639.500,7.30948019E+0,6.49619627E+0,
640.00,2.45882273E+0,8.20093918E+0,
640.500,1.73414993E+1,9.89791393E+0,
641.00,1.24521618E+1,6.68199158E+0,
641.500,-2.51579332E+0,8.41893196E+0,
642.00,0.00000000E+0,3.37294412E+0,
642.500,1.02353439E+1,5.12526226E+0,
643.00,5.16054964E+0,5.15155268E+0,
643.500,2.59910607E+0,1.39013882E+1,
644.00,2.62994313E+0,6.99949503E+0,
644.500,-5.29049492E+0,7.04266977E+0,
645.00,5.35439157E+0,8.91861153E+0,
645.500,0.00000000E+0,7.19654465E+0,
646.00,-2.71949506E+0,0.00000000E+0,
646.500,5.49209499E+0,3.65918207E+0,
647.00,2.76163554E+0,3.70189023E+0,
647.500,0.00000000E+0,9.31102085E+0,
648.00,5.63213301E+0,0.00000000E+0,
648.500,0.00000000E+0,1.89307868E+0,
649.00,-5.73703671E+0,3.84799004E+0,
649.500,0.00000000E+0,9.67174816E+0,
650.00,0.00000000E+0,1.95073605E+0,
650.500,8.86473560E+0,1.37926617E+1,
651.00,2.97875381E+0,7.95700788E+0,
651.500,0.00000000E+0,0.00000000E+0,
652.00,0.00000000E+0,0.00000000E+0,
652.500,6.15690565E+0,8.20027828E+0,
653.00,3.08987188E+0,4.12074518E+0,
653.500,6.24926758E+0,2.08675265E+0,
654.00,6.28734446E+0,4.18990660E+0,
654.500,0.00000000E+0,4.24125099E+0,
655.00,2.90431995E+1,6.45324230E+0,
655.500,3.25594306E+0,0.00000000E+0,
656.00,-3.26991320E+0,6.58257103E+0,
656.500,1.65289993E+1,4.42290068E+0,
657.00,1.33890676E+1,4.46712255E+0,
657.500,2.02816505E+1,1.12933559E+1,
658.00,1.37364912E+1,0.00000000E+0,
658.500,6.92372227E+0,6.92849970E+0,
659.00,1.39723587E+1,0.00000000E+0,
659.500,-3.53204393E+0,9.40925884E+0,
660.00,1.07392845E+1,9.52123165E+0,
660.500,3.61656880E+0,2.40928435E+0,
661.00,7.35733747E+0,-2.44983959E+0,
661.500,1.48044558E+1,1.48500366E+1,
662.00,7.52928352E+0,7.50869179E+0,
662.500,7.66507006E+0,1.02128696E+1,
663.00,2.71762943E+1,7.75684261E+0,
663.500,1.18462620E+1,5.26631165E+0,
664.00,8.00052452E+0,1.33747244E+1,
664.500,2.43678093E+1,-2.71764565E+0,
665.00,1.66105976E+1,1.10591850E+1,
665.500,0.00000000E+0,0.00000000E+0,
666.00,4.26941299E+0,1.42218714E+1,
666.500,1.29926853E+1,-2.88419342E+0,
667.00,0.00000000E+0,8.71997643E+0,
667.500,3.51210365E+1,1.76564636E+1,
668.00,2.23294735E+1,0.00000000E+0,
668.500,2.23392639E+1,8.97574139E+0,
669.00,0.00000000E+0,0.00000000E+0,
669.500,1.34601793E+1,0.00000000E+0,
670.00,2.70348339E+1,-2.99852252E+0,
670.500,1.80021095E+1,1.79818478E+1,
671.00,3.16717224E+1,9.04255867E+0,
671.500,1.35312328E+1,1.20516090E+1,
672.00,2.72269707E+1,9.06630898E+0,
672.500,4.09570236E+1,0.00000000E+0,
673.00,1.35375652E+1,0.00000000E+0,
673.500,2.27088947E+1,3.03232431E+0,
674.00,5.44939575E+1,6.05207682E+0,
674.500,3.18573494E+1,3.03805614E+0,
675.00,1.36931925E+1,6.07493114E+0,
675.500,1.82973423E+1,3.05187440E+0,
676.00,1.37229528E+1,0.00000000E+0,
676.500,3.68411522E+1,0.00000000E+0,
677.00,5.50481720E+1,0.00000000E+0,
677.500,4.13931961E+1,0.00000000E+0,
678.00,3.22832146E+1,0.00000000E+0,
678.500,4.17575836E+1,6.16250229E+0,
679.00,4.16747398E+1,3.08798528E+0,
679.500,2.78886909E+1,6.18420410E+0,
680.00,3.78829994E+1,9.48603725E+0,
680.500,4.75783424E+1,3.15972877E+0,
681.00,2.86423588E+1,0.00000000E+0,
681.500,2.87266693E+1,0.00000000E+0,
682.00,5.27477646E+1,3.18549156E+0,
682.500,5.29268837E+1,3.22009397E+0,
683.00,6.26633377E+1,3.20199871E+0,
683.500,3.88744659E+1,6.44224215E+0,
684.00,4.35759773E+1,-3.23651195E+0,
684.500,7.29385529E+1,-3.25814223E+0,
685.00,4.40367928E+1,3.26336765E+0,
685.500,5.38687286E+1,-3.26181531E+0,
686.00,8.84587250E+1,0.00000000E+0,
686.500,2.47695293E+1,-3.29821968E+0,
687.00,6.44161530E+1,0.00000000E+0,
687.500,5.51617661E+1,0.00000000E+0,
688.00,7.48951416E+1,0.00000000E+0,
688.500,4.02481995E+1,0.00000000E+0,
689.00,6.55798950E+1,-3.36363912E+0,
689.500,6.08517990E+1,1.01414213E+1,
690.00,7.13507614E+1,-3.38308406E+0,
690.500,7.64948730E+1,0.00000000E+0,
691.00,8.77282562E+1,6.82905483E+0,
691.500,4.64595718E+1,6.90370417E+0,
692.00,4.68496857E+1,1.03864765E+1,
692.500,7.80978546E+1,3.48055339E+0,
693.00,1.20771568E+2,7.01459837E+0,
693.500,1.21561760E+2,0.00000000E+0,
694.00,1.27601540E+2,0.00000000E+0,
694.500,1.07018753E+2,-3.57246447E+0,
695.00,1.50888809E+2,0.00000000E+0,
695.500,1.13712700E+2,-3.61978078E+0,
696.00,1.52885010E+2,0.00000000E+0,
696.500,8.22618103E+1,-3.66106868E+0,
697.00,2.15931519E+2,7.39309454E+0,
697.500,1.44363220E+2,7.39553070E+0,
698.00,1.56616394E+2,3.73591423E+0,
698.500,1.29514343E+2,-3.75449681E+0,
699.00,1.24931282E+2,-3.77099013E+0,
699.500,1.53723541E+2,0.00000000E+0,
700.00,9.79523773E+1,0.00000000E+0,
700.500,2.02723099E+2,-3.85771585E+0,
701.00,1.45686417E+2,0.00000000E+0,
701.500,1.40664108E+2,0.00000000E+0,
702.00,2.30331940E+2,7.85230350E+0,
702.500,1.36392548E+2,0.00000000E+0,
703.00,1.50408218E+2,1.59694920E+1,
703.500,1.26802567E+2,-4.04508257E+0,
704.00,1.75929855E+2,8.13559151E+0,
704.500,2.03626144E+2,4.08832884E+0,
705.00,1.97561905E+2,8.23850727E+0,
705.500,1.81211166E+2,-4.15308714E+0,
706.00,1.63748672E+2,-4.17894268E+0,
706.500,1.64669479E+2,2.95063076E+1,
707.00,1.66646225E+2,8.47766685E+0,
707.500,1.91987381E+2,4.27064085E+0,
708.00,1.61898804E+2,-4.30765581E+0,
708.500,1.82916153E+2,-4.35823965E+0,
709.00,2.16632782E+2,0.00000000E+0,
709.500,1.92387024E+2,0.00000000E+0,
710.00,1.66430481E+2,8.93088913E+0,
710.500,2.42390686E+2,-4.50356340E+0,
711.00,1.97169220E+2,-4.53883839E+0,
711.500,2.53814987E+2,-4.57061720E+0,
712.00,2.20607117E+2,0.00000000E+0,
712.500,2.08704880E+2,-4.63750410E+0,
713.00,1.54651184E+2,0.00000000E+0,
713.500,2.40551956E+2,-4.71952057E+0,
714.00,3.00180542E+2,1.43665781E+1,
714.500,2.59188141E+2,9.61376095E+0,
715.00,2.67796295E+2,-4.83871269E+0,
715.500,2.64116364E+2,0.00000000E+0,
716.00,2.74988068E+2,-4.92044926E+0,
716.500,2.39355759E+2,9.97093487E+0,
717.00,2.26378159E+2,0.00000000E+0,
717.500,3.13474792E+2,-5.05124760E+0,
718.00,3.24091492E+2,5.11058760E+0,
718.500,3.63767334E+2,5.17027950E+0,
719.00,2.42098160E+2,-5.19309330E+0,
719.500,3.00757324E+2,0.00000000E+0,
720.00,3.41490326E+2,-5.29742241E+0,
720.500,2.41094559E+2,-5.34808779E+0,
721.00,2.93265839E+2,-5.40842962E+0,
721.500,3.11570557E+2,0.00000000E+0,
722.00,3.06647156E+2,0.00000000E+0,
722.500,3.26110687E+2,1.10956078E+1,
723.00,3.69220520E+2,0.00000000E+0,
723.500,2.97330109E+2,0.00000000E+0,
724.00,2.57082916E+2,-5.68757963E+0,
724.500,3.71597107E+2,-5.76885843E+0,
725.00,3.85177338E+2,-5.81135845E+0,
725.500,3.97981049E+2,5.88013458E+0,
726.00,3.37829681E+2,0.00000000E+0,
726.500,3.23245300E+2,0.00000000E+0,
727.00,2.62500122E+2,1.20539198E+1,
727.500,3.84144897E+2,6.09073400E+0,
728.00,2.49195175E+2,0.00000000E+0,
728.500,5.14682861E+2,-6.20875978E+0,
729.00,3.96318146E+2,0.00000000E+0,
729.500,3.70400604E+2,0.00000000E+0,
730.00,3.05922028E+2,6.42146349E+0,
730.500,3.18815674E+2,0.00000000E+0,
731.00,2.96273102E+2,2.60431194E+1,
731.500,3.75845276E+2,6.60315847E+0,
732.00,3.78706543E+2,-6.66924715E+0,
732.500,4.15133118E+2,2.02493744E+1,
733.00,4.06752838E+2,-6.78278160E+0,
733.500,3.69593903E+2,-6.88269234E+0,
734.00,3.21745331E+2,0.00000000E+0,
734.500,3.34811920E+2,7.01666260E+0,
735.00,3.28545502E+2,-7.05594587E+0,
735.500,4.40282318E+2,7.15756845E+0,
736.00,3.24880341E+2,0.00000000E+0,
736.500,3.82535797E+2,0.00000000E+0,
737.00,4.32242218E+2,0.00000000E+0,
737.500,3.01488037E+2,0.00000000E+0,
738.00,4.07093933E+2,0.00000000E+0,
738.500,2.39418991E+2,-7.59914255E+0,
739.00,3.90923920E+2,-7.64186001E+0,
739.500,3.37049042E+2,0.00000000E+0,
740.00,3.87948517E+2,0.00000000E+0,
740.500,4.29697571E+2,-7.93025017E+0,
741.00,5.39516479E+2,0.00000000E+0,
741.500,4.82932434E+2,8.09701061E+0,
742.00,4.42229370E+2,-8.16474152E+0,
742.500,3.09966949E+2,0.00000000E+0,
743.00,4.99397766E+2,-8.32908440E+0,
743.500,5.17145203E+2,1.69102421E+1,
744.00,5.34844543E+2,8.48715115E+0,
744.500,5.41339172E+2,-8.64054394E+0,
745.00,5.34452148E+2,0.00000000E+0,
745.500,4.49040771E+2,1.75955219E+1,
746.00,3.33134552E+2,-8.87796402E+0,
746.500,4.15788055E+2,-8.97263527E+0,
747.00,4.35442413E+2,9.08079338E+0,
747.500,5.09952301E+2,0.00000000E+0,
748.00,5.54677368E+2,-9.27365971E+0,
748.500,4.48487823E+2,9.35577393E+0,
749.00,4.40575989E+2,9.44872761E+0,
749.500,3.01565887E+2,-9.54363918E+0,
750.00,3.33151306E+2,-9.65813541E+0,
750.500,4.71126709E+2,-9.75395966E+0,
751.00,4.14982483E+2,0.00000000E+0,
751.500,5.53501892E+2,-9.98897743E+0,
752.00,3.79082947E+2,-1.00636511E+1,
752.500,4.41735840E+2,-1.02319031E+1,
753.00,3.70464752E+2,-1.03120775E+1,
753.500,5.16018250E+2,0.00000000E+0,
754.00,4.89895386E+2,0.00000000E+0,
754.500,5.28170227E+2,0.00000000E+0,
755.00,5.15336548E+2,-1.07907543E+1,
755.500,6.05077637E+2,-1.09089804E+1,
756.00,4.95951813E+2,3.29609528E+1,
756.500,4.67335419E+2,0.00000000E+0,
757.00,4.72283112E+2,1.12569046E+1,
757.500,6.49060852E+2,1.13554506E+1,
758.00,6.07022644E+2,-1.14539061E+1,
758.500,4.20139008E+2,0.00000000E+0,
759.00,7.21921753E+2,-1.17676535E+1,
759.500,4.10585419E+2,-1.19179010E+1,
760.00,4.32908112E+2,1.20107336E+1,
760.500,5.67583923E+2,0.00000000E+0,
761.00,4.83084320E+2,-1.22876511E+1,
761.500,3.92585693E+2,0.00000000E+0,
762.00,6.40470459E+2,2.52807789E+1,
762.500,6.49764832E+2,0.00000000E+0,
763.00,5.75681885E+2,0.00000000E+0,
763.500,5.46218201E+2,0.00000000E+0,
764.00,5.52746399E+2,0.00000000E+0,
764.500,5.18676819E+2,-1.32770891E+1,
765.00,4.84884460E+2,-1.34457617E+1,
765.500,5.08360382E+2,-1.35901251E+1,
766.00,4.93750732E+2,-1.37783337E+1,
766.500,5.42380188E+2,-1.38264351E+1,
767.00,4.62626984E+2,-1.40326195E+1,
767.500,7.25101196E+2,0.00000000E+0,
768.00,4.08781006E+2,1.43199759E+1,
768.500,4.79095154E+2,-1.43903809E+1,
769.00,5.03521973E+2,-1.46563158E+1,
769.500,8.22464783E+2,-1.47946520E+1,
770.00,6.50166199E+2,2.99058056E+1,
770.500,5.20264404E+2,-1.50809402E+1,
771.00,4.59291779E+2,0.00000000E+0,
771.500,4.17510468E+2,-1.53911791E+1,
772.00,4.91725189E+2,0.00000000E+0,
772.500,5.93466187E+2,-1.57510080E+1,
773.00,4.54503052E+2,3.19477196E+1,
773.500,2.17431290E+2,0.00000000E+0,
774.00,5.38926025E+2,3.26526794E+1,
774.500,5.93747253E+2,1.65501518E+1,
775.00,5.26106323E+2,-1.66640797E+1,
775.500,4.81796967E+2,-1.68649216E+1,
776.00,5.87602417E+2,0.00000000E+0,
776.500,5.69907654E+2,0.00000000E+0,
777.00,5.46938232E+2,-1.74400005E+1,
777.500,3.68473389E+2,1.76182747E+1,
778.00,6.94878113E+2,1.77729225E+1,
778.500,3.51133453E+2,0.00000000E+0,
779.00,4.35170837E+2,-1.81358833E+1,
779.500,4.14770752E+2,0.00000000E+0,
780.00,7.51134644E+2,-1.85016727E+1,
780.500,4.80142670E+2,-1.88077164E+1,
781.00,3.98888306E+2,-1.91006069E+1,
781.500,5.74676331E+2,0.00000000E+0,
782.00,6.43621521E+2,-1.95047722E+1,
782.500,5.29154480E+2,3.92439346E+1,
783.00,5.64574524E+2,0.00000000E+0,
783.500,4.82044708E+2,-2.00560665E+1,
784.00,4.59058350E+2,2.03727512E+1,
784.500,5.85411865E+2,2.05430946E+1,
785.00,8.11910828E+2,-2.06926746E+1,
785.500,2.50542496E+2,2.08925552E+1,
786.00,7.92045288E+2,-2.11353703E+1,
786.500,5.78191345E+2,0.00000000E+0,
787.00,6.12669800E+2,0.00000000E+0,
787.500,4.91473206E+2,0.00000000E+0,
788.00,3.98161896E+2,4.41393547E+1,
788.500,6.34252930E+2,-2.23483295E+1,
789.00,6.42738770E+2,-2.25548267E+1,
789.500,7.20262878E+2,-2.28398228E+1,
790.00,5.53144043E+2,-2.30070076E+1,
790.500,4.92602905E+2,-2.33166161E+1,
791.00,3.53678040E+2,-2.36554279E+1,
791.500,4.64702820E+2,0.00000000E+0,
792.00,5.76207214E+2,4.81040726E+1,
792.500,5.08637451E+2,0.00000000E+0,
793.00,4.41976074E+2,-2.45310783E+1,
793.500,5.21404785E+2,-2.47735500E+1,
794.00,4.49726379E+2,-2.51148090E+1,
794.500,4.94548553E+2,2.53499813E+1,
795.00,1.91620361E+2,0.00000000E+0,
795.500,7.74031067E+2,-2.58633022E+1,
796.00,7.86368774E+2,0.00000000E+0,
796.500,5.93564453E+2,0.00000000E+0,
797.00,5.58430969E+2,0.00000000E+0,
797.500,8.88098450E+2,0.00000000E+0,
798.00,4.90026886E+2,-2.71163769E+1,
798.500,3.29050201E+2,0.00000000E+0,
799.00,7.87439453E+2,2.77980690E+1,
799.500,5.90554016E+2,-2.80344334E+1,
800.00,6.34519043E+2,5.64817123E+1,
800.500,5.17010559E+2,0.00000000E+0,
801.00,3.91050964E+2,2.89598141E+1,
801.500,3.94887146E+2,-2.91871891E+1,
802.00,2.66217468E+2,0.00000000E+0,
802.500,3.58037628E+2,0.00000000E+0,
803.00,1.35190857E+2,-3.00688076E+1,
803.500,7.73637817E+2,-3.04378052E+1,
804.00,7.34432190E+2,1.22723091E+2,
804.500,2.78118439E+2,0.00000000E+0,
805.00,5.63297363E+2,-3.13092976E+1,
805.500,9.43899170E+2,0.00000000E+0,
806.00,5.74021179E+2,0.00000000E+0,
806.500,7.24238831E+2,0.00000000E+0,
807.00,7.37877197E+2,-3.26726723E+1,
807.500,4.44547974E+2,-3.31293297E+1,
808.00,6.48924133E+2,0.00000000E+0,
808.500,8.57397156E+2,-3.36432610E+1,
809.00,5.62273254E+2,6.80894241E+1,
809.500,6.67614624E+2,0.00000000E+0,
810.00,4.69341431E+2,0.00000000E+0,
810.500,5.26346741E+2,-3.50883408E+1,
811.00,4.79738800E+2,0.00000000E+0,
811.500,7.53569885E+2,-3.60289803E+1,
812.00,4.38357880E+2,0.00000000E+0,
812.500,3.31687225E+2,0.00000000E+0,
813.00,5.59714905E+2,3.72680321E+1,
813.500,5.13472534E+2,-3.78377037E+1,
814.00,9.22884705E+2,3.83391685E+1,
814.500,4.07889587E+2,-3.89844589E+1,
815.00,2.96137665E+2,0.00000000E+0,
815.500,8.43306824E+2,-4.00547752E+1,
816.00,7.30358765E+2,-4.07098732E+1,
816.500,6.19108093E+2,-4.12556419E+1,
817.00,6.26515625E+2,0.00000000E+0,
817.500,2.55337296E+2,0.00000000E+0,
818.00,1.29361893E+2,4.32688255E+1,
818.500,5.24509216E+2,0.00000000E+0,
819.00,2.00309204E+2,0.00000000E+0,
819.500,1.35932373E+2,4.54592323E+1,
820.00,4.84021210E+2,0.00000000E+0,
820.500,5.64756836E+2,-4.70067635E+1,
821.00,2.16502914E+2,-4.78157539E+1,
821.500,4.39229187E+2,-4.88637962E+1,
822.00,3.72845947E+2,-4.98975105E+1,
822.500,7.63179810E+2,5.08609276E+1,
823.00,3.11722992E+2,5.19514046E+1,
823.500,4.00444672E+2,1.06087761E+2,
824.00,4.08715485E+2,-5.45129356E+1,
824.500,4.19237762E+2,0.00000000E+0,
825.00,5.14318665E+2,5.73170319E+1,
825.500,3.51593750E+2,1.75988937E+2,
826.00,0.00000000E+0,-6.02040062E+1,
826.500,1.20406421E+3,-6.18683586E+1,
827.00,1.90429382E+2,1.27475899E+2,
827.500,7.82040344E+2,3.91524475E+2,
828.00,3.03930237E+2,-6.73264160E+1,
828.500,4.17881195E+2,-6.94234924E+1,
829.00,0.00000000E+0,-7.15719757E+1,
829.500,2.21510712E+2,1.48586655E+2,
830.00,4.61344269E+2,0.00000000E+0,
