Labels,75,
Type,Emission Scan,
Comment,,
Start,600.00,
Stop,1200.00,
Step,1.00,
Fixed/Offset,445.00,
Xaxis,Wavelength,
Yaxis,Counts,
Scan Corr. by File,True,
Corr. by Ref. Det.,True,
Fixed/Offset Corr. by File,False,
Repeats,1,
Dwell Time,0.10,
Lamp,Xenon,
Temp,28.550,
Scan Polariser,None,
Scan Slit,3.4999192,
Fixed/Offset Polariser,None,
Fixed/Offset Slit,3.4999833,
Detector,Det2,

600.00,1.40437531E+2,
601.00,-1.47360611E+2,
602.00,-1.76432362E+1,
603.00,1.69784714E+2,
604.00,-2.14968033E+1,
605.00,-2.22565231E+2,
606.00,3.70642303E+2,
607.00,4.50939026E+2,
608.00,1.78951187E+2,
609.00,1.65276291E+2,
610.00,-3.21948242E+1,
611.00,7.16331787E+2,
612.00,3.23213959E+2,
613.00,3.58205383E+2,
614.00,1.27826843E+2,
615.00,4.19920013E+2,
616.00,5.27091125E+2,
617.00,1.65789627E+2,
618.00,4.04262207E+2,
619.00,2.02467133E+2,
620.00,6.91553450E+0,
621.00,3.38744263E+2,
622.00,4.03601105E+2,
623.00,2.30724579E+2,
624.00,5.31815369E+2,
625.00,4.20343170E+2,
626.00,7.01636963E+2,
627.00,6.07027283E+2,
628.00,3.26224670E+2,
629.00,6.53951721E+2,
630.00,7.91070679E+2,
631.00,7.72033203E+2,
632.00,5.77943909E+2,
633.00,7.13219360E+2,
634.00,9.11730408E+2,
635.00,7.87726135E+2,
636.00,1.04593555E+3,
637.00,9.11240845E+2,
638.00,1.31649316E+3,
639.00,1.38220313E+3,
640.00,9.77996643E+2,
641.00,1.19569080E+3,
642.00,1.61938318E+3,
643.00,1.36851001E+3,
644.00,1.50487878E+3,
645.00,1.70933252E+3,
646.00,1.86471973E+3,
647.00,2.12149316E+3,
648.00,2.25922876E+3,
649.00,2.31658569E+3,
650.00,2.62549390E+3,
651.00,2.63803833E+3,
652.00,2.98043457E+3,
653.00,3.32832251E+3,
654.00,3.61443555E+3,
655.00,3.77176392E+3,
656.00,4.01287109E+3,
657.00,4.37272021E+3,
658.00,4.68543457E+3,
659.00,4.97705664E+3,
660.00,5.20812988E+3,
661.00,5.76122119E+3,
662.00,6.21187012E+3,
663.00,6.75339160E+3,
664.00,6.93985303E+3,
665.00,7.45602588E+3,
666.00,7.89714648E+3,
667.00,8.58403125E+3,
668.00,9.39979980E+3,
669.00,9.83234570E+3,
670.00,1.05666016E+4,
671.00,1.09662744E+4,
672.00,1.14494053E+4,
673.00,1.30581230E+4,
674.00,1.34813848E+4,
675.00,1.43922705E+4,
676.00,1.56084580E+4,
677.00,1.75785332E+4,
678.00,1.80854844E+4,
679.00,1.93134727E+4,
680.00,2.05281523E+4,
681.00,2.19827656E+4,
682.00,2.34732227E+4,
683.00,2.50385684E+4,
684.00,2.69030352E+4,
685.00,2.84383242E+4,
686.00,2.99195723E+4,
687.00,3.15321523E+4,
688.00,3.28020703E+4,
689.00,3.42196719E+4,
690.00,3.68249219E+4,
691.00,3.95060391E+4,
692.00,4.36961953E+4,
693.00,4.58672930E+4,
694.00,4.86977070E+4,
695.00,5.14967813E+4,
696.00,5.41340781E+4,
697.00,5.67502852E+4,
698.00,5.98269688E+4,
699.00,6.16677539E+4,
700.00,6.36899922E+4,
701.00,6.59121328E+4,
702.00,6.92290156E+4,
703.00,7.12800234E+4,
704.00,7.42588438E+4,
705.00,7.72362266E+4,
706.00,8.02695000E+4,
707.00,8.33265000E+4,
708.00,8.79709766E+4,
709.00,9.04270469E+4,
710.00,9.56337266E+4,
711.00,9.71486406E+4,
712.00,1.01177258E+5,
713.00,1.04607117E+5,
714.00,1.07881719E+5,
715.00,1.12416430E+5,
716.00,1.15775492E+5,
717.00,1.17920172E+5,
718.00,1.18365164E+5,
719.00,1.23392531E+5,
720.00,1.26088211E+5,
721.00,1.28301727E+5,
722.00,1.32182172E+5,
723.00,1.32966328E+5,
724.00,1.36200500E+5,
725.00,1.39676469E+5,
726.00,1.42022438E+5,
727.00,1.44605563E+5,
728.00,1.47949938E+5,
729.00,1.51041563E+5,
730.00,1.54270906E+5,
731.00,1.56566266E+5,
732.00,1.59927359E+5,
733.00,1.60852125E+5,
734.00,1.62816609E+5,
735.00,1.67005000E+5,
736.00,1.68949672E+5,
737.00,1.71556563E+5,
738.00,1.73556016E+5,
739.00,1.74709000E+5,
740.00,1.78793203E+5,
741.00,1.81321672E+5,
742.00,1.83245484E+5,
743.00,1.85652078E+5,
744.00,1.88625609E+5,
745.00,1.90862469E+5,
746.00,1.91680734E+5,
747.00,1.95905391E+5,
748.00,1.97795250E+5,
749.00,1.99328359E+5,
750.00,2.01869500E+5,
751.00,2.03183641E+5,
752.00,2.05239641E+5,
753.00,2.08025141E+5,
754.00,2.08319031E+5,
755.00,2.11650203E+5,
756.00,2.13578125E+5,
757.00,2.16688891E+5,
758.00,2.15431125E+5,
759.00,2.18068703E+5,
760.00,2.18871047E+5,
761.00,2.20831703E+5,
762.00,2.22344688E+5,
763.00,2.23609516E+5,
764.00,2.24585438E+5,
765.00,2.29370672E+5,
766.00,2.30218641E+5,
767.00,2.28633500E+5,
768.00,2.30546000E+5,
769.00,2.32119750E+5,
770.00,2.32935719E+5,
771.00,2.34506781E+5,
772.00,2.34493031E+5,
773.00,2.34914344E+5,
774.00,2.36888906E+5,
775.00,2.37700891E+5,
776.00,2.38952766E+5,
777.00,2.37042703E+5,
778.00,2.38431109E+5,
779.00,2.39310719E+5,
780.00,2.40093281E+5,
781.00,2.40029078E+5,
782.00,2.40647578E+5,
783.00,2.41099688E+5,
784.00,2.43119625E+5,
785.00,2.42468531E+5,
786.00,2.41000219E+5,
787.00,2.41502438E+5,
788.00,2.41121391E+5,
789.00,2.42108219E+5,
790.00,2.40275359E+5,
791.00,2.41660953E+5,
792.00,2.40678141E+5,
793.00,2.38048938E+5,
794.00,2.39050094E+5,
795.00,2.40584500E+5,
796.00,2.37702766E+5,
797.00,2.40132125E+5,
798.00,2.37687219E+5,
799.00,2.38395734E+5,
800.00,2.36507313E+5,
801.00,2.36208375E+5,
802.00,2.35492125E+5,
803.00,2.35631016E+5,
804.00,2.35979016E+5,
805.00,2.33926156E+5,
806.00,2.33313656E+5,
807.00,2.31960750E+5,
808.00,2.31725313E+5,
809.00,2.31126375E+5,
810.00,2.30167484E+5,
811.00,2.29027828E+5,
812.00,2.29158703E+5,
813.00,2.28853047E+5,
814.00,2.25937734E+5,
815.00,2.25685813E+5,
816.00,2.23570844E+5,
817.00,2.22516656E+5,
818.00,2.22891391E+5,
819.00,2.22105953E+5,
820.00,2.20584547E+5,
821.00,2.19479219E+5,
822.00,2.16969750E+5,
823.00,2.15689406E+5,
824.00,2.14419125E+5,
825.00,2.14428766E+5,
826.00,2.09716859E+5,
827.00,2.11568313E+5,
828.00,2.09580266E+5,
829.00,2.06900297E+5,
830.00,2.07526219E+5,
831.00,2.04324656E+5,
832.00,2.05352547E+5,
833.00,2.01928781E+5,
834.00,2.00995938E+5,
835.00,1.99934063E+5,
836.00,1.97341547E+5,
837.00,1.98301047E+5,
838.00,1.95640531E+5,
839.00,1.94216656E+5,
840.00,1.92650313E+5,
841.00,1.91433938E+5,
842.00,1.90420078E+5,
843.00,1.88210344E+5,
844.00,1.87209250E+5,
845.00,1.86476578E+5,
846.00,1.84119547E+5,
847.00,1.82326109E+5,
848.00,1.80465500E+5,
849.00,1.79574844E+5,
850.00,1.77875234E+5,
851.00,1.75352094E+5,
852.00,1.74481500E+5,
853.00,1.73959609E+5,
854.00,1.72385547E+5,
855.00,1.70096656E+5,
856.00,1.69543359E+5,
857.00,1.67076500E+5,
858.00,1.64857516E+5,
859.00,1.64281844E+5,
860.00,1.61083516E+5,
861.00,1.60003125E+5,
862.00,1.59963875E+5,
863.00,1.58057969E+5,
864.00,1.56013031E+5,
865.00,1.54145125E+5,
866.00,1.54453859E+5,
867.00,1.51308391E+5,
868.00,1.49154469E+5,
869.00,1.48033656E+5,
870.00,1.47290156E+5,
871.00,1.45726203E+5,
872.00,1.43931641E+5,
873.00,1.42477875E+5,
874.00,1.42036172E+5,
875.00,1.40007516E+5,
876.00,1.37592016E+5,
877.00,1.36652297E+5,
878.00,1.34637922E+5,
879.00,1.33095719E+5,
880.00,1.32501531E+5,
881.00,1.31566797E+5,
882.00,1.29741414E+5,
883.00,1.27275719E+5,
884.00,1.25983852E+5,
885.00,1.24848859E+5,
886.00,1.24567117E+5,
887.00,1.22645813E+5,
888.00,1.22469766E+5,
889.00,1.20561117E+5,
890.00,1.18063109E+5,
891.00,1.16898320E+5,
892.00,1.15558391E+5,
893.00,1.15205242E+5,
894.00,1.13679445E+5,
895.00,1.12198148E+5,
896.00,1.11058203E+5,
897.00,1.09668672E+5,
898.00,1.07811836E+5,
899.00,1.07271039E+5,
900.00,1.05660797E+5,
901.00,1.04423508E+5,
902.00,1.03083586E+5,
903.00,1.02462070E+5,
904.00,1.01347797E+5,
905.00,1.00161016E+5,
906.00,9.95795313E+4,
907.00,9.81234531E+4,
908.00,9.70600000E+4,
909.00,9.54805703E+4,
910.00,9.43808203E+4,
911.00,9.39158281E+4,
912.00,9.29811484E+4,
913.00,9.20261484E+4,
914.00,9.05407734E+4,
915.00,8.95336797E+4,
916.00,8.81168438E+4,
917.00,8.72618516E+4,
918.00,8.66697266E+4,
919.00,8.49363516E+4,
920.00,8.32633906E+4,
921.00,8.27210078E+4,
922.00,8.13732656E+4,
923.00,8.07151094E+4,
924.00,8.00532422E+4,
925.00,7.92848438E+4,
926.00,7.79870234E+4,
927.00,7.67389844E+4,
928.00,7.59409375E+4,
929.00,7.47693672E+4,
930.00,7.31451094E+4,
931.00,7.24022031E+4,
932.00,7.17251250E+4,
933.00,7.10242969E+4,
934.00,7.02987656E+4,
935.00,6.94166797E+4,
936.00,6.82842188E+4,
937.00,6.74973438E+4,
938.00,6.70752656E+4,
939.00,6.56234766E+4,
940.00,6.50329375E+4,
941.00,6.39352695E+4,
942.00,6.30408594E+4,
943.00,6.26448203E+4,
944.00,6.17957461E+4,
945.00,6.10042266E+4,
946.00,5.99067500E+4,
947.00,5.87352813E+4,
948.00,5.82548672E+4,
949.00,5.74383633E+4,
950.00,5.66570117E+4,
951.00,5.59145469E+4,
952.00,5.53278320E+4,
953.00,5.44680391E+4,
954.00,5.37700703E+4,
955.00,5.33223359E+4,
956.00,5.24394805E+4,
957.00,5.17060586E+4,
958.00,5.07070508E+4,
959.00,5.01908398E+4,
960.00,4.92409570E+4,
961.00,4.86049961E+4,
962.00,4.83553711E+4,
963.00,4.77959922E+4,
964.00,4.68165352E+4,
965.00,4.59430117E+4,
966.00,4.55697188E+4,
967.00,4.54103789E+4,
968.00,4.45214414E+4,
969.00,4.39994531E+4,
970.00,4.34431406E+4,
971.00,4.30134219E+4,
972.00,4.24144609E+4,
973.00,4.21640547E+4,
974.00,4.13710703E+4,
975.00,4.10550977E+4,
976.00,4.05278320E+4,
977.00,3.97481094E+4,
978.00,3.94069570E+4,
979.00,3.88144336E+4,
980.00,3.80292188E+4,
981.00,3.77346328E+4,
982.00,3.72003008E+4,
983.00,3.65589922E+4,
984.00,3.62145195E+4,
985.00,3.56089570E+4,
986.00,3.51649492E+4,
987.00,3.48014023E+4,
988.00,3.40811172E+4,
989.00,3.35543438E+4,
990.00,3.29860508E+4,
991.00,3.26136289E+4,
992.00,3.22619043E+4,
993.00,3.18150039E+4,
994.00,3.11738086E+4,
995.00,3.05895781E+4,
996.00,3.03246797E+4,
997.00,2.95316680E+4,
998.00,2.92994277E+4,
999.00,2.90224297E+4,
1000.00,2.85601484E+4,
1001.000,2.82675137E+4,
1002.000,2.78104355E+4,
1003.000,2.73783086E+4,
1004.000,2.69975313E+4,
1005.000,2.63877188E+4,
1006.000,2.59270176E+4,
1007.000,2.57064922E+4,
1008.000,2.53395664E+4,
1009.000,2.49810742E+4,
1010.00,2.48359160E+4,
1011.000,2.43516016E+4,
1012.000,2.38916172E+4,
1013.000,2.34462559E+4,
1014.000,2.31863516E+4,
1015.000,2.29044219E+4,
1016.000,2.25310020E+4,
1017.000,2.22496250E+4,
1018.000,2.20249922E+4,
1019.000,2.15125898E+4,
1020.00,2.12271875E+4,
1021.000,2.08752480E+4,
1022.000,2.05199824E+4,
1023.000,2.01676406E+4,
1024.000,1.99459629E+4,
1025.000,1.96312754E+4,
1026.000,1.93946953E+4,
1027.000,1.91759727E+4,
1028.000,1.88072695E+4,
1029.000,1.87094004E+4,
1030.00,1.82902695E+4,
1031.000,1.79209766E+4,
1032.000,1.78426992E+4,
1033.000,1.75467383E+4,
1034.000,1.73276992E+4,
1035.000,1.70644297E+4,
1036.000,1.67368105E+4,
1037.000,1.64310762E+4,
1038.000,1.63655439E+4,
1039.000,1.61710000E+4,
1040.00,1.58589648E+4,
1041.000,1.57364912E+4,
1042.000,1.54125674E+4,
1043.000,1.51319824E+4,
1044.000,1.49082119E+4,
1045.000,1.46041934E+4,
1046.000,1.44712510E+4,
1047.000,1.42651377E+4,
1048.000,1.40257412E+4,
1049.000,1.37492549E+4,
1050.00,1.35691807E+4,
1051.000,1.34492070E+4,
1052.000,1.32301641E+4,
1053.000,1.30709434E+4,
1054.000,1.30516094E+4,
1055.000,1.26198301E+4,
1056.000,1.24325635E+4,
1057.000,1.22369688E+4,
1058.000,1.21686729E+4,
1059.000,1.18392676E+4,
1060.00,1.16569453E+4,
1061.000,1.16165723E+4,
1062.000,1.14159648E+4,
1063.000,1.12470713E+4,
1064.000,1.11928018E+4,
1065.000,1.08149131E+4,
1066.000,1.06867256E+4,
1067.000,1.05080947E+4,
1068.000,1.04040684E+4,
1069.000,1.03126875E+4,
1070.00,1.00991846E+4,
1071.000,9.86525488E+3,
1072.000,9.68656543E+3,
1073.000,9.57940527E+3,
1074.000,9.52649805E+3,
1075.000,9.26481543E+3,
1076.000,9.07481055E+3,
1077.000,9.01162891E+3,
1078.000,8.93503125E+3,
1079.000,8.90919141E+3,
1080.00,8.71572559E+3,
1081.000,8.45585840E+3,
1082.000,8.43707129E+3,
1083.000,8.35852637E+3,
1084.000,8.16841602E+3,
1085.000,7.89579346E+3,
1086.000,7.93942432E+3,
1087.000,7.84929297E+3,
1088.000,7.64108301E+3,
1089.000,7.46351660E+3,
1090.00,7.42053320E+3,
1091.000,7.35776953E+3,
1092.000,7.25342236E+3,
1093.000,7.10942529E+3,
1094.000,6.96860254E+3,
1095.000,6.86591846E+3,
1096.000,6.85417432E+3,
1097.000,6.76199023E+3,
1098.000,6.72478174E+3,
1099.000,6.51468945E+3,
1100.00,6.29575439E+3,
1101.000,6.39785742E+3,
1102.000,6.24002344E+3,
1103.000,6.18024658E+3,
1104.000,6.01696045E+3,
1105.000,5.94618359E+3,
1106.000,5.89827148E+3,
1107.000,5.83342822E+3,
1108.000,5.68646875E+3,
1109.000,5.61684668E+3,
1110.00,5.47429297E+3,
1111.000,5.46253809E+3,
1112.000,5.32485693E+3,
1113.000,5.33704980E+3,
1114.000,5.25795264E+3,
1115.000,5.23834863E+3,
1116.000,5.05097217E+3,
1117.000,5.16851025E+3,
1118.000,4.97203076E+3,
1119.000,4.84789355E+3,
1120.00,4.79470410E+3,
1121.000,4.73880127E+3,
1122.000,4.76357031E+3,
1123.000,4.65281543E+3,
1124.000,4.52631885E+3,
1125.000,4.45478906E+3,
1126.000,4.39945068E+3,
1127.000,4.32051221E+3,
1128.000,4.36578857E+3,
1129.000,4.23220361E+3,
1130.00,4.22693701E+3,
1131.000,4.05893970E+3,
1132.000,4.05286572E+3,
1133.000,4.00446411E+3,
1134.000,3.90389648E+3,
1135.000,3.88779102E+3,
1136.000,3.84061914E+3,
1137.000,3.72602856E+3,
1138.000,3.64001099E+3,
1139.000,3.56525244E+3,
1140.00,3.51203662E+3,
1141.000,3.54396143E+3,
1142.000,3.52569287E+3,
1143.000,3.42677661E+3,
1144.000,3.40069092E+3,
1145.000,3.28817847E+3,
1146.000,3.29609399E+3,
1147.000,3.26889038E+3,
1148.000,3.20165845E+3,
1149.000,3.17312158E+3,
1150.00,3.13067700E+3,
1151.000,2.99863794E+3,
1152.000,3.04772021E+3,
1153.000,2.97535376E+3,
1154.000,2.87207471E+3,
1155.000,2.91370776E+3,
1156.000,2.90907178E+3,
1157.000,2.78780981E+3,
1158.000,2.77465918E+3,
1159.000,2.74465601E+3,
1160.00,2.76930713E+3,
1161.000,2.63247095E+3,
1162.000,2.71125391E+3,
1163.000,2.52927051E+3,
1164.000,2.59181348E+3,
1165.000,2.52994727E+3,
1166.000,2.46878687E+3,
1167.000,2.46710669E+3,
1168.000,2.38479980E+3,
1169.000,2.38015332E+3,
1170.00,2.39278345E+3,
1171.000,2.27160864E+3,
1172.000,2.30694727E+3,
1173.000,2.22540259E+3,
1174.000,2.27158838E+3,
1175.000,2.23604004E+3,
1176.000,2.20806860E+3,
1177.000,2.16085693E+3,
1178.000,2.08793823E+3,
1179.000,2.07863989E+3,
1180.00,2.04547583E+3,
1181.000,2.04983032E+3,
1182.000,1.98052820E+3,
1183.000,1.95799060E+3,
1184.000,1.94485791E+3,
1185.000,1.89163525E+3,
1186.000,1.83076099E+3,
1187.000,1.81781860E+3,
1188.000,1.83389160E+3,
1189.000,1.76508923E+3,
1190.00,1.74166626E+3,
1191.000,1.76447412E+3,
1192.000,1.73491638E+3,
1193.000,1.75862219E+3,
1194.000,1.70457898E+3,
1195.000,1.59411987E+3,
1196.000,1.67593616E+3,
1197.000,1.62084106E+3,
1198.000,1.59082556E+3,
1199.000,1.57329187E+3,
1200.00,1.58855762E+3,
